16808 16123 8547 8253 6667 7654 5225 4346 3915 3661 2287 2287 2059 1582 1588 1352 1118 941 709 601 575 552 504 442 344 290 210 201 174 143 143 98 87 75 74 56 42 45 32 29 28 21 15 15 13 11 10 8 6 5 4 4 4 3 2 2 2 2 1 1 1 1 1 1
13 5 1 14 11 10 6 8 12 4 9 7 15 2 16 3
4 12 1 11 2 5 7 10 15 9 6 14 8 13 16 3
7 2 4 9 3 12 6 8 5 11 14 15 13 1 10 16
13 14 4 16 9 5 12 3 10 8 15 7 1 2 6 11
7 2 11 9 4 1 15 8 12 5 13 6 14 3 16 10
16 13 5 6 3 9 15 4 10 12 8 11 2 7 14 1
9 2 4 5 16 6 8 7 1 11 3 14 10 13 15 12
4 14 15 9 2 1 12 3 11 10 5 8 13 16 6 7
13 9 2 4 10 12 6 8 5 16 11 15 3 14 1 7
3 4 14 15 7 10 6 13 12 9 5 8 1 2 16 11
12 3 5 16 9 14 1 7 11 8 6 15 13 4 10 2
11 8 12 9 16 3 2 14 5 13 15 10 7 1 4 6
12 11 15 8 9 6 16 7 14 2 4 1 10 3 5 13
7 6 13 4 8 16 15 14 1 10 11 3 9 12 5 2
8 16 1 3 4 2 12 9 11 5 6 15 14 13 7 10
4 8 11 16 2 6 7 14 10 1 15 3 9 5 13 12
16 12 4 15 7 3 9 10 5 8 14 11 13 1 6 2
13 9 2 11 3 10 6 7 1 8 4 14 12 16 5 15
12 6 13 7 16 14 2 8 4 1 11 9 15 5 10 3
9 13 1 5 10 2 15 11 12 16 14 8 7 3 4 6
2 3 4 16 10 5 9 8 1 11 15 6 14 12 13 7
8 9 15 3 14 16 6 4 12 13 5 1 2 7 10 11
11 7 2 6 8 1 16 9 15 12 5 14 3 4 10 13
12 16 13 15 14 9 10 11 5 4 6 8 1 2 7 3
2 3 5 11 7 10 9 6 4 16 8 15 13 1 14 12
13 2 11 7 16 6 12 8 1 5 14 9 10 15 4 3
9 8 1 5 4 14 15 10 11 13 12 6 7 3 16 2
4 12 13 9 3 5 16 7 10 11 8 1 14 2 6 15
9 4 11 8 10 1 2 13 15 16 3 14 12 5 7 6
2 11 4 7 16 6 8 9 14 10 12 3 1 15 5 13
3 8 15 11 2 9 16 10 5 1 12 6 13 4 14 7
11 8 5 16 14 12 9 6 1 2 4 15 10 3 13 7
2 16 5 3 8 10 15 11 4 1 14 9 7 13 6 12
9 12 2 5 7 16 8 6 14 4 15 1 10 3 13 11
4 11 1 6 8 2 10 7 15 13 3 9 14 16 5 12
3 9 2 15 4 5 6 13 10 12 8 14 1 16 7 11
9 2 1 8 14 16 7 4 11 10 5 3 12 15 13 6
11 4 1 3 16 10 12 8 5 9 15 6 2 7 14 13
4 12 11 9 2 3 7 10 1 16 6 8 15 5 14 13
13 16 5 7 14 12 8 9 10 11 4 1 3 2 6 15
3 9 1 16 8 6 2 11 4 12 14 15 10 13 5 7
2 4 5 6 10 16 8 9 11 13 3 14 1 15 7 12
3 12 11 5 7 2 16 10 1 9 14 8 13 15 4 6
9 2 1 15 4 16 12 8 10 11 6 3 7 5 14 13
8 7 15 11 3 2 9 13 5 10 4 1 12 16 14 6
7 4 5 8 10 9 6 11 15 16 12 14 1 3 13 2
13 8 11 5 4 3 7 10 1 16 14 9 15 2 6 12
9 11 5 3 8 10 16 7 14 12 15 6 1 13 4 2
4 16 2 15 7 5 9 8 11 10 12 3 13 1 14 6
3 2 15 16 14 12 7 4 11 9 6 8 10 1 5 13
4 8 1 3 7 6 2 13 10 11 14 9 15 5 16 12
3 9 11 8 14 12 16 13 5 10 6 1 7 15 4 2
13 2 1 5 10 3 8 9 4 11 15 14 12 16 7 6
2 8 5 15 3 9 6 11 14 12 4 10 1 7 16 13
4 16 5 9 8 6 2 7 15 11 14 3 10 1 13 12
3 4 11 7 16 5 9 13 1 10 12 8 2 15 14 6
8 11 1 9 7 10 12 4 14 16 3 6 13 2 5 15
4 16 15 3 8 6 2 9 1 5 12 14 10 13 7 11
8 2 5 6 16 9 15 11 4 10 14 3 7 1 13 12
3 8 1 16 14 5 9 10 11 12 6 15 2 7 4 13
7 16 1 8 4 5 6 11 14 9 3 10 15 2 13 12
2 11 5 6 16 9 10 8 15 12 4 3 7 1 14 13
13 4 15 3 14 10 12 7 11 9 6 8 1 5 16 2
8 9 11 7 3 12 6 13 4 10 14 1 2 16 5 15
