104435 78887 65203 60230 44810 42560 37082 33948 32571 26959 26406 24457 21209 25361 19763 18048 17934 17895 16537 15140 15648 13704 12246 12546 10238 10722 9587 10342 9271 8400 8903 9116 7701 7852 6571 6024 5322 5894 5017 5280 4128 4623 4128 3956 3470 3627 3343 3249 3113 3166 2959 2909 2801 2374 2458 2174 2142 1990 1904 1832 1824 1696 1457 1397 1374 1169 1090 1045 880 956 805 808 702 750 718 664 675 595 616 525 530 519 485 487 458 436 434 401 382 345 322 278 262 266 255 221 203 207 179 178 169 165 159 158 139 138 119 117 116 114 104 93 92 81 78 76 74 68 60 56 59 52 52 49 48 44 39 37 36 37 35 30 30 27 27 25 25 25 22 21 18 19 16 17 14 15 12 12 11 12 11 10 10 9 9 8 8 8 8 7 7 6 6 5 5 5 4 5 4 4 4 4 3 3 3 3 2 2 2 2 2 2 2 2 2 1 1 1 1 1 1 1 1 1 1 1 1 1 1 1 1 1 1 1 1 1 1
24 12 20 6 29 13 9 33 45 14 21 26 47 31 32 34 8 16 38 36 4 35 41 17 22 7 3 27 46 1 5 44 30 19 11 42 28 15 37 43 25 23 39 48 10 40 18 2
23 30 11 27 5 8 21 18 4 7 24 17 3 19 41 13 37 20 26 16 1 42 15 28 39 31 25 47 40 22 35 6 32 48 43 14 38 12 44 45 2 9 10 29 34 46 36 33
5 20 28 25 13 36 33 38 41 26 31 17 11 48 2 12 15 16 42 39 1 43 44 6 37 14 9 35 8 34 29 47 30 24 21 32 3 40 19 7 46 10 27 22 45 18 4 23
46 39 2 7 27 28 10 22 23 21 45 5 19 38 15 30 48 40 37 13 26 32 31 12 1 16 9 34 11 47 17 24 29 42 25 44 36 33 43 4 41 35 8 14 3 18 20 6
29 6 42 32 30 47 11 23 40 7 27 35 45 48 13 16 46 15 43 5 41 34 14 44 22 9 25 38 12 19 31 1 39 37 20 17 8 26 33 28 18 24 10 36 21 4 3 2
17 13 37 7 26 47 27 24 42 28 41 15 20 32 11 2 14 4 33 45 43 16 44 10 36 48 12 3 35 30 40 29 31 22 23 19 6 18 38 1 5 8 39 9 34 21 46 25
4 20 3 40 30 8 21 34 38 11 1 27 29 31 42 19 17 15 22 23 2 36 41 18 12 46 47 43 44 7 45 33 32 5 28 48 24 39 25 13 26 10 35 16 14 6 9 37
7 39 10 28 18 42 16 30 20 48 44 15 32 1 35 29 41 40 38 2 13 8 11 46 47 4 22 26 14 6 25 5 31 19 27 9 17 37 23 21 12 24 34 33 36 3 43 45
12 47 24 16 5 29 14 15 40 35 45 19 41 42 7 4 25 11 18 44 8 43 20 6 33 48 9 22 10 17 39 34 30 36 31 32 37 13 23 46 21 27 28 3 38 2 1 26
23 9 30 18 3 32 35 41 38 43 24 47 45 11 15 48 2 10 36 4 40 42 34 28 7 20 25 8 13 1 37 44 26 31 6 14 16 33 29 19 17 5 12 22 21 39 27 46
32 10 30 33 7 1 6 46 20 25 41 38 2 18 3 16 48 26 12 14 17 31 8 47 15 29 44 40 23 22 45 21 5 27 43 35 28 11 36 39 37 9 13 19 24 42 4 34
39 20 42 21 37 5 9 16 4 19 38 11 3 8 17 25 40 47 29 7 2 34 44 1 6 14 36 27 30 48 10 41 28 22 12 43 24 26 15 23 18 46 31 35 45 13 32 33
17 16 11 28 39 8 32 18 7 26 46 35 30 36 45 1 47 22 27 5 4 14 41 13 37 24 31 20 42 34 12 3 29 48 9 40 15 38 25 43 10 23 19 44 2 21 33 6
24 14 37 32 12 20 43 2 16 28 10 26 22 35 13 15 38 27 11 4 29 23 1 17 8 6 21 34 39 19 42 45 18 9 40 36 47 7 33 3 25 48 44 31 41 5 46 30
43 2 20 6 44 47 29 40 14 21 31 25 19 48 41 3 28 33 42 23 13 27 24 22 46 26 12 38 18 30 8 35 17 11 39 15 45 10 16 7 36 5 9 37 4 34 1 32
21 12 5 15 30 19 33 13 42 35 4 1 25 45 10 29 46 28 32 39 23 17 14 44 22 31 2 8 11 47 3 6 37 16 26 9 38 41 43 40 24 34 7 36 27 20 48 18
19 29 31 27 5 16 13 28 11 20 26 12 6 38 32 30 44 15 43 42 1 3 18 36 7 33 25 41 40 23 46 48 45 34 21 35 17 4 22 37 2 24 8 9 10 39 47 14
23 13 33 47 38 42 2 1 43 22 8 39 37 29 4 12 41 16 26 7 28 31 6 25 10 21 3 14 46 27 35 18 48 5 11 44 40 15 32 30 19 36 34 24 45 9 20 17
1 41 25 43 29 34 45 30 10 17 24 9 35 19 46 11 16 7 38 22 8 37 15 13 4 42 5 40 26 28 47 3 39 31 20 14 33 48 44 36 32 18 12 2 21 6 23 27
38 32 29 34 18 6 35 10 15 11 19 48 21 17 2 41 27 4 23 45 43 20 42 1 36 12 30 47 44 46 14 13 33 40 31 28 8 16 37 25 26 9 7 5 24 3 22 39
8 15 11 14 26 28 3 33 25 2 37 31 47 22 6 17 10 20 39 1 41 4 43 46 13 29 9 7 27 21 44 40 30 42 35 34 36 12 5 45 23 19 48 16 32 24 18 38
28 1 45 48 19 17 40 41 7 21 3 20 10 46 35 2 43 13 30 16 9 33 34 37 39 23 47 26 18 12 5 6 27 24 8 32 15 36 38 11 42 14 25 22 29 44 4 31
26 30 16 46 25 12 32 27 45 5 38 15 11 20 42 34 8 47 3 44 10 35 22 40 18 7 48 2 23 1 24 21 29 28 41 17 4 43 19 14 39 33 31 13 9 37 36 6
46 16 10 6 27 13 5 24 19 25 15 2 41 31 28 22 37 17 14 36 26 45 11 7 44 39 8 18 21 34 20 32 12 47 1 42 23 3 29 33 30 43 35 48 38 40 9 4
29 39 8 40 24 36 17 43 27 32 44 41 1 25 4 13 22 10 26 2 5 11 23 18 38 16 12 42 9 33 15 34 28 37 21 20 48 6 47 7 3 31 19 30 14 46 35 45
37 24 47 7 21 1 19 6 12 14 4 18 27 28 46 44 35 26 42 10 17 32 8 23 20 9 38 22 34 15 33 41 5 36 30 48 13 29 11 31 45 25 16 3 40 43 39 2
21 9 5 18 43 35 42 44 16 48 27 47 3 1 15 39 6 7 20 31 14 28 26 34 12 40 36 4 32 41 37 24 23 2 25 33 29 19 8 30 17 22 13 38 11 10 45 46
39 42 7 10 3 29 6 5 23 26 46 17 2 8 21 24 11 14 12 13 33 48 41 32 15 20 43 1 38 30 31 47 22 45 36 40 16 18 25 4 9 44 28 19 37 35 27 34
40 8 36 24 37 45 44 22 14 43 23 5 6 33 11 3 9 28 29 32 34 16 48 12 21 10 31 39 30 47 1 46 18 27 13 42 41 38 7 20 15 35 17 4 2 19 26 25
4 33 37 25 30 22 20 17 6 7 31 38 21 18 45 48 19 36 32 9 12 34 39 10 1 46 13 8 16 42 29 5 35 44 23 14 24 11 15 28 40 41 26 27 3 2 47 43
43 21 24 20 13 18 41 46 48 27 35 11 45 32 7 4 33 16 44 34 40 36 14 28 6 30 22 15 12 9 17 26 8 25 29 3 37 42 23 39 5 10 2 47 19 38 31 1
13 43 17 16 39 33 38 4 20 47 36 40 29 11 32 19 2 48 45 30 23 8 6 42 34 22 44 12 7 46 18 1 31 26 3 35 14 21 9 5 41 28 24 37 25 27 15 10
17 38 3 19 7 36 10 48 5 9 8 27 30 40 26 45 34 35 33 47 2 15 16 6 25 31 21 29 46 44 28 4 43 12 39 32 22 20 42 13 1 14 23 11 18 37 24 41
18 10 38 17 46 32 30 16 22 19 1 4 31 14 34 6 40 11 48 27 39 29 25 45 47 24 28 33 41 2 9 42 15 23 7 44 26 5 13 37 35 3 8 36 20 21 43 12
11 6 19 21 14 27 29 18 4 35 17 10 37 24 42 40 46 41 43 38 30 1 13 44 7 3 16 20 28 5 25 36 47 48 26 15 45 2 31 34 12 23 22 33 39 32 8 9
2 39 31 1 4 38 14 9 41 28 40 12 18 21 10 26 15 37 27 23 35 22 42 47 44 34 19 25 45 16 7 29 30 8 5 20 6 24 43 17 48 36 13 3 33 46 32 11
12 31 40 28 45 2 11 34 43 14 41 35 20 6 3 13 1 22 25 39 4 33 30 29 38 27 15 42 26 23 47 48 10 16 8 9 19 7 37 46 44 32 5 24 17 36 21 18
23 30 25 32 5 7 9 15 38 29 43 48 39 42 2 44 17 24 6 13 11 3 18 36 19 14 41 35 8 20 12 10 33 37 31 1 34 22 4 40 21 46 16 27 47 26 28 45
19 20 32 40 12 8 15 44 7 27 48 46 35 9 45 30 28 4 23 41 1 37 24 22 33 21 2 36 5 17 39 13 14 38 18 6 3 34 16 25 29 31 47 43 42 11 10 26
25 12 20 7 32 39 42 6 2 33 28 1 19 34 41 16 37 44 22 21 8 45 47 43 14 26 35 46 10 29 48 3 11 30 38 17 4 40 5 23 24 27 9 31 15 18 36 13
24 47 30 41 42 14 37 43 33 10 26 44 32 36 25 18 8 5 15 4 13 6 17 46 29 45 22 11 40 38 2 20 1 19 12 48 23 27 35 21 16 34 7 9 31 39 3 28
48 32 42 47 44 12 21 38 24 41 45 16 10 20 39 25 9 15 37 31 14 35 40 1 36 28 18 43 2 22 19 29 17 34 13 33 46 3 6 7 26 5 27 11 4 8 30 23
1 16 26 11 6 22 32 41 45 48 23 9 20 31 7 2 3 24 18 42 5 19 15 25 8 43 13 4 44 12 10 34 21 17 35 36 38 37 47 14 29 33 39 28 30 40 46 27
5 2 28 27 25 47 35 21 42 17 39 19 9 18 11 22 38 13 34 36 29 48 20 37 46 6 15 3 14 33 40 10 26 41 23 4 24 32 7 43 45 8 12 30 16 44 1 31
33 1 35 43 13 17 16 30 26 2 20 38 44 45 46 29 25 21 3 5 9 11 47 24 18 7 12 27 4 28 23 41 37 22 6 40 15 36 8 39 31 42 19 48 14 10 34 32
40 42 45 18 43 2 47 29 23 32 3 25 7 46 15 34 27 12 38 16 28 41 39 14 37 8 30 22 35 10 5 1 48 36 9 26 17 13 44 20 19 24 31 4 21 6 33 11
27 5 41 48 37 10 45 23 16 20 44 26 11 33 2 12 22 7 36 24 15 1 19 18 39 40 31 32 13 6 46 28 29 43 4 34 8 25 35 47 42 9 30 38 17 3 21 14
7 33 19 46 26 45 17 27 15 16 31 11 41 25 3 30 14 40 39 9 43 4 37 29 12 44 36 38 42 1 8 2 23 35 21 22 10 24 32 6 18 20 28 13 47 34 48 5
37 29 15 1 7 13 11 8 44 42 9 18 25 23 32 39 2 36 46 3 33 21 30 48 20 24 19 10 31 41 14 45 34 27 43 6 28 38 26 16 40 22 47 5 12 4 35 17
10 28 8 22 38 31 13 7 6 5 37 41 42 27 4 15 19 32 43 2 12 14 24 39 1 34 33 26 11 20 45 35 30 47 16 46 18 17 23 36 21 48 25 44 40 9 3 29
21 25 40 14 45 24 34 36 12 8 11 10 6 47 19 31 35 43 33 32 17 28 27 23 42 46 2 41 3 4 1 48 22 5 44 7 39 26 15 29 38 16 18 37 9 20 13 30
29 46 2 20 4 28 26 5 10 30 19 23 18 24 35 40 6 11 25 44 38 47 43 7 27 12 41 14 9 8 15 21 45 42 36 32 13 16 37 33 3 34 48 22 39 17 31 1
38 45 30 36 24 32 19 13 40 7 2 5 1 6 12 41 11 34 20 14 4 17 44 33 10 31 21 47 23 15 3 18 46 16 27 39 37 29 22 28 48 25 35 26 42 43 9 8
8 9 33 25 30 6 27 14 42 43 4 45 3 17 10 26 47 20 23 11 2 29 22 12 38 21 5 34 28 16 7 40 39 15 1 37 48 41 13 31 44 18 32 19 36 35 24 46
32 4 7 19 12 35 6 26 14 25 17 15 27 21 24 29 36 16 30 45 10 31 13 9 3 5 38 2 40 23 37 44 18 48 20 28 41 11 43 34 1 46 22 47 33 42 8 39
12 8 37 21 14 5 10 22 2 18 43 4 35 48 26 13 33 47 27 1 41 36 34 40 15 3 23 39 44 17 29 46 28 45 25 20 42 6 19 30 9 31 7 24 11 32 16 38
2 15 25 24 21 20 3 10 29 35 40 19 44 1 13 17 31 41 6 39 34 23 16 28 37 22 47 7 27 43 33 5 12 8 26 48 36 18 11 14 32 42 30 9 38 46 45 4
11 6 5 47 18 8 20 32 34 29 41 27 39 26 1 12 17 33 3 10 31 46 42 35 7 16 48 25 45 38 44 4 21 2 40 43 22 19 36 13 15 23 9 30 14 24 28 37
39 10 36 28 46 16 37 30 26 48 15 35 9 11 45 3 1 14 34 7 40 22 18 6 4 42 8 20 38 21 25 24 47 44 41 33 29 12 31 17 23 5 19 13 32 2 27 43
46 24 29 41 42 38 33 17 43 28 27 2 7 32 21 34 3 37 18 15 30 6 8 47 13 45 35 11 26 9 31 22 10 40 39 1 16 48 25 4 5 19 44 36 20 12 23 14
24 37 31 45 39 27 29 33 25 14 46 9 47 19 42 11 41 22 32 38 35 15 1 10 8 6 28 40 34 48 20 36 43 23 30 26 3 5 7 21 17 44 12 16 2 13 4 18
4 36 3 46 44 42 21 24 33 19 8 47 40 22 17 45 10 28 15 41 11 20 23 38 29 7 14 1 32 5 2 31 27 30 35 9 6 39 16 26 12 43 34 48 13 37 18 25
7 38 26 10 6 13 42 46 19 22 1 40 30 29 25 24 48 5 35 23 39 27 17 44 18 43 15 3 14 34 47 32 37 21 12 4 33 2 8 45 36 41 16 28 31 11 20 9
19 13 24 17 7 14 44 21 27 11 10 46 37 40 34 2 16 15 48 22 23 8 25 45 20 1 9 18 41 12 28 3 32 31 29 36 26 4 42 43 35 33 5 38 30 39 47 6
26 41 47 11 27 19 5 40 45 10 48 44 32 46 7 4 15 35 12 36 13 24 6 17 22 30 43 42 21 2 18 20 1 25 9 14 23 34 29 37 16 8 31 33 3 38 39 28
23 4 7 43 19 17 9 1 22 21 38 39 20 45 41 18 14 2 29 47 31 34 40 32 46 48 16 35 8 33 12 13 11 37 28 42 15 10 44 5 24 36 25 3 27 6 30 26
25 15 16 6 3 1 35 22 7 9 27 26 21 28 11 48 33 10 42 45 30 32 31 34 47 14 36 29 2 44 17 40 5 12 18 19 46 20 38 23 39 24 13 4 37 8 43 41
5 14 38 40 29 12 32 43 24 41 3 16 31 1 4 44 8 17 37 11 9 42 48 36 21 20 22 33 13 28 39 45 26 19 6 15 47 7 23 25 30 27 35 2 18 34 10 46
8 24 20 48 25 45 40 14 41 21 1 38 29 36 39 30 47 27 46 42 4 16 22 13 33 9 44 34 18 6 19 32 23 28 7 37 17 43 26 11 31 10 2 5 15 3 35 12
1 10 32 16 13 34 27 26 4 17 44 12 19 33 46 6 36 7 11 5 43 37 15 23 25 28 30 14 3 42 45 47 22 8 38 40 29 20 31 39 41 9 48 35 24 18 21 2
11 16 28 34 24 36 17 30 27 2 4 45 25 20 15 19 31 13 14 1 40 35 37 33 12 26 18 38 10 41 42 5 8 21 43 7 48 3 6 46 9 32 23 22 29 44 47 39
48 47 42 18 26 33 16 28 20 8 9 31 45 23 3 2 6 4 29 34 41 11 44 10 39 40 25 36 5 27 7 46 14 24 13 17 22 37 15 30 12 35 32 43 19 21 1 38
17 33 10 7 4 18 14 23 15 5 26 1 37 11 24 39 25 21 32 16 2 3 13 9 44 27 12 43 46 22 47 48 34 38 29 6 8 42 35 20 19 31 28 30 41 40 36 45
37 43 29 27 5 7 30 8 11 32 28 2 6 9 26 25 34 47 38 10 33 16 1 14 36 46 13 15 39 20 40 21 17 45 23 42 19 12 22 31 24 3 18 44 4 35 48 41
43 8 35 47 46 10 15 7 5 20 38 25 30 18 32 12 28 44 37 14 17 21 19 29 1 22 31 27 23 16 48 4 45 40 26 39 33 6 11 3 42 41 2 24 9 36 34 13
2 31 40 24 32 39 43 21 19 33 37 27 22 8 41 18 46 17 25 9 15 14 11 48 6 44 12 4 16 1 3 42 35 26 30 34 28 13 29 7 23 20 47 38 36 10 45 5
33 5 15 17 45 13 41 1 38 7 8 23 40 48 10 26 9 37 27 21 35 36 30 18 12 34 47 46 42 29 14 24 31 28 3 19 16 43 44 6 32 22 39 2 25 4 20 11
38 20 33 14 37 27 45 29 16 47 43 44 1 25 28 22 11 2 12 39 34 42 18 24 10 9 5 41 35 4 46 31 48 15 8 26 6 7 32 40 30 36 23 13 21 19 3 17
32 9 25 22 18 42 37 10 23 16 11 20 35 34 2 24 38 48 45 7 5 33 8 43 14 3 44 29 4 15 31 28 39 12 36 46 13 41 6 21 40 19 27 47 17 26 30 1
21 46 37 19 30 1 34 38 33 29 2 47 41 17 39 6 35 36 3 4 8 45 14 12 15 43 16 32 7 42 9 18 5 48 28 22 26 10 25 23 44 24 13 11 40 20 31 27
46 45 31 25 42 8 17 48 6 30 41 39 44 38 12 13 22 7 36 3 1 24 27 32 20 23 43 26 11 10 15 35 33 2 21 14 37 19 9 47 29 28 16 5 34 40 18 4
12 29 5 7 14 38 33 40 26 17 45 15 20 21 35 48 8 41 22 24 10 32 42 37 25 28 18 2 9 6 23 44 11 34 4 1 3 36 47 13 39 16 30 19 27 43 46 31
27 12 38 41 19 17 13 32 2 35 31 48 7 6 1 30 36 10 44 42 29 4 20 47 39 14 21 34 45 28 5 3 46 37 25 33 40 18 16 43 15 8 22 26 11 9 24 23
40 37 28 43 21 14 6 18 41 9 4 38 45 26 7 11 16 34 48 44 39 29 23 46 42 10 30 22 27 47 35 20 12 19 1 36 24 2 15 25 5 33 17 3 31 32 13 8
18 1 36 6 38 34 26 17 14 10 48 41 21 42 46 45 44 40 35 30 12 31 47 22 27 20 13 11 32 8 19 29 15 25 7 4 23 24 5 33 16 43 28 9 3 2 39 37
24 25 2 36 43 12 30 27 48 19 46 40 39 14 15 16 10 5 23 31 38 47 17 35 4 1 22 18 21 44 8 26 32 13 20 7 41 11 37 29 3 34 33 28 45 42 9 6
17 21 8 11 15 35 16 5 29 26 20 6 27 40 34 41 2 33 42 47 14 46 24 7 18 45 9 25 31 22 12 13 23 36 44 43 39 48 19 10 1 3 32 37 30 38 4 28
8 13 26 48 12 24 47 6 25 22 23 35 3 29 45 15 31 9 33 27 11 37 39 44 41 21 38 42 14 46 20 34 10 30 40 32 1 4 7 36 2 5 18 16 19 17 28 43
21 27 45 20 3 6 40 36 32 11 9 16 47 28 42 19 14 43 7 4 30 22 34 39 46 8 48 35 2 12 10 41 1 31 18 15 17 26 13 5 38 25 24 33 37 44 23 29
39 42 24 10 6 16 14 33 15 7 28 11 22 31 19 29 37 35 18 9 41 3 21 40 13 26 36 47 23 43 25 1 30 45 12 20 46 5 38 34 17 44 48 4 32 27 8 2
13 38 20 21 27 5 10 43 24 18 36 12 30 47 25 1 6 11 46 14 28 8 48 45 44 7 35 4 40 41 29 2 37 15 16 3 19 32 23 17 26 42 22 31 39 34 33 9
19 5 47 26 29 31 45 23 10 41 35 9 2 24 11 40 28 20 22 16 17 34 14 13 37 48 33 39 18 4 1 46 21 38 6 44 42 3 43 7 36 32 25 30 15 8 27 12
10 37 42 1 25 47 11 13 40 5 19 17 29 32 4 31 46 22 14 39 2 20 6 9 33 30 23 12 41 21 7 48 26 44 27 28 38 16 36 45 35 24 8 43 18 3 15 34
5 24 30 16 7 20 41 14 44 28 15 45 18 23 3 4 25 12 6 1 40 27 22 17 47 42 2 8 46 19 33 31 34 21 38 9 36 13 26 37 48 10 39 35 29 11 43 32
7 36 16 34 30 19 35 24 42 2 10 26 11 25 6 44 1 15 20 32 31 23 43 37 21 29 8 40 13 38 28 4 14 5 41 22 48 17 33 3 9 18 12 27 47 39 45 46
1 6 17 18 44 45 20 46 22 33 26 4 19 27 13 3 47 32 30 7 15 11 25 12 29 16 31 38 5 34 9 35 28 43 39 40 8 36 42 14 23 48 2 24 41 37 21 10
26 20 41 40 14 36 32 22 43 8 44 31 1 9 21 39 27 11 34 3 13 35 30 24 33 48 25 10 7 15 2 5 29 23 4 17 18 42 37 28 19 46 47 38 12 6 16 45
23 12 10 46 4 2 15 30 7 43 38 5 32 11 17 22 9 36 3 24 1 14 19 6 47 26 41 33 35 20 39 21 45 40 44 42 34 25 8 16 29 28 31 48 13 18 27 37
46 30 3 28 13 18 43 41 11 25 37 19 42 8 24 34 27 14 32 44 29 16 40 38 7 23 5 15 39 2 17 45 48 12 1 6 33 10 9 26 36 22 35 47 20 21 31 4
43 39 29 16 46 47 9 44 45 42 3 17 37 20 11 40 34 21 23 38 5 31 41 32 22 6 28 1 10 33 18 26 27 48 35 14 15 7 25 4 12 36 19 13 2 24 8 30
33 28 7 21 37 1 11 26 12 48 40 39 9 18 45 31 47 2 38 10 34 27 15 14 19 30 36 43 3 6 42 32 8 16 25 35 22 41 29 46 17 20 23 44 24 4 13 5
2 16 32 26 39 29 38 7 5 47 31 48 41 34 3 6 19 27 12 45 4 15 13 23 36 21 14 20 42 1 46 24 18 37 43 17 28 11 35 40 30 8 44 22 9 10 33 25
12 33 47 36 32 45 19 48 20 29 39 40 31 1 10 2 37 28 25 34 43 6 8 42 15 24 13 41 4 27 3 44 5 17 9 46 14 21 22 30 26 23 7 11 38 35 16 18
37 31 24 11 38 20 43 15 14 21 26 47 25 36 41 18 22 48 45 30 33 8 1 28 12 42 19 46 16 10 44 40 17 35 23 32 13 29 7 6 5 9 34 2 4 39 3 27
4 43 25 1 19 2 29 22 24 32 17 41 6 45 7 30 3 10 15 21 9 46 11 48 37 31 33 39 27 38 40 28 47 8 20 42 23 18 36 14 44 35 13 5 16 12 34 26
38 9 15 14 12 39 42 46 19 20 1 45 40 32 4 25 48 17 44 41 10 34 27 18 21 7 30 3 8 29 2 47 37 24 28 36 6 22 43 13 16 31 5 26 33 11 35 23
11 46 26 45 27 13 44 28 2 30 38 15 19 47 21 1 35 7 43 31 8 4 17 29 20 14 25 36 9 23 48 3 12 34 40 33 10 6 5 16 41 22 39 37 42 18 24 32
48 29 40 22 5 7 15 38 4 25 19 26 18 23 6 3 11 34 37 27 39 47 21 35 44 10 14 43 28 12 33 13 46 30 16 1 36 24 32 45 42 41 17 9 2 8 20 31
32 1 35 25 21 14 45 9 33 41 10 4 11 24 12 48 46 43 36 15 38 42 20 7 6 40 16 29 44 28 5 22 26 27 8 37 19 39 31 17 18 34 2 30 47 3 23 13
25 2 16 27 45 18 3 30 6 8 44 11 10 48 39 24 22 35 29 47 17 14 40 43 13 46 12 26 32 5 23 42 1 31 21 7 37 34 4 20 15 33 19 28 41 9 36 38
29 6 37 47 3 22 34 41 26 43 28 5 27 17 46 44 31 40 30 39 35 20 23 10 25 1 21 7 11 48 14 18 32 15 13 4 42 2 38 33 45 16 12 19 36 24 9 8
27 45 42 40 18 31 20 29 23 2 46 16 35 33 13 17 25 37 14 5 15 3 30 22 1 9 41 10 4 47 12 24 21 28 6 44 26 19 11 7 32 43 8 38 39 36 48 34
4 27 45 46 44 16 40 32 48 5 35 12 37 18 15 13 6 14 7 23 11 21 39 38 29 22 8 47 9 41 31 1 33 2 3 34 17 43 42 26 24 19 30 36 25 20 28 10
2 21 17 28 29 24 9 33 43 42 15 31 32 38 34 4 19 44 6 13 5 37 47 36 22 20 48 14 39 8 7 45 11 26 30 40 41 12 16 23 3 46 25 27 18 35 10 1
18 9 20 48 14 5 47 8 27 28 36 25 2 26 19 22 43 24 34 41 23 33 6 46 3 16 44 38 10 4 37 40 39 45 7 15 29 42 13 11 1 32 35 31 21 17 30 12
43 42 19 18 6 34 13 14 32 26 4 1 29 21 35 39 27 33 11 3 12 48 25 47 41 5 23 15 45 2 28 20 30 44 31 22 38 24 8 36 40 10 7 16 9 37 46 17
26 28 31 10 30 27 32 43 42 17 37 38 6 14 25 41 33 5 35 16 40 23 19 1 8 45 2 11 7 44 39 34 15 36 29 20 3 48 9 4 21 24 47 22 12 13 18 46
11 16 36 6 24 19 41 13 5 29 23 46 30 31 32 12 17 20 33 10 4 45 22 25 14 8 47 2 40 21 1 44 18 38 27 48 39 7 26 37 35 42 9 3 15 34 43 28
46 20 8 34 5 29 21 24 22 18 41 17 39 25 26 15 37 4 42 2 9 11 48 44 7 3 38 36 16 43 47 32 45 35 12 6 40 10 23 31 19 33 28 13 14 27 1 30
37 8 30 16 26 12 44 36 41 10 2 19 40 20 42 6 11 9 27 21 13 22 14 24 46 7 35 32 31 34 17 5 23 43 18 39 1 25 47 28 38 3 48 33 29 4 15 45
39 30 33 24 46 7 29 23 38 14 45 18 42 27 1 16 10 13 20 36 34 35 43 40 19 9 5 12 41 15 25 48 31 17 26 3 8 6 37 47 2 28 22 44 4 32 21 11
12 47 5 7 37 35 30 27 33 48 40 20 3 8 24 11 44 41 36 38 2 32 16 17 15 28 18 4 21 23 42 10 29 26 39 19 46 22 25 34 1 9 31 43 13 6 45 14
8 38 2 20 13 10 6 7 12 30 17 9 47 33 28 45 15 22 25 42 23 16 44 39 1 40 48 34 18 46 19 26 14 37 35 43 36 32 29 3 41 5 24 11 31 21 27 4
40 12 38 41 43 17 10 16 25 32 36 11 7 46 2 34 1 33 15 31 13 24 37 14 44 45 23 3 42 6 8 4 48 21 27 28 22 26 35 5 39 18 30 47 20 19 9 29
48 39 7 22 25 47 26 44 40 21 11 5 9 6 42 19 14 12 43 32 41 15 18 34 27 1 38 46 8 29 20 45 17 31 4 35 10 16 33 30 3 23 28 24 37 13 36 2
17 43 37 48 27 31 14 33 20 42 23 44 41 28 7 13 38 2 22 30 12 32 34 1 10 6 3 40 35 21 9 29 47 16 36 26 18 15 19 46 45 8 25 4 24 11 39 5
43 5 40 45 4 27 33 18 15 25 46 38 31 23 21 1 47 7 37 24 10 17 14 12 39 20 28 29 13 19 44 3 35 8 11 48 34 41 22 6 42 36 16 26 30 2 32 9
38 46 35 19 12 36 42 22 16 8 20 23 1 11 32 25 3 4 48 45 29 27 15 7 14 34 21 41 5 28 18 13 43 2 40 37 24 17 6 10 30 31 47 9 33 44 26 39
29 45 41 20 21 12 43 17 23 16 44 15 11 9 26 48 28 5 38 34 4 36 24 42 18 10 22 39 3 2 46 1 8 30 7 14 6 37 13 40 32 19 33 47 25 27 35 31
10 13 3 16 7 5 15 40 14 11 9 6 47 19 25 29 36 35 18 38 43 48 41 46 37 44 31 8 28 22 1 21 34 12 30 33 26 39 42 45 17 20 27 2 32 4 24 23
24 38 28 43 19 42 45 10 44 35 8 20 25 34 1 17 9 32 12 5 14 31 30 36 3 29 47 27 46 4 15 41 33 13 18 6 48 2 11 7 21 22 23 37 39 40 16 26
32 36 26 34 45 14 38 28 10 7 35 1 3 24 17 40 41 13 27 15 11 37 48 44 6 31 25 18 2 47 29 22 39 42 43 20 23 19 5 33 16 46 12 30 21 9 4 8
46 33 45 26 15 6 13 27 7 41 2 10 22 21 19 39 48 37 23 3 30 24 18 29 25 5 12 32 9 42 8 35 28 34 38 40 14 11 47 16 44 43 17 4 36 20 31 1
23 8 25 6 32 16 11 5 24 20 48 12 37 40 34 26 38 15 44 13 33 22 1 35 46 14 2 7 39 43 47 42 45 19 31 3 28 18 36 21 29 41 9 27 17 10 30 4
2 25 10 7 4 13 19 15 11 47 28 41 21 14 24 30 35 40 20 44 5 6 34 48 22 16 36 43 26 12 3 33 27 38 9 1 37 29 8 17 18 32 39 31 45 42 23 46
25 1 32 36 39 24 35 29 6 19 4 26 41 38 13 2 34 20 46 47 9 45 11 22 18 42 8 14 27 10 37 28 31 23 3 44 15 21 16 30 40 48 7 5 12 17 33 43
1 47 29 40 42 31 21 14 26 9 37 19 45 36 6 3 28 41 22 23 35 33 43 32 20 8 44 38 11 46 18 2 10 24 12 7 17 4 25 39 15 27 5 13 16 34 48 30
27 30 36 10 14 22 32 9 19 5 15 46 7 26 41 31 47 11 45 4 2 21 8 23 29 43 33 25 16 20 17 44 18 40 6 39 3 42 38 28 12 35 48 24 13 37 1 34
33 21 15 24 26 1 3 13 32 2 19 17 30 45 39 12 25 14 37 7 8 11 47 6 42 9 38 22 10 27 40 20 5 28 29 4 46 43 31 23 48 44 35 16 18 36 34 41
37 41 17 25 21 7 20 36 43 26 31 35 32 47 11 4 14 9 18 2 15 3 16 24 13 46 19 1 45 6 33 40 23 27 8 28 34 5 44 29 38 42 22 48 30 39 10 12
7 42 41 21 38 19 14 43 4 29 26 25 9 20 35 44 22 10 32 27 40 17 6 13 39 30 18 47 31 1 48 34 11 5 28 15 24 12 23 46 36 16 2 33 3 8 45 37
4 31 20 47 46 38 30 7 2 18 1 40 29 17 45 22 3 48 33 10 26 23 37 25 14 12 35 11 8 5 39 32 21 15 16 19 42 41 43 34 24 9 44 36 27 6 28 13
12 20 19 46 3 17 44 26 42 32 41 4 6 27 15 16 9 24 48 30 10 29 25 47 37 5 28 2 23 33 35 31 1 45 21 22 8 36 7 11 40 18 13 43 34 38 39 14
26 15 8 41 37 2 47 1 27 14 38 45 11 9 7 18 36 22 44 34 33 6 31 39 21 3 5 20 28 48 23 4 12 16 13 43 29 25 19 40 30 10 24 35 42 32 46 17
11 29 42 1 15 47 27 18 12 43 45 16 2 32 4 40 31 44 6 39 41 46 21 13 36 7 23 35 5 8 28 33 17 37 25 9 22 48 26 14 19 34 30 38 24 3 20 10
39 6 40 14 27 35 34 24 45 28 48 31 44 25 12 4 43 17 42 16 11 20 13 10 47 22 33 15 41 23 7 18 46 30 26 36 1 21 37 5 29 3 19 9 38 2 8 32
5 12 31 21 25 36 6 30 48 17 35 18 42 11 10 24 1 7 43 13 29 16 23 37 4 40 2 26 44 34 45 20 15 19 39 46 38 32 22 47 41 33 9 3 14 8 27 28
28 46 7 18 43 20 35 23 41 30 3 48 31 1 13 6 27 4 29 21 17 33 39 38 8 14 16 36 2 44 9 47 32 42 11 37 40 22 15 26 5 25 34 19 10 12 24 45
29 24 47 1 19 45 33 16 38 11 20 9 39 31 17 26 41 34 12 14 5 8 44 43 7 28 21 10 32 15 42 46 30 13 40 48 36 37 6 3 23 35 18 22 2 27 4 25
33 16 30 28 45 39 9 38 22 2 46 47 40 48 26 1 15 12 3 24 4 37 42 14 19 29 25 41 18 20 5 10 35 8 23 34 6 17 32 43 21 27 7 13 31 44 36 11
17 5 37 6 12 29 13 8 23 47 40 35 20 18 32 34 46 43 36 31 28 11 22 48 10 16 9 7 42 27 25 41 33 45 30 14 1 19 4 26 39 44 2 3 15 24 21 38
2 28 38 19 6 10 29 32 27 48 39 18 35 14 1 17 37 20 11 45 43 42 40 7 3 24 30 33 46 47 12 22 8 44 4 26 23 34 13 25 16 41 5 36 21 9 15 31
37 39 24 47 5 18 41 29 25 7 8 6 19 40 3 30 22 2 15 32 14 34 1 44 36 21 12 4 27 42 20 48 11 31 43 17 28 16 9 10 26 46 23 38 13 35 33 45
43 45 16 18 44 34 27 48 6 9 15 41 21 42 46 3 2 28 30 36 23 35 24 38 13 10 22 12 4 19 37 40 1 26 7 20 14 11 29 31 25 5 8 33 47 17 32 39
18 13 2 26 7 8 10 30 15 32 4 1 37 29 21 22 3 40 14 44 38 27 11 35 12 20 41 42 9 46 45 24 34 23 39 6 48 5 33 47 17 28 31 43 19 36 16 25
7 20 29 46 32 27 21 40 44 41 28 11 10 24 6 12 8 5 23 15 39 16 31 17 47 34 48 26 13 4 19 2 43 38 36 1 18 33 35 37 42 22 25 30 45 3 9 14
27 36 33 34 13 12 26 43 5 22 17 10 31 18 19 2 1 44 46 42 35 4 25 39 8 6 14 20 45 28 23 21 30 40 41 7 37 29 16 3 15 48 32 11 24 38 47 9
40 10 35 7 25 13 20 17 24 19 45 46 2 8 12 29 38 15 27 5 34 3 39 47 21 48 30 14 16 22 42 31 28 36 9 44 26 6 23 4 1 18 33 37 41 11 43 32
25 9 31 22 24 6 17 18 16 20 1 4 42 46 41 44 19 47 38 27 30 45 23 34 7 3 8 29 11 10 40 32 14 48 12 43 39 15 26 21 2 33 35 5 36 37 13 28
4 43 42 1 3 5 11 7 10 21 2 16 39 28 45 48 35 13 25 24 12 47 41 36 6 30 31 22 40 34 14 18 23 27 29 15 46 26 32 33 44 8 17 9 37 19 20 38
23 12 38 28 39 47 43 26 14 5 10 25 44 21 15 16 48 34 45 7 31 32 19 29 46 8 3 1 35 33 9 13 37 2 6 40 42 18 36 11 30 20 22 27 17 4 24 41
1 37 10 45 6 14 19 38 7 29 44 40 22 23 35 39 34 33 20 30 9 15 42 25 27 31 36 41 3 12 47 5 21 24 13 4 8 2 11 46 17 43 28 48 16 32 26 18
13 21 15 25 38 45 44 28 43 10 23 48 1 27 34 31 11 41 7 14 2 24 16 37 4 42 18 40 39 8 46 3 5 12 30 22 33 32 6 17 36 19 47 26 9 20 35 29
8 24 5 40 12 39 30 33 45 43 9 17 6 20 11 25 44 37 32 31 41 21 22 28 19 46 38 36 23 2 7 34 29 15 26 42 13 48 47 14 35 3 18 16 4 10 27 1
46 27 17 20 43 42 3 5 2 18 41 12 11 19 25 45 14 24 30 4 8 36 48 6 39 7 16 47 31 1 29 28 26 34 21 35 15 10 22 23 38 32 13 44 33 40 9 37
10 33 30 24 29 38 40 1 11 16 37 20 9 36 42 17 28 14 12 47 15 31 21 46 41 44 23 2 8 43 48 35 32 5 25 39 19 4 7 6 18 34 27 22 3 26 45 13
26 1 7 41 19 36 14 13 20 8 9 15 45 34 4 2 46 11 33 16 40 23 6 24 25 43 47 38 18 21 35 42 22 30 44 32 10 37 5 29 3 31 12 28 27 39 48 17
5 28 20 14 4 10 33 21 29 25 36 38 19 6 2 30 31 7 37 39 17 22 40 42 18 26 44 11 32 23 15 1 27 43 8 3 24 41 9 13 45 16 48 35 12 34 47 46
32 29 8 11 5 27 47 14 38 42 26 23 40 1 10 24 2 9 43 36 33 46 30 22 37 20 28 25 7 6 18 44 17 21 3 48 16 19 35 45 15 41 39 4 34 12 13 31
39 42 41 40 46 18 15 24 48 26 20 45 3 31 7 11 33 17 27 5 13 8 44 14 1 34 9 10 21 38 28 36 47 16 4 35 29 22 37 43 25 23 30 19 2 6 32 12
13 47 25 16 27 24 6 23 42 17 31 19 7 38 32 26 41 11 36 2 9 29 37 12 22 14 48 46 5 28 1 4 45 35 40 33 34 43 15 20 39 3 44 30 18 21 8 10
24 27 26 21 15 7 45 13 12 30 3 41 47 32 17 6 37 10 22 44 2 33 14 40 20 1 35 18 9 48 5 29 46 8 28 34 38 36 4 31 23 19 16 11 25 42 39 43
12 16 3 19 21 8 38 32 7 14 11 5 41 45 28 18 44 48 42 27 40 20 34 23 15 10 33 43 2 6 39 35 26 17 31 9 22 25 29 37 1 36 24 47 30 13 46 4
11 46 7 43 45 20 32 22 4 9 48 18 10 27 19 13 25 37 23 1 26 36 47 29 14 6 41 35 44 21 17 33 15 40 38 28 3 2 8 5 42 24 34 16 31 12 30 39
17 5 16 10 13 34 42 36 40 32 38 9 30 8 24 19 47 28 3 23 11 21 6 7 29 48 25 20 41 4 33 46 22 27 18 1 37 12 43 45 26 31 35 44 14 39 15 2
12 38 24 18 7 17 3 41 32 29 46 26 20 48 1 34 9 22 11 45 39 15 13 35 42 16 14 36 10 2 31 5 21 19 43 4 6 40 33 47 44 23 25 37 27 8 28 30
18 39 37 11 21 16 34 8 5 43 2 10 35 20 46 41 14 12 25 3 15 23 30 17 44 24 22 47 4 1 19 13 45 31 7 40 28 42 6 36 48 9 32 26 38 27 33 29
46 37 45 48 32 2 11 16 41 19 39 31 21 33 15 22 27 7 6 42 29 17 14 43 47 28 36 8 40 44 3 26 10 30 1 20 18 5 13 34 35 25 9 38 4 24 23 12
33 10 41 36 30 1 19 46 11 8 44 40 32 26 4 29 34 2 14 21 28 48 37 18 27 31 23 38 42 43 45 22 39 15 16 7 17 3 47 25 24 35 12 5 9 6 20 13
39 41 17 20 6 29 14 1 26 7 19 4 37 45 35 12 36 43 48 15 31 42 21 47 10 22 2 40 18 8 25 34 5 28 38 46 13 11 23 30 16 44 33 24 3 32 27 9
2 31 15 24 37 39 30 23 16 18 28 11 6 1 21 45 19 4 7 41 5 35 22 32 25 9 47 27 13 42 40 20 29 43 3 17 38 34 44 46 12 48 8 33 14 10 36 26
40 20 24 14 42 12 10 8 22 5 17 23 45 21 7 18 11 13 29 32 35 6 16 25 36 43 31 34 3 46 47 41 37 2 44 15 48 33 38 39 19 28 27 9 30 26 4 1
32 1 5 25 44 13 41 16 6 22 45 15 30 24 26 4 35 14 18 11 8 33 34 36 19 3 38 2 46 10 20 48 12 28 9 37 23 7 31 29 42 43 39 27 47 40 21 17
1 45 30 41 19 5 9 14 38 26 23 46 2 6 3 25 28 24 20 15 43 31 48 10 4 21 44 12 7 34 29 33 27 37 11 40 36 39 22 16 32 8 13 47 42 17 35 18
4 9 26 46 43 2 20 27 25 21 10 6 39 18 28 3 8 33 15 13 34 29 44 48 22 30 12 1 40 47 7 42 23 24 31 19 14 32 16 11 5 41 17 36 38 35 45 37
28 13 25 47 12 36 27 15 2 10 37 31 7 38 11 41 22 48 46 42 23 20 8 6 1 24 5 3 39 33 35 40 18 45 21 44 19 29 32 43 17 34 30 4 16 9 26 14
8 24 36 34 3 17 38 21 10 25 40 35 29 46 6 44 48 5 45 23 33 22 47 1 39 28 16 32 11 27 12 2 43 26 13 42 15 37 7 14 41 20 18 30 31 19 9 4
27 21 19 6 29 18 44 30 20 42 31 45 41 40 34 17 1 28 43 7 14 4 25 38 13 46 3 33 35 22 9 24 8 15 26 36 39 10 11 23 2 32 47 48 12 37 16 5
26 6 32 18 29 16 21 17 15 20 19 1 35 25 45 24 33 4 38 42 12 47 11 39 8 5 9 7 27 23 37 44 30 31 36 14 46 40 43 13 3 22 34 28 10 2 48 41
7 24 47 45 46 13 38 32 44 48 36 12 31 17 39 29 27 9 6 21 41 16 30 34 37 40 28 8 23 19 14 3 35 42 18 43 26 15 25 10 2 5 33 22 20 11 1 4
26 21 29 7 30 16 40 36 27 35 4 41 11 33 25 34 22 13 32 3 28 42 24 46 15 5 2 14 45 12 8 44 18 23 38 17 10 48 19 6 1 9 47 31 37 20 39 43
8 16 19 43 32 29 27 5 45 9 26 31 10 20 11 13 14 17 25 38 4 23 42 12 18 24 30 47 2 22 35 1 15 40 6 7 28 21 33 36 41 34 44 48 37 3 46 39
24 37 10 6 15 14 26 30 45 17 28 11 25 29 4 2 35 12 20 34 41 22 19 23 8 1 21 3 39 27 48 40 47 13 16 44 46 5 7 33 38 42 32 43 18 36 9 31
27 30 25 20 37 24 29 7 10 14 11 17 9 48 12 16 3 2 23 32 40 8 18 13 21 28 41 38 42 6 19 4 5 36 1 46 26 22 47 34 15 35 31 33 39 44 43 45
21 5 8 11 13 12 19 22 42 16 2 25 32 9 15 26 43 20 18 27 35 14 23 17 3 10 33 7 41 44 46 47 1 45 40 6 39 29 37 31 48 36 28 30 4 24 34 38
10 33 37 34 21 8 15 24 29 20 48 9 3 36 19 12 2 40 7 23 14 11 41 22 47 6 31 4 26 38 1 46 45 44 13 39 17 43 5 25 35 16 18 28 27 42 30 32
7 13 36 22 12 20 6 10 40 2 9 16 41 19 24 11 25 34 44 4 38 17 39 47 46 29 3 43 8 1 15 45 14 48 28 26 18 42 35 21 23 32 5 27 31 37 33 30
28 2 3 19 5 7 21 46 20 25 38 18 40 14 10 22 11 47 35 41 31 24 6 44 1 9 48 29 45 8 12 36 39 26 43 42 15 37 4 17 30 33 16 13 34 27 32 23
2 36 20 45 7 18 47 40 24 8 35 4 19 34 13 6 9 41 48 30 15 3 17 1 44 46 5 42 23 43 31 32 10 38 39 37 16 11 26 14 25 28 12 22 33 21 27 29
37 46 16 21 38 22 43 15 14 35 8 10 7 23 42 44 47 5 29 45 28 27 1 6 13 48 18 33 31 41 39 2 32 34 26 36 40 3 11 4 12 24 30 9 17 19 20 25
18 12 28 7 4 27 11 32 2 30 44 5 21 38 34 19 48 15 45 1 29 46 43 39 41 40 47 22 16 42 33 35 37 17 23 20 8 26 36 6 3 31 13 24 25 9 10 14
17 38 7 1 14 34 33 41 5 10 40 20 35 42 45 48 46 36 22 31 30 47 11 43 37 44 8 26 4 15 3 21 12 2 29 9 24 18 32 23 39 25 27 19 16 6 28 13
23 29 32 40 3 1 17 21 48 43 39 35 37 31 46 41 44 7 14 11 33 45 47 38 27 42 16 25 13 19 18 24 34 5 4 15 28 6 8 30 36 22 9 2 12 20 26 10
29 6 33 36 39 38 34 44 43 42 41 45 20 47 17 30 1 48 46 24 8 35 40 37 14 7 22 15 11 12 28 31 27 16 21 32 19 25 13 3 26 18 23 5 10 2 4 9
11 39 2 26 27 36 45 33 44 48 37 40 47 46 6 1 41 43 42 14 12 34 8 24 7 31 25 32 35 23 17 3 29 21 30 28 10 19 15 13 18 9 22 38 20 4 16 5
43 42 47 48 25 45 44 38 41 19 46 1 29 40 35 31 36 28 30 3 10 32 15 34 39 26 14 27 21 33 37 18 17 12 7 22 13 4 6 5 24 20 8 16 9 11 23 2
46 43 35 47 45 42 40 48 19 41 1 38 44 28 32 39 34 37 33 7 23 20 31 18 6 8 36 11 27 21 9 13 26 30 25 14 22 17 29 10 16 5 24 4 2 3 15 12
