20538 14088 8375 7019 7274 6747 5636 4075 3428 3264 2160 2538 1908 1767 1628 1495 1275 1101 972 665 647 525 418 378 345 260 220 201 164 129 121 122 90 76 66 44 47 37 32 21 19 12 11 9 8 7 7 6 5 4 3 2 2 2 1 1 1 1 1 1 1
6 5 2 3 1 10 4 13 8 15 14 11 7 12 9
4 13 11 14 3 10 5 8 9 2 1 15 6 12 7
9 5 15 2 10 14 4 3 6 8 13 1 11 12 7
4 10 9 7 14 1 5 8 3 15 12 6 13 11 2
11 1 8 3 2 5 15 10 9 6 13 12 14 4 7
1 11 9 14 10 13 12 4 6 8 2 3 15 7 5
10 3 12 9 8 4 2 5 13 15 1 14 11 6 7
6 1 3 5 11 8 9 13 7 14 10 2 12 15 4
5 7 12 11 14 9 1 2 10 15 8 4 6 13 3
4 9 13 15 12 8 10 11 14 6 7 1 5 3 2
6 2 14 5 11 3 1 8 9 15 12 13 7 10 4
11 5 9 10 14 13 6 3 7 15 1 12 4 2 8
6 13 15 7 3 10 14 4 1 2 8 9 11 12 5
9 11 13 14 12 1 10 5 3 8 4 15 6 7 2
1 7 2 15 3 11 9 8 6 14 12 10 5 13 4
13 4 12 9 11 6 1 10 8 5 14 2 7 15 3
5 10 3 6 4 12 8 13 9 15 2 1 14 11 7
12 3 14 1 2 5 7 11 15 9 10 6 13 4 8
9 11 15 3 8 4 12 5 13 2 1 14 6 10 7
6 13 8 2 14 10 9 11 3 5 12 15 4 7 1
10 9 15 7 3 1 4 2 8 14 13 12 11 6 5
11 2 9 15 8 5 12 10 7 6 13 4 14 3 1
6 2 13 5 11 9 10 4 1 8 12 14 7 15 3
5 7 12 6 4 3 8 13 10 15 1 9 14 11 2
12 5 14 7 2 11 4 8 9 15 10 3 6 13 1
10 13 8 1 14 12 7 11 3 9 4 15 5 6 2
5 1 3 2 12 10 9 13 15 14 8 6 11 7 4
13 5 12 15 3 1 14 4 7 6 2 9 11 10 8
5 2 14 9 12 13 1 10 6 8 7 15 4 11 3
10 5 9 2 11 12 7 4 1 15 14 3 13 6 8
6 9 8 7 2 11 10 3 15 14 4 12 5 13 1
6 2 13 3 12 10 9 11 14 8 1 4 7 15 5
11 13 15 1 8 4 12 3 6 9 2 14 5 10 7
9 7 14 2 3 5 4 11 1 6 12 10 13 15 8
12 10 9 5 2 11 1 4 13 8 14 15 6 7 3
10 1 12 9 11 5 14 8 13 15 2 3 4 6 7
5 7 2 6 4 12 8 11 15 14 10 9 13 3 1
5 9 8 1 11 13 4 10 14 2 12 3 6 15 7
11 2 15 7 8 4 12 3 10 9 1 6 14 13 5
10 4 2 1 14 5 9 11 13 15 12 3 7 6 8
9 13 12 5 8 6 1 3 15 2 10 14 7 11 4
10 1 8 2 12 4 7 3 6 9 14 15 11 13 5
5 1 13 6 12 10 9 4 8 15 2 14 11 7 3
13 10 12 15 14 5 7 8 6 9 1 3 4 11 2
6 7 2 1 14 10 8 13 15 9 4 12 11 3 5
9 3 12 2 4 10 1 11 13 14 8 15 7 6 5
6 2 9 5 11 1 12 13 10 15 14 3 4 7 8
9 10 13 7 12 5 4 3 8 6 2 14 11 15 1
13 9 12 3 11 5 14 8 6 2 1 10 7 15 4
5 3 13 15 14 4 7 10 1 9 8 12 11 6 2
5 7 8 15 12 1 9 11 14 2 4 6 13 10 3
12 1 2 5 4 6 9 3 13 14 10 15 11 7 8
12 1 2 7 11 5 8 4 6 15 10 9 14 13 3
9 7 2 3 11 4 14 13 1 6 8 12 15 10 5
6 13 8 5 4 10 12 11 14 15 2 9 7 3 1
5 1 12 15 2 4 7 11 8 9 14 10 6 13 3
5 13 8 2 4 10 9 3 15 14 1 12 11 6 7
13 3 8 2 12 6 9 11 1 14 10 15 4 7 5
6 1 9 5 3 10 12 11 13 8 4 14 7 15 2
12 4 2 7 11 5 8 13 10 15 14 9 6 3 1
5 9 12 15 2 1 7 3 14 6 8 10 11 13 4
