17528 16505 11695 9733 8125 6772 6163 3588 3784 2961 2162 2162 1353 1408 1136 1005 950 476 469 458 330 256 227 128 104 91 73 73 72 49 40 31 32 15 11 7 6 4 5 3 2 2 2 1 1 1 1
3 9 11 5 10 7 8 12 2 4 1 6
8 11 9 3 1 4 12 10 5 2 7 6
1 8 5 6 3 11 9 4 2 10 7 12
3 2 9 12 6 8 10 11 7 4 1 5
9 6 12 7 8 3 1 11 10 4 2 5
6 8 11 12 5 2 10 7 4 1 9 3
1 9 5 7 6 8 3 10 11 2 12 4
4 1 3 5 11 2 9 6 7 10 12 8
9 3 8 6 11 10 2 4 1 5 7 12
1 8 11 3 5 2 9 7 4 10 12 6
2 6 11 3 8 10 7 12 1 5 9 4
8 9 12 10 11 7 1 6 2 4 5 3
9 11 3 7 6 10 12 8 4 1 2 5
4 1 9 5 8 7 3 12 11 10 2 6
6 11 7 12 3 5 1 8 10 2 9 4
2 6 3 9 4 10 11 7 1 12 5 8
4 2 11 10 5 3 9 7 6 1 12 8
3 1 11 6 5 10 7 8 4 2 9 12
1 11 12 6 9 8 7 4 5 10 2 3
11 8 12 10 3 7 2 1 6 4 9 5
8 6 7 9 10 3 11 4 2 1 5 12
8 1 9 7 4 10 3 12 11 2 5 6
3 2 7 10 6 5 1 4 11 12 9 8
3 1 9 5 11 7 2 8 10 4 12 6
1 11 7 5 9 4 3 6 10 12 2 8
11 8 9 7 6 4 3 1 5 10 2 12
3 11 7 6 4 8 9 10 5 1 2 12
6 1 7 9 11 3 2 8 4 10 12 5
9 6 7 3 4 10 11 1 2 12 5 8
11 8 12 5 9 3 7 10 1 4 2 6
2 11 9 7 5 8 3 6 10 1 12 4
3 2 8 7 11 5 1 6 4 10 9 12
11 3 9 5 6 10 7 8 1 2 12 4
9 11 7 10 3 8 2 6 4 1 12 5
6 11 8 5 3 10 7 1 2 4 9 12
8 1 12 10 9 5 3 7 11 4 2 6
9 3 7 6 11 5 1 8 4 10 2 12
9 1 12 10 3 8 7 6 11 4 2 5
8 11 7 5 6 3 1 10 4 2 9 12
6 3 12 7 9 8 1 10 11 4 2 5
3 1 9 7 5 10 2 8 11 4 12 6
11 1 9 10 3 8 7 6 4 2 12 5
3 11 9 6 5 8 7 10 1 4 2 12
11 1 12 7 9 5 3 8 4 10 2 6
2 3 12 5 4 8 7 1 11 10 9 6
11 1 9 7 4 10 3 8 5 2 12 6
8 6 7 10 9 3 11 1 2 4 5 12
