13127 10983 10188 9116 8497 6796 5529 5119 4011 3740 2935 2330 2322 2218 2053 1295 1319 1232 1198 877 637 667 594 458 443 363 277 264 208 192 174 123 126 91 71 61 71 56 42 32 29 21 20 16 15 12 7 8 7 6 4 3 3 3 3 2 1 1 1 1 1 1
9 10 4 7 5 11 3 8 1 6 2
10 3 9 1 4 5 2 11 8 7 6
11 4 5 6 7 1 9 3 2 8 10
8 7 1 10 9 6 4 2 5 3 11
3 2 7 5 6 8 10 9 4 11 1
5 4 2 7 11 3 1 6 9 10 8
4 11 8 3 2 9 6 5 10 1 7
6 1 3 11 8 10 5 4 7 2 9
2 5 10 8 1 4 11 7 3 9 6
7 9 6 2 10 5 8 1 11 4 3
1 8 7 9 3 11 10 5 6 2 4
9 6 1 4 11 2 3 8 10 7 5
9 5 8 1 2 7 6 10 11 4 3
6 11 2 9 3 8 7 4 10 5 1
2 3 11 6 5 10 8 7 1 9 4
5 11 9 4 8 1 3 6 2 7 10
1 2 4 11 9 3 5 8 6 10 7
7 10 1 8 4 5 11 9 2 6 3
4 7 10 8 6 1 9 2 11 3 5
5 6 9 4 11 7 1 10 3 2 8
2 9 1 11 8 4 3 7 5 10 6
1 10 6 9 2 5 8 4 3 7 11
2 5 10 8 3 9 4 11 7 1 6
11 7 8 1 9 3 2 10 5 6 4
6 8 2 4 11 10 5 7 3 9 1
9 6 11 2 5 8 7 1 4 3 10
11 2 7 8 4 3 10 5 6 1 9
7 1 5 11 2 10 6 3 9 8 4
5 2 8 1 3 6 9 4 10 11 7
2 8 5 4 6 9 3 1 7 10 11
3 1 7 10 8 4 2 5 9 11 6
9 10 4 7 8 3 11 6 5 2 1
1 5 11 9 4 6 10 7 2 8 3
4 6 1 11 5 7 3 10 8 2 9
5 7 2 1 9 8 6 4 3 11 10
4 8 9 6 2 3 7 1 11 10 5
9 6 2 8 4 5 1 3 7 10 11
5 8 4 7 3 6 2 11 9 1 10
4 10 8 2 5 7 9 6 11 3 1
11 1 9 4 6 8 3 7 10 2 5
7 10 1 2 8 4 5 6 3 11 9
3 7 6 10 11 1 8 4 2 9 5
1 5 7 6 11 8 2 4 10 3 9
4 6 11 9 2 3 5 1 8 10 7
11 6 8 1 3 4 9 7 5 2 10
1 7 4 2 6 5 8 10 9 11 3
3 8 6 10 4 7 2 5 1 9 11
3 10 7 4 6 9 5 1 2 8 11
4 8 11 7 6 5 2 3 10 1 9
7 10 6 2 4 1 8 11 5 9 3
11 1 5 6 3 4 9 10 8 2 7
1 5 9 7 4 3 8 6 2 11 10
9 6 4 8 5 7 2 11 10 3 1
3 8 11 10 5 6 9 7 1 2 4
4 5 9 7 2 8 6 10 3 11 1
11 1 10 9 4 3 5 6 2 8 7
9 6 10 8 3 4 2 7 5 1 11
7 8 1 2 3 6 5 4 10 9 11
1 8 5 4 3 7 6 11 9 2 10
9 5 10 4 6 8 1 3 2 11 7
1 10 7 6 4 3 2 11 5 8 9
7 6 8 2 5 4 9 10 1 3 11
