23647 17795 8092 8831 7813 5486 5486 4035 2967 2487 2568 2487 1389 1583 904 938 634 433 402 304 292 270 203 163 169 123 84 78 49 49 43 29 37 27 18 17 13 11 9 7 5 4 4 3 3 2 2 1 1 1 1 1
13 10 7 8 2 5 4 14 11 1 9 6 3 12
1 5 9 14 13 6 8 10 2 3 4 7 12 11
5 1 7 2 11 3 4 13 8 14 12 6 10 9
11 7 1 10 13 14 5 3 9 4 2 12 8 6
12 9 10 6 8 13 4 5 11 1 7 14 3 2
1 8 4 3 9 11 2 7 14 5 12 10 6 13
5 10 2 4 11 9 7 8 3 13 6 1 14 12
7 5 10 9 4 14 12 13 1 3 8 11 2 6
7 14 4 11 1 9 2 12 5 8 3 6 10 13
4 11 12 10 13 3 1 8 2 14 5 7 6 9
10 12 3 1 9 11 7 14 2 8 13 6 4 5
13 4 7 14 3 1 11 2 5 10 6 9 8 12
14 11 6 3 8 12 5 13 7 4 1 10 2 9
1 5 2 9 6 3 8 7 4 14 10 11 12 13
14 11 10 6 8 13 4 5 7 3 1 2 12 9
5 14 10 11 6 9 8 13 4 1 7 2 3 12
1 11 6 3 9 12 4 7 8 5 10 14 2 13
12 1 4 10 11 14 5 8 2 3 13 7 6 9
12 4 10 1 13 11 2 8 7 5 6 14 3 9
10 1 12 3 11 9 8 14 7 4 5 2 6 13
14 1 10 4 13 12 11 2 8 3 7 9 6 5
5 12 6 10 9 11 4 7 14 8 1 2 3 13
11 10 12 9 3 1 7 5 2 4 6 14 8 13
13 11 4 6 9 12 2 8 3 1 10 7 14 5
10 7 6 1 11 13 8 3 9 14 2 12 4 5
13 4 10 11 8 1 7 5 2 3 6 9 14 12
12 11 2 6 3 13 5 14 4 1 10 7 8 9
11 14 2 1 6 12 5 8 3 10 7 9 4 13
1 10 7 6 13 11 2 14 8 4 5 12 3 9
1 11 4 10 3 9 2 5 14 8 12 7 6 13
5 7 2 10 8 13 11 3 14 4 1 12 6 9
13 10 12 9 1 11 4 5 7 14 3 2 8 6
7 10 3 6 11 12 4 2 8 1 13 9 14 5
5 14 10 4 1 13 7 12 9 8 2 11 3 6
13 4 7 1 8 11 5 14 9 10 6 2 3 12
14 11 6 9 3 1 8 12 5 10 2 7 4 13
7 14 4 10 11 9 5 2 8 1 3 12 6 13
13 4 12 10 1 9 11 14 7 3 6 2 8 5
11 14 4 1 13 12 7 8 5 3 10 2 6 9
1 7 2 9 13 11 5 3 14 4 10 12 8 6
13 10 12 4 8 1 11 2 5 14 3 7 6 9
5 10 7 11 6 13 8 14 3 1 2 12 4 9
14 11 6 4 1 13 2 12 9 3 10 7 8 5
1 5 6 9 11 12 4 2 8 10 3 7 14 13
5 14 10 11 8 1 7 2 9 4 13 12 3 6
5 11 12 6 1 13 8 14 7 3 10 2 4 9
13 12 7 9 6 1 4 3 14 10 2 11 8 5
5 7 10 1 8 13 11 12 3 14 6 2 4 9
13 5 6 10 1 11 7 8 3 4 2 12 14 9
1 7 4 9 6 11 5 12 8 3 10 2 14 13
13 10 3 1 11 12 2 8 5 14 6 7 4 9
1 5 7 9 8 13 11 14 4 10 2 12 3 6
