9002 8343 8166 7232 6484 6206 5565 5492 4572 4840 3994 3590 2703 2544 2125 2006 1894 1795 1362 1498 1172 1125 963 698 710 651 637 555 518 460 402 388 289 232 218 203 162 169 136 113 101 88 72 75 53 51 51 37 30 24 27 24 21 17 15 12 11 10 9 8 7 5 6 5 4 3 3 2 2 2 2 1 1 1 1 1 1 1 1 1
6 8 2 11 10 4 1 14 7 3 13 12 5 9
13 3 4 12 8 6 2 5 9 7 1 10 14 11
10 2 9 4 3 8 12 13 6 1 14 11 5 7
5 14 3 13 11 10 7 1 8 4 2 9 12 6
2 13 6 7 14 11 5 10 12 9 4 1 3 8
14 11 4 6 9 12 8 7 10 5 3 2 1 13
12 7 1 8 6 13 14 2 5 11 10 3 9 4
1 9 8 2 5 7 3 4 13 10 6 14 11 12
3 12 5 10 13 9 6 8 4 14 11 7 2 1
8 6 14 1 4 2 9 11 3 12 7 5 13 10
4 1 13 5 7 3 11 12 14 6 9 8 10 2
9 13 12 3 2 4 10 6 11 8 5 1 7 14
11 8 10 14 1 6 4 3 2 13 12 9 7 5
10 4 6 14 12 1 5 9 7 2 11 13 8 3
7 10 11 9 3 14 4 5 1 2 8 12 6 13
6 5 9 7 8 3 1 10 4 13 12 2 14 11
4 3 7 11 5 9 8 1 12 6 13 10 2 14
11 4 5 3 12 10 13 9 14 8 7 6 1 2
9 11 1 2 13 8 12 3 5 14 10 4 6 7
5 14 8 12 1 7 6 2 10 13 9 11 4 3
13 7 3 4 11 5 9 14 8 2 6 12 10 1
2 10 1 6 4 12 7 13 3 5 14 8 11 9
3 2 9 8 10 1 14 4 12 11 5 7 13 6
8 1 11 13 6 14 10 7 2 9 4 3 12 5
6 14 5 10 7 13 1 8 11 12 3 2 9 4
9 11 6 13 14 2 4 12 5 1 7 3 8 10
3 5 7 8 2 4 11 1 9 14 13 12 10 6
11 8 4 9 6 2 13 3 14 10 12 1 7 5
8 7 14 6 12 13 2 11 1 3 10 4 5 9
4 5 12 14 7 11 3 13 10 9 2 8 6 1
5 13 4 10 2 1 12 8 9 3 6 7 11 14
13 1 11 12 9 8 10 5 4 2 14 6 3 7
2 4 6 7 8 14 1 12 13 10 3 5 9 11
1 11 10 8 6 3 14 7 2 5 9 13 12 4
7 8 3 4 11 12 9 2 10 6 5 14 1 13
6 13 7 5 12 2 3 14 1 8 9 11 4 10
9 14 6 10 2 5 12 3 7 1 11 13 8 4
8 3 14 1 10 12 4 7 5 11 6 9 13 2
4 2 3 9 5 11 8 13 7 6 12 10 14 1
9 8 7 2 1 5 6 4 13 10 3 14 12 11
1 4 10 11 9 13 12 2 14 5 8 3 6 7
13 10 9 6 12 4 7 8 3 1 5 11 2 14
6 8 5 13 14 7 11 4 1 12 10 2 3 9
2 14 4 12 8 1 10 11 13 6 3 5 9 7
3 10 7 9 5 4 13 1 2 14 11 8 12 6
4 8 5 1 6 14 2 9 7 3 12 13 10 11
7 4 10 11 1 3 9 12 2 13 5 6 8 14
10 3 9 12 2 7 11 1 5 14 8 4 6 13
8 13 11 14 7 5 1 3 4 2 6 10 9 12
4 14 6 10 5 8 3 13 1 7 12 2 11 9
5 11 7 9 1 13 4 3 14 12 6 8 2 10
6 13 12 8 7 1 3 5 10 11 2 4 14 9
2 7 3 6 14 4 8 11 5 10 9 13 1 12
11 3 9 2 10 12 4 14 7 5 8 1 13 6
8 14 6 12 9 13 2 7 4 3 5 10 11 1
8 4 12 5 6 10 11 2 1 14 3 9 7 13
13 3 10 14 6 1 12 9 5 7 8 2 4 11
7 10 1 13 8 3 9 4 14 11 2 5 12 6
3 8 5 2 12 11 1 9 7 13 14 4 6 10
2 5 3 12 14 8 6 13 4 1 10 11 9 7
9 14 4 8 5 10 12 2 7 3 11 1 6 13
10 11 8 1 9 4 6 7 3 13 14 5 2 12
1 5 9 11 7 8 2 3 4 10 13 6 14 12
13 3 7 9 6 4 10 14 5 2 11 8 12 1
4 8 6 13 1 12 11 5 9 7 3 2 10 14
9 5 11 14 10 2 8 4 1 3 13 6 7 12
7 4 11 5 2 3 12 13 10 14 8 9 1 6
10 11 6 13 8 12 2 4 3 1 14 5 7 9
3 11 8 10 14 2 9 7 1 13 5 4 12 6
4 8 5 2 12 10 3 1 14 11 13 9 6 7
13 3 7 1 8 11 6 2 10 12 9 5 4 14
5 14 4 6 10 13 7 12 9 3 8 1 2 11
11 4 3 10 2 12 8 9 13 14 5 6 7 1
10 8 5 6 14 3 4 9 1 7 2 11 12 13
2 4 6 5 7 11 8 13 9 3 14 1 10 12
6 7 4 12 8 3 10 11 14 1 5 2 9 13
7 14 8 13 12 4 9 1 3 5 2 10 6 11
3 5 10 9 14 8 1 12 13 7 11 6 4 2
4 11 9 1 10 12 7 13 5 14 3 8 2 6
1 10 12 14 6 13 3 4 2 11 8 5 7 9
