0.2599163596676544 0.2585631089865433 0.13439832435455584 0.11126004125686004 0.033681709506505106 0.029235657375076374 0.03159732461066993 0.028292119631361367 0.032570176390951035 0.016746505334852325 0.022066413449503462 0.01201156907251451 0.009677059078908899 0.010305901532836104 0.009677729751207313
7 6 1 4 2 5 3 8
6 8 1 4 7 3 5 2
2 4 7 5 1 8 6 3
5 7 6 3 4 2 1 8
3 6 2 7 5 1 8 4
8 4 6 2 3 5 7 1
6 5 8 3 7 1 2 4
2 8 6 7 3 4 5 1
7 6 1 4 8 5 3 2
7 8 2 3 5 1 6 4
2 6 1 3 7 5 8 4
6 4 7 5 3 1 8 2
6 7 2 4 5 8 3 1
7 6 8 4 1 2 5 3
5 8 6 7 4 1 3 2
