23844 14916 14879 7695 7329 6180 4417 3220 3220 2654 2073 1600 1147 917 936 880 516 596 540 563 436 258 257 165 141 136 95 76 78 53 37 37 19 19 12 11 11 9 7 4 4 3 2 2 1 1 1 1 1 1
4 3 12 5 13 9 1 11 10 2 7 8 6
6 1 3 9 13 5 11 2 8 12 10 4 7
2 10 13 6 9 5 12 4 11 8 3 1 7
6 4 3 9 12 11 5 7 1 8 10 13 2
11 6 7 4 10 12 5 9 3 8 2 13 1
9 12 3 5 10 13 11 7 1 6 2 4 8
4 11 7 13 12 5 3 9 6 2 1 8 10
11 4 5 13 12 9 2 8 10 7 6 1 3
3 8 1 4 9 13 11 10 6 12 7 5 2
10 7 9 13 12 4 3 6 11 5 1 8 2
6 5 7 4 8 9 2 11 3 12 13 1 10
6 11 1 13 2 9 5 7 8 12 4 10 3
1 7 8 4 9 11 10 6 3 13 12 5 2
9 11 5 1 10 7 12 13 6 8 2 4 3
3 4 7 13 11 5 9 8 1 6 10 12 2
2 1 8 5 9 11 10 4 6 13 7 12 3
6 12 3 13 11 7 5 8 10 9 1 4 2
1 3 13 6 11 2 4 9 8 7 12 5 10
11 7 6 4 8 5 9 13 10 12 2 1 3
4 10 9 1 12 7 11 6 8 5 3 13 2
6 11 8 5 10 9 3 12 1 7 13 4 2
9 7 3 13 11 12 2 8 5 6 4 1 10
1 7 5 13 11 4 2 9 6 8 10 12 3
3 12 1 6 10 11 9 13 5 7 4 8 2
9 11 8 1 2 4 5 12 10 6 7 13 3
11 12 3 6 8 4 5 13 1 9 7 10 2
3 7 6 13 12 11 4 9 5 8 2 1 10
6 11 7 1 10 2 9 8 5 12 13 4 3
9 7 1 4 11 13 3 12 6 8 2 5 10
4 3 7 5 9 11 2 6 1 12 13 8 10
2 12 8 1 10 7 11 9 5 6 4 13 3
1 3 6 13 12 11 10 4 5 9 7 8 2
4 12 6 5 9 7 11 8 1 13 3 10 2
1 10 7 5 2 4 9 8 11 6 12 13 3
11 7 5 1 8 2 9 12 6 13 10 4 3
4 10 3 6 9 7 11 12 1 8 13 5 2
1 12 7 4 10 11 9 8 5 6 2 13 3
9 7 8 1 11 4 2 12 6 13 3 5 10
6 7 5 13 12 2 11 9 1 8 4 10 3
9 12 3 1 11 7 10 8 5 6 13 4 2
1 7 8 6 12 11 10 9 5 13 3 4 2
6 12 3 1 9 7 2 13 11 5 4 8 10
6 3 5 13 2 4 9 12 11 8 7 1 10
11 10 9 6 12 7 3 8 5 13 4 1 2
1 3 7 6 8 4 9 13 11 12 2 5 10
6 3 5 4 8 13 11 12 1 9 7 10 2
11 7 3 6 9 4 2 8 5 12 13 1 10
6 3 5 1 8 7 10 13 11 9 12 4 2
3 7 9 6 2 13 11 12 1 8 4 5 10
1 10 7 4 12 11 9 8 5 6 3 13 2
