# This file is part of QOBLIB - Quantum Optimization Benchmarking Library
# Licensed under the Creative Commons Attribution 4.0 International License.
# You may obtain a copy of the License at
#
#     https://creativecommons.org/licenses/by/4.0/
#
# You are free to share and adapt the material for any purpose, even commercially,
# as long as you give appropriate credit and indicate if changes were made.

6 90
7818 6698 3257 4698 3883 8338 70 5377 7210 7688 3237 5382 5960 4717 5372 3246 3254 6319 4082 6330 4693 6002 4370 5998 5172 5651 3518 5500 1695 7106 4968 8084 2002 4701 483 6008 535 1700 5368 1447 6405 904 9254 4959 5258 4699 4965 6633 9957 6002 3215 5011 4982 5397 570 6269 4971 3251 3903 77 4969 3233 4960 4702 2764 5995 5397 5377 5997 3408 6010 3235 7386 4678 5590 3240 3881 5384 4678 4708 4182 4967 4878 5977 6661 5374 4978 8781 6003 5472 218742
7499 5677 4708 6675 4948 965 7800 6443 1558 7171 4715 6441 7060 6728 6433 4694 4728 4675 4045 9849 6689 4147 7829 4148 6496 3383 1495 6183 4427 1940 4788 9876 3284 6698 693 4133 3441 3851 6450 6438 5537 4474 5210 4766 7612 6655 4757 5099 2672 4149 4697 4187 4762 6436 5552 6298 4795 4724 9206 7362 4753 4717 4756 6650 7605 4156 6439 6449 4128 7903 4151 4703 3148 6680 6135 4704 3945 6430 6680 6683 5218 4791 6836 4162 4908 6442 4778 4643 4152 6846 240871
2470 2077 3643 3904 3442 7133 3496 4672 4883 8366 3624 4677 1732 4541 4659 3625 3657 4276 4943 4798 3913 4940 562 4938 4964 8622 4513 1359 4912 3838 4857 9999 4485 3885 9373 4945 6322 8010 4649 87 3929 2871 6323 4853 1582 3901 4856 3790 3046 4957 3645 5146 4843 4646 4526 4840 4837 3623 2996 7361 4853 3636 4830 3912 7112 4922 4669 4663 4945 95 4949 3650 4641 3906 2120 3631 4810 4678 3877 3913 5761 4832 4077 4924 94 4657 4855 2111 4944 5715 198072
4811 7028 5675 6826 6206 303 6824 4189 3382 84 5649 4181 5501 3112 4176 5674 5673 3385 9153 9891 6809 5059 5334 5066 7149 3890 9741 7789 7675 6313 5685 2895 7830 6798 5687 5038 7343 8031 4181 7078 7967 5306 9271 5676 8110 6830 5675 2728 3026 5039 5685 7421 5664 4189 72 3790 5668 5672 4802 7637 5662 5671 5668 6846 5154 5057 4173 4179 5058 4954 5056 5672 4640 6817 3560 5656 8232 4172 6832 6823 4802 5673 6980 5061 1886 4167 5677 5852 5018 1050 246695
617 373 6366 4276 8763 7585 68 4573 3797 3840 6366 4582 7350 6661 4604 6367 6352 6277 2087 7100 4318 3575 5004 3578 5953 4923 1655 3296 5765 2425 4093 4708 6826 4305 1870 3574 5026 4137 4579 7851 5403 9261 2460 4085 4872 4319 4083 6976 3960 3592 6374 2516 4103 4602 5978 2274 4078 6361 3381 7614 4106 6353 4102 4328 3730 3573 4566 4604 3573 7089 3576 6370 69 4317 5995 6376 56 4584 4321 4304 4493 4118 4473 3569 7867 4597 4099 1975 3557 6645 206571
977 4499 4688 4856 4721 69 7779 4105 6623 8438 4698 4103 2830 6167 4105 4685 4673 4418 5849 8660 4834 6280 6771 6252 141 1836 3882 6208 4923 8093 4648 4280 2238 4857 6999 6281 4792 4132 4110 4925 696 2089 2902 4642 8258 4855 4635 2728 2721 6278 4668 4225 4635 4093 9628 5140 4652 4672 2186 7425 4652 4689 4619 4854 4905 6286 4083 4119 6292 5599 6293 4684 8511 4852 5144 4669 7634 4111 4872 4824 5225 4616 5033 6257 6781 4105 4623 4000 6270 5061 221108
