# This file is part of QOBLIB - Quantum Optimization Benchmarking Library
# Licensed under the Creative Commons Attribution 4.0 International License.
# You may obtain a copy of the License at
#
#     https://creativecommons.org/licenses/by/4.0/
#
# You are free to share and adapt the material for any purpose, even commercially,
# as long as you give appropriate credit and indicate if changes were made.

5 81
3018 9535 17277 9680 11325 9513 16135 9515 13311 8379 9665 13697 8752 9515 7489 10705 18468 3009 14960 6623 6622 7783 4317 16711 9662 13278 6612 9406 8295 9520 8307 9672 7756 4272 14117 5326 8292 11254 13716 8302 9531 13697 6632 2664 13326 8735 2361 6622 8309 8290 9417 14416 17331 2898 6616 13762 8295 13546 11728 18342 8988 10018 9659 9524 6615 8874 6604 4019 14413 8292 811 9523 6618 864 8296 4723 9672 7915 8298 9670 12875 378290
7974 10099 10864 11854 1922 10101 2143 10120 8984 893 11867 9392 10569 10101 5595 16677 13838 7484 16505 8761 8764 16536 18548 6212 11837 9013 8765 17593 9026 10108 8985 11863 5650 2761 9097 14594 9057 6221 9399 9011 10067 9392 8748 6499 9017 10594 15293 8775 9051 9532 7950 10287 10104 10552 8743 2623 9057 7763 6703 4236 8436 14075 11838 10102 8744 16986 8758 17112 3088 9052 14539 10068 15183 8733 9030 12965 11844 13962 9000 11846 12738 400934
3290 9429 187 9376 11493 9450 12819 9438 7630 10371 9382 8025 9803 9468 17072 5512 7339 10797 7049 11727 11697 9929 13164 10233 9371 7618 11701 14638 9517 9459 9539 9360 16701 9484 11249 12235 9556 9404 8055 9515 9460 8032 11702 10006 7620 9790 2965 11712 9541 8763 16742 859 11546 4707 11735 19574 9516 13721 2965 189 7150 9197 9362 9430 11722 16899 11709 16223 8758 9529 13043 9477 2983 815 9552 17822 9356 13179 9486 9358 13659 395968
14625 9377 12718 8891 18488 9416 6586 9386 12985 10430 8905 13405 10043 9355 12989 5583 17294 11049 5237 10515 10517 9195 5123 9863 8871 13059 10511 11758 10651 9406 10697 8873 10781 19174 8221 14803 10661 8028 13423 10724 9382 13414 10505 10232 13011 10046 12159 10531 10693 11611 16241 10286 9261 3075 10529 4590 10710 9944 14811 13775 15839 14984 8911 9408 10503 3213 10523 9926 14168 10691 8143 9387 16431 9103 10724 4363 8898 12529 10718 8880 3728 428746
17913 9890 6224 9791 877 9917 4716 9911 8632 19697 9841 9038 11128 9900 8114 9071 17368 17762 5765 11112 11190 7457 16496 9464 9820 8659 11134 9848 12135 9890 12129 9795 8316 6287 11667 595 12125 13688 9047 12142 9890 9035 11118 15950 8631 11163 14893 11145 12143 11269 3115 19790 9713 18804 11148 15501 12130 8943 12560 7926 12766 7676 9826 9891 11148 13330 11133 11620 8567 12133 10826 9864 7903 19236 12077 9160 9804 4858 12129 9793 8234 432696
