# This file is part of QOBLIB - Quantum Optimization Benchmarking Library
# Licensed under the Creative Commons Attribution 4.0 International License.
# You may obtain a copy of the License at
#
#     https://creativecommons.org/licenses/by/4.0/
#
# You are free to share and adapt the material for any purpose, even commercially,
# as long as you give appropriate credit and indicate if changes were made.

8 88
606 135 499 897 600 577 416 543 950 346 902 438 601 231 204 592 576 519 604 698 96 505 383 664 244 593 650 396 762 380 607 583 31 241 398 962 563 604 519 827 612 615 622 612 394 401 60 474 490 498 174 616 471 600 617 577 747 153 538 678 480 472 385 433 580 462 37 422 384 271 597 393 600 923 36 919 580 999 607 736 396 424 926 457 454 324 375 733 22648
11 420 660 686 479 459 531 640 418 29 749 571 481 322 238 599 598 765 492 617 838 673 462 490 725 586 348 462 908 463 476 493 794 20 465 852 810 482 235 694 478 458 449 456 460 628 756 646 335 664 294 451 653 464 455 598 578 937 416 606 697 645 470 580 591 653 410 576 463 640 479 472 490 922 36 316 592 268 479 671 468 578 416 636 629 766 631 347 23372
302 668 672 206 368 854 428 291 21 100 732 609 364 560 425 366 369 576 360 972 102 679 511 367 209 361 219 518 364 512 490 364 218 814 525 300 549 361 70 722 369 492 483 772 511 426 142 397 26 673 872 484 394 480 718 368 408 439 404 635 668 386 522 608 368 384 817 602 513 38 364 519 371 521 666 262 376 401 362 592 498 607 323 400 741 366 690 362 20159
592 268 440 45 352 272 495 877 66 325 211 565 360 691 28 298 302 21 359 302 683 439 458 361 150 305 827 446 77 458 457 351 745 658 452 324 517 346 722 21 353 465 466 167 470 530 413 451 173 437 638 469 447 476 709 304 734 655 652 741 896 444 465 559 307 454 538 552 457 403 363 462 349 278 467 16 300 654 352 404 450 565 533 448 635 328 71 356 18761
703 372 386 635 578 674 466 42 788 999 263 400 578 243 579 656 652 732 574 162 828 386 426 618 647 652 44 424 911 420 473 581 447 850 425 479 228 574 476 560 579 466 453 630 420 716 256 514 999 396 301 472 509 474 206 664 136 688 408 471 293 509 418 396 655 504 824 393 418 463 582 438 590 623 689 907 646 338 582 517 425 407 305 514 229 136 107 605 22101
678 584 456 369 403 188 472 752 796 335 49 493 394 272 617 490 500 225 406 184 651 458 521 379 515 484 255 518 185 506 360 397 798 647 509 247 193 400 528 537 400 358 355 201 517 529 676 458 236 458 512 359 459 369 105 497 615 404 553 644 214 465 521 486 485 460 727 494 516 762 399 497 405 344 788 3 491 394 401 791 516 491 78 448 424 795 945 212 20004
765 478 366 780 578 281 553 611 426 584 754 605 567 845 990 523 524 913 577 250 484 363 484 403 695 531 447 493 349 493 371 579 165 499 503 188 948 587 609 573 580 360 374 937 497 748 813 625 881 369 670 363 627 366 697 529 652 283 633 354 61 629 499 602 525 627 277 588 490 626 570 497 580 37 646 262 520 311 578 118 494 581 541 623 507 414 137 220 22826
493 858 280 445 521 854 428 282 268 691 22 424 524 605 435 408 383 36 534 332 44 281 528 513 686 410 949 529 255 528 535 525 675 214 515 464 286 527 696 28 525 524 539 338 529 448 797 442 621 282 237 535 446 541 144 394 448 617 521 268 62 438 519 438 388 432 451 430 527 868 523 524 531 219 669 849 396 337 525 418 520 438 672 436 753 617 363 922 20736
