# This file is part of QOBLIB - Quantum Optimization Benchmarking Library
# Licensed under the Creative Commons Attribution 4.0 International License.
# You may obtain a copy of the License at
#
#     https://creativecommons.org/licenses/by/4.0/
#
# You are free to share and adapt the material for any purpose, even commercially,
# as long as you give appropriate credit and indicate if changes were made.

5 81
17145 2 18285 0 10740 5093 12891 15975 12652 18865 18351 8333 2064 13851 11382 10686 18418 18868 329 14607 13670 15758 11950 12186 2460 14911 19399 6996 6225 9226 12299 866 10311 6515 6314 16616 9590 8397 13876 18952 14680 2948 11637 19158 8574 18611 9183 4655 5041 9865 714 14014 15373 2300 9797 19545 1125 10041 258 4522 10768 16464 15537 16309 12245 3676 17482 3503 13299 12150 15650 13292 5971 17002 18047 2009 15819 13168 7161 2681 15898 437613
13237 19999 5929 19998 13987 19997 19990 19993 17181 15629 14786 12615 12898 5194 13782 7990 13757 18810 19451 8507 11791 18474 3471 14482 15667 14202 2183 9434 9299 693 6308 4372 14288 10291 19088 10060 17560 6008 18940 18772 4158 4912 6388 17550 11730 12373 1007 1259 13807 466 19656 16483 14984 3409 9191 11155 9828 12557 11804 9844 17261 9120 1507 18301 8786 4324 8117 517 1720 2443 3514 14584 19773 10826 1578 11507 4992 13864 10505 8130 2327 442685
6143 19999 19463 19999 4478 19997 19997 19987 9647 1134 7751 3629 12005 7860 14521 14029 18497 11804 9121 11957 8340 4795 3319 11571 3928 15043 9884 3942 3611 3520 17510 6509 17687 15471 16147 16425 1235 7040 7126 18331 2003 14458 9118 10041 5762 16988 16855 1529 19038 17080 18861 19444 68 14339 18281 19943 18707 7708 316 3477 8074 2598 14286 13394 1901 10882 5645 5695 14609 11849 15288 15692 356 1993 6092 17889 2040 7499 14537 12152 9521 434730
4336 19990 10438 18842 19006 17788 10915 17068 13956 7789 13781 14650 4188 7956 7139 5424 2868 5670 16254 19880 11984 13990 16709 14837 9842 12865 19939 14682 14656 15424 16742 15934 14760 6750 18794 210 9350 14546 6375 4227 749 14079 16104 15899 6712 10222 6859 500 13153 19713 6033 18126 3092 15796 13690 7339 14250 18017 16732 14804 252 1116 2660 13864 10390 4719 14167 13641 19696 11346 11743 18875 7062 17025 6228 18048 4926 18885 2082 17408 10462 473509
200 0 7 4 4773 1 10 0 0 0 15666 3784 1725 4199 4478 4442 11587 3637 3690 9899 7091 10085 17573 11200 1543 19030 10924 12235 16835 7165 4682 3610 3956 6303 8359 9060 5342 7318 17080 8535 2103 11217 9669 7155 4860 127 4072 11731 5913 13007 12772 16561 11531 10573 16164 7832 1928 5699 19033 9067 7840 14671 9434 17516 19265 15230 900 13819 12493 2341 15919 9682 13013 18301 15415 18212 10884 1106 15073 11627 8885 344334
