# This file is part of QOBLIB - Quantum Optimization Benchmarking Library
# Licensed under the Creative Commons Attribution 4.0 International License.
# You may obtain a copy of the License at
#
#     https://creativecommons.org/licenses/by/4.0/
#
# You are free to share and adapt the material for any purpose, even commercially,
# as long as you give appropriate credit and indicate if changes were made.

5 81
2096 0 7362 16882 2287 13386 17257 10837 3 2908 12239 10176 13353 3577 11818 16054 17678 1126 1524 6708 11736 16784 12826 786 11306 12870 5335 13190 12586 11952 11625 10047 5057 3931 2845 1637 15396 14444 12341 6301 13966 1954 12033 4251 9641 12135 11348 9038 13215 3212 8657 15593 117 4914 1264 455 17693 7847 17555 910 13182 8318 1115 2251 15306 3375 4984 6525 4106 3064 4488 10829 1816 13033 3600 14591 10610 17088 12097 4912 5744 343549
11304 17998 17999 3449 11764 5376 6590 3964 6239 13364 8799 12439 11136 7480 1157 12607 3582 9831 7224 2122 4832 8288 9706 16115 14042 328 10256 3584 2420 7984 17160 146 2162 15504 16625 9934 17744 36 3901 11499 11278 3159 152 3592 6483 17950 4129 16636 10456 3969 1401 4509 11815 11852 13927 9778 15354 8122 5618 6830 4751 10227 10182 14339 9507 3738 9627 16541 17450 6179 11278 9127 601 3824 17650 10718 4354 5808 12146 13827 6792 356183
17208 17999 17999 13029 1926 3106 3700 8775 16971 10097 17656 1847 4834 3439 13578 3266 12714 10289 5606 6298 13000 9373 17933 16975 16628 15184 9964 3724 17134 15447 10448 12310 7048 12401 8315 13934 15551 5429 3005 10989 7385 1137 2505 4685 4709 10322 8092 14013 625 394 604 1991 6548 4327 17463 12481 5542 9230 8543 1575 11490 8300 9787 7572 12251 11763 12940 6148 208 9959 14657 7981 17090 11189 2655 7954 3379 5408 8034 4326 6973 363682
3948 0 3 13 0 14431 2423 957 7993 12342 9378 13810 16061 4587 2117 1169 11608 2775 15023 12241 239 8559 17695 697 17176 16420 6459 13355 16899 14396 5019 9816 143 3553 5822 3070 14526 10137 16097 11738 29 7946 2329 1871 5398 11908 6108 4512 6208 15394 13376 16606 14903 7278 1597 3655 1621 10060 2676 12910 17501 3817 9449 893 12659 1638 14151 6623 15339 3522 6580 10367 16587 12125 3305 4308 12443 9867 9566 13310 5586 329358
709 8449 8267 15556 10092 14082 9593 2565 4394 6224 6568 12514 10712 8678 14315 8232 10613 15218 15150 17894 15039 1131 17794 2105 8782 2206 16623 16465 15315 13937 14501 7903 15738 259 8030 10299 11218 1081 16647 815 1373 11311 8513 11964 7644 8491 7026 9868 342 15068 3510 7826 4463 16204 15598 11391 1886 14552 17649 3804 13839 3756 5091 15751 4425 4794 7888 2680 435 5246 4803 8927 8564 3276 9236 12804 7775 1509 3397 9016 12810 360109
