# This file is part of QOBLIB - Quantum Optimization Benchmarking Library
# Licensed under the Creative Commons Attribution 4.0 International License.
# You may obtain a copy of the License at
#
#     https://creativecommons.org/licenses/by/4.0/
#
# You are free to share and adapt the material for any purpose, even commercially,
# as long as you give appropriate credit and indicate if changes were made.

5 81
17999 15242 9268 920 14134 10331 11319 8001 10982 14719 12407 4450 13489 4799 1841 17079 8725 7167 17233 7944 13808 9079 17057 3049 7118 2568 17991 4948 8677 6841 7755 17707 15167 5028 10357 5094 5296 2710 14979 191 710 4264 6368 17826 16457 988 117 516 16513 12139 13122 3341 15821 3530 2591 7634 1426 15462 11257 14252 13494 264 14287 4300 5736 1603 6705 14863 11583 8780 11925 16037 9829 10665 6744 15795 9848 8904 15974 2974 2575 370344
6 3002 3 0 3 1 0 7206 13581 3800 6064 2195 5366 3089 16790 41 7707 595 14133 17458 6067 4602 210 14194 17059 16491 5260 10620 1637 5177 2860 11265 6247 4074 6194 13659 11492 13843 4988 2822 2498 11046 3430 16357 4560 17501 16773 10786 11477 15129 12169 7745 17641 17613 1263 5363 6013 4003 2733 109 17775 12680 13096 10318 7867 17682 15663 15578 12288 6886 2925 13607 17058 688 10885 8380 10922 13768 4563 11261 124 334012
0 2640 0 15 3532 12549 2450 12792 14539 13950 16861 3187 4927 11105 3761 12128 12761 17547 2743 3507 9683 12241 4006 419 11931 11557 13715 13462 7109 9285 10647 14838 13190 1662 6873 6770 10236 15442 7016 13725 5592 1991 8536 1632 16613 1718 9751 14656 17480 11031 10611 8782 3863 9065 6701 6143 12131 17415 6162 3204 3419 1977 16299 1247 6811 12592 13087 14202 3734 1461 954 15854 17407 1510 17210 8365 7855 7893 10666 14067 8058 351273
17999 4880 8662 2522 8093 17634 1907 6694 17580 4188 2802 5199 12519 17133 5583 709 13096 6342 17304 5646 1748 8018 11385 3568 16016 2999 9107 7405 3898 12093 5002 16150 15326 9069 189 11897 517 14172 11580 16433 6444 11394 1336 6002 6827 1570 16442 11022 1181 11323 8115 12686 8541 632 3943 10959 11264 1475 15529 14467 15545 10098 3424 17956 10512 11510 15536 16192 10179 6139 7311 2695 12012 14819 16783 16134 3567 15933 9308 10683 15154 377853
17991 11407 17999 17999 17998 17998 17999 15649 8389 4223 2283 2388 12193 14592 11204 9205 9708 4956 14683 13041 386 14588 9809 5328 5709 3122 1396 9888 6691 16077 10506 14235 10607 3228 7489 7554 2769 6832 10851 6025 1677 1041 3683 11974 14366 3633 279 17699 2688 14998 3793 1583 5301 17952 13506 4402 12696 7352 16077 10703 12289 12438 5682 4468 15612 17392 17511 1759 12864 10618 3794 16947 2328 17793 4030 17229 12452 12879 16708 10914 9641 397873
