# This file is part of QOBLIB - Quantum Optimization Benchmarking Library
# Licensed under the Creative Commons Attribution 4.0 International License.
# You may obtain a copy of the License at
#
#     https://creativecommons.org/licenses/by/4.0/
#
# You are free to share and adapt the material for any purpose, even commercially,
# as long as you give appropriate credit and indicate if changes were made.

7 86
1795 1731 1717 1849 1827 1389 2513 1746 1737 401 1767 1525 1741 2262 1719 1577 1201 1741 944 2216 1740 1724 1039 2349 1707 1587 1763 1568 1834 2454 1848 1716 613 1644 1733 812 1649 1513 2471 1960 1839 1994 1850 2599 2303 1741 1838 1441 2654 1849 1638 1775 2201 1585 2111 2303 1996 1717 1436 1020 1582 1752 1777 1738 1738 1748 922 1765 637 1740 1840 1841 1778 1826 2849 2541 1767 2038 1776 769 425 1564 1647 1575 2290 2339 74638
1651 1877 1884 2085 2085 1805 1915 1889 1863 1776 1667 1552 1882 747 1868 2475 2371 1878 2364 221 1884 1849 2495 214 1855 1689 1840 1628 2106 2030 2001 1853 1440 1781 470 1367 1781 1050 2784 2092 2036 1728 2110 1413 2123 1843 2090 2172 2341 2084 2076 1143 2307 1657 2080 2297 2665 1862 2742 1601 1679 1837 1651 1835 1876 1866 2816 606 1528 1875 2078 2074 1657 2090 2275 2403 1852 2416 1652 2256 2462 1650 1773 1661 1242 1930 79737
1707 1538 1529 1654 1665 260 1785 1531 1205 2004 1696 1872 1549 2302 1787 616 434 1538 1653 717 1527 1786 2891 2211 1783 1985 1217 1892 1672 61 1528 1782 2269 1411 560 2381 1407 1511 1234 1193 65 2467 1658 2429 2439 1221 1675 1314 614 1668 1436 2102 1390 1989 1217 2271 1637 1789 2614 1949 1986 1243 1703 1116 1535 1537 2256 2551 361 1544 1651 1667 1707 1651 2382 1472 1228 1428 1710 2201 1704 2014 1411 2005 2697 1875 69961
1408 1617 1611 1247 1267 2606 2173 1615 1830 1832 1427 1439 1606 2102 1530 1666 1515 1609 1501 177 1625 1522 503 173 1534 1027 1801 2004 1258 2013 953 1538 2615 1332 2102 790 1327 2314 185 1160 1417 1775 1242 335 1388 1826 1266 1012 1387 1262 1697 1191 478 1036 1702 1223 1246 1522 1294 1494 1030 1820 1401 2659 1632 1613 2195 2676 2073 1627 1245 1260 1394 1245 715 1074 1817 686 1420 173 1969 1034 1316 1019 243 1617 61150
1754 1406 1400 1586 1576 2102 46 1396 1666 1425 1751 1679 1404 1239 1449 484 2285 1396 733 1234 1391 1440 2184 2292 1442 1523 1648 1257 1567 2243 1173 1440 1727 1888 2718 1185 1870 1742 925 265 2112 1714 1575 1372 1071 1659 1558 2562 344 1555 1584 1605 1656 1550 2403 2486 2036 1446 81 2544 1546 1662 1755 2023 1404 1401 595 2078 1816 1393 1565 1570 1738 1568 224 2291 1653 2657 1766 1405 1177 1500 1895 1553 1578 1657 67157
1290 1625 1618 1537 1525 1386 1209 1619 1717 2380 1292 1255 1620 2064 1739 2646 1510 1628 2624 2805 1633 1724 147 635 1720 1596 1712 1892 1531 45 1598 1730 2436 1947 1990 2110 1951 1360 319 1794 1739 462 1516 1860 1059 1690 1531 2341 2396 1524 2167 2471 2256 1582 1065 41 784 1719 1240 1130 1581 1724 1283 1504 1624 1630 2239 772 2044 1645 1524 1528 1299 1523 191 1577 1707 2062 1307 1966 1985 1604 1945 1600 2304 1686 68693
1558 1608 1616 1576 1579 1445 2140 1616 2144 1205 1560 1924 1614 748 1875 2087 1669 1596 2245 2293 1615 1868 1849 2781 1868 1488 2142 2394 1582 2186 1698 1861 794 1757 718 2266 1749 2581 1825 2314 2622 2198 1586 209 2045 2142 1569 1566 647 1575 2227 2248 2003 1495 1997 865 2021 1873 2092 1589 1497 2140 1556 1737 1615 1612 277 1408 2261 1614 1578 1575 1558 1571 1622 1049 2130 671 1561 1862 2144 1512 1749 1500 164 1838 72902
