# This file is part of QOBLIB - Quantum Optimization Benchmarking Library
# Licensed under the Creative Commons Attribution 4.0 International License.
# You may obtain a copy of the License at
#
#     https://creativecommons.org/licenses/by/4.0/
#
# You are free to share and adapt the material for any purpose, even commercially,
# as long as you give appropriate credit and indicate if changes were made.

5 90
45996 73431 28143 65407 59084 60817 20966 7718 72431 92354 39540 55095 60387 55154 40922 5079 55149 59885 93614 39598 39557 60836 39570 65228 52933 57526 98585 39608 60336 65002 13466 40947 44258 74190 52896 96883 60487 13499 66162 60397 56412 57474 60803 52868 43457 52872 25335 40109 39374 15045 55167 52885 1391 89670 39545 55110 52856 55161 62212 52864 91450 60376 22963 60351 89124 60837 52924 60422 90459 60755 87481 74789 94058 39594 60811 25691 1965 60837 60363 56306 60327 96286 75714 55133 19704 65130 52893 52351 27283 60415 2435269
28096 17754 20820 74154 98590 31465 57296 40717 44251 23700 57284 49830 53471 49849 58691 39360 49832 27245 24775 57288 57359 31479 57310 35950 65234 52020 46015 57292 53455 96574 17770 58649 15083 18336 65194 87056 82927 21007 85746 53471 49838 52095 31497 65194 78287 65219 65975 10921 39457 80509 49809 65209 93628 89122 57279 49826 65231 49787 72087 65195 96287 53449 83580 53448 34843 31499 65204 53435 33321 31483 25207 89101 43171 57305 31466 31513 59072 31476 53449 45982 53476 38464 5095 49816 19687 35905 65181 91184 87905 53452 2331508
13507 51368 51282 91465 20986 43873 37456 9332 1996 10075 41853 50915 46865 50933 43140 93625 50954 73283 58050 41834 41854 43859 41842 48109 56560 53124 72435 41848 46879 65512 27291 43191 3990 41124 56547 40109 20852 89121 55708 46917 82091 53150 43883 56528 71460 56514 79714 96883 80514 76498 50987 56536 10182 44278 41824 50962 56551 50968 10918 56516 43221 46886 20281 46913 62216 43854 56544 46850 39852 43864 83569 41840 25077 41871 43839 952 13161 43819 46943 71558 46934 39462 75755 50953 70103 48341 56533 67173 41233 46898 2176558
3885 75708 65741 57177 53437 39115 9240 7112 76408 57943 57130 33525 45797 33498 58424 45922 33516 29956 17659 57116 57137 39113 57176 43538 34106 35877 28012 57147 45762 7168 25213 58508 23656 2613 34104 10074 51225 27174 263 45793 20609 35820 39107 34110 17553 34097 40014 87810 70006 23501 33507 34135 89579 24682 57143 33537 34098 33536 80433 34116 98429 45810 42453 45790 86078 39144 34125 45776 32610 39116 95960 47647 15394 57112 39139 26588 41722 39129 45795 55297 45768 19624 46136 33553 47926 43527 34115 22431 95196 45777 1903264
43108 26043 22086 13436 40710 40086 1397 41163 15029 1494 35330 37556 47106 37511 36671 17771 37546 32444 631 35326 35302 40122 35374 44578 41654 39804 7707 35321 47114 8862 89109 36681 10095 38742 41667 7220 16720 25281 18606 47111 74023 39841 40111 41608 55502 41638 39349 23602 97032 93617 37522 41678 86177 2746 35378 37515 41643 37558 65414 41681 39472 47149 40574 47121 98632 40090 41614 47074 89148 40108 56565 18265 56072 35383 40102 22303 37476 40052 47112 35806 47090 98491 34834 37508 91475 44501 41632 58994 38487 47141 1831710
