# This file is part of QOBLIB - Quantum Optimization Benchmarking Library
# Licensed under the Creative Commons Attribution 4.0 International License.
# You may obtain a copy of the License at
#
#     https://creativecommons.org/licenses/by/4.0/
#
# You are free to share and adapt the material for any purpose, even commercially,
# as long as you give appropriate credit and indicate if changes were made.

5 84
18614 12302 8294 17606 12118 12121 11671 15517 17493 15527 23961 17467 14444 15558 14583 6872 8293 25714 15532 19179 22711 20481 12263 15860 25813 28138 18607 17477 15911 15847 16551 15820 14200 12096 14118 887 10910 17604 12105 16296 24613 18338 15966 12110 17483 17600 15565 19779 8226 18587 12216 12088 16914 1159 17596 13145 19090 11757 17894 16189 15507 17493 8106 11203 17370 13822 15514 12131 1656 12137 25773 10798 24003 2780 25583 18590 5356 10384 27107 15825 20096 16352 2459 12171 637546
14523 13589 24354 15801 17654 17644 13029 20441 15672 20489 28328 15624 6642 20417 28019 11928 19767 14523 20424 22519 19204 17653 13620 14489 17822 25443 14446 15665 14550 14444 16538 14481 25268 17624 14446 12673 10700 15806 17638 17179 13158 11701 14504 17617 15709 15864 20575 1272 28480 14539 13528 17630 25606 26094 15801 20428 19291 22385 8811 10316 20522 15692 8573 15145 5250 21607 20516 17583 15489 17569 16433 13949 14149 23872 22261 14468 17944 16261 1298 14484 4118 17211 7264 17631 691837
15880 16191 28001 14383 19758 19738 15601 12432 14281 12446 21438 14286 12409 12426 14678 1724 19831 18929 12436 20136 19352 9832 16185 16709 27553 15879 15914 14273 16720 16779 15987 16748 16330 19742 21243 25548 18478 14439 19747 12935 1357 13901 16684 19766 14266 14397 12448 15079 13360 15903 16119 19706 734 12215 14417 23192 9583 27221 11985 12754 12455 14276 20359 11786 10364 1415 12461 19745 24198 19741 17618 16746 21077 10782 18156 15914 15217 18614 6064 16718 6917 12851 23179 19733 659435
17048 17174 11461 14068 14650 14642 16563 18553 13948 18571 23852 13923 27038 18581 0 12883 9539 5503 18539 11848 27215 20984 17159 16786 20763 2000 17066 13906 16715 16776 21762 16841 21321 14650 10689 642 14591 14013 14643 16523 17478 24591 16729 14680 13950 14083 18518 17752 8360 17059 17095 14665 9865 6914 14068 12513 17895 15579 14871 19310 18584 13908 20524 16197 25762 29416 18544 14652 17436 14650 13067 16864 22046 23462 28909 17022 10642 15275 13415 16783 7505 16429 22066 14654 673608
19680 17850 10663 15391 16598 16555 17311 14999 15273 14989 23220 15254 10900 15006 19313 10485 24969 10716 14996 12452 19270 3557 17892 13525 1616 7960 19657 15267 13569 13665 16697 13547 124 16575 24228 11961 27612 15398 16595 14234 13782 18596 13553 16603 15262 15407 15000 18065 12974 19678 17841 16563 23017 25462 15393 2018 27036 14030 22585 23056 15004 15282 9058 21343 18346 2489 14979 16590 22472 16572 11281 29396 22355 20649 12400 19680 16755 18082 24612 13643 7537 14243 21257 16591 673053
