# This file is part of QOBLIB - Quantum Optimization Benchmarking Library
# Licensed under the Creative Commons Attribution 4.0 International License.
# You may obtain a copy of the License at
#
#     https://creativecommons.org/licenses/by/4.0/
#
# You are free to share and adapt the material for any purpose, even commercially,
# as long as you give appropriate credit and indicate if changes were made.

5 81
19996 195 12209 13613 10239 19998 19998 12550 1788 8788 19995 12665 19999 13070 10519 14385 16155 10151 15658 6656 13099 12113 12153 13982 14077 9848 7766 5170 19618 16251 10255 3740 14835 745 19952 18566 5645 16404 8396 108 8592 4547 3417 299 12161 13927 8387 12919 17372 208 8338 1347 2006 2755 7478 7151 6033 4280 2590 19191 13237 5005 6581 1796 14082 6818 3076 1454 17058 9215 14915 5660 3286 18494 3044 18272 17855 18514 3877 10230 2171 409494
19997 7074 4441 19661 7627 19998 19999 1022 7311 255 19997 5829 19989 19998 6782 19995 19428 18046 17752 6431 3995 16728 13740 16178 9202 11566 5849 870 15523 5669 16614 9835 7280 1207 11520 14027 18262 3322 14548 11237 11791 10593 11042 18213 4974 19835 10839 1053 880 6986 16965 9418 17469 3356 10833 3716 7717 11078 17568 11163 19514 11424 9249 15371 14619 1975 1716 15642 6945 2084 19469 11085 12859 11677 6873 7537 19219 17343 412 15997 3683 449493
19992 9282 18638 19246 3678 19996 19993 11685 12712 19927 10104 7473 15069 10425 5679 19090 8051 2018 17744 13232 2808 12690 7017 13280 9029 2153 8171 7535 183 19838 6479 2348 6237 2182 9798 12876 15089 1080 19026 2072 12493 11384 11731 13065 2056 831 6522 9307 14491 18745 4425 13130 2509 11964 5917 16802 10724 13244 15210 8932 12134 3197 3678 15493 13247 3731 16971 5231 8755 3816 308 9594 15731 1535 4765 6994 8047 13226 11662 6140 11308 401485
19994 13764 17256 17113 12549 19994 19997 10187 10075 14214 19998 749 13636 13041 16366 7004 4490 17959 1971 7844 15894 12967 8491 9891 17930 8908 2360 2022 5510 1828 11343 4042 4454 4800 7053 2642 4556 982 7650 8457 11697 8652 1508 72 16661 8851 19375 7204 17602 7515 4008 11101 17934 19743 17226 14940 18625 1067 2816 9835 18879 1703 10308 12242 17510 15519 11009 3553 11 6571 10387 5127 4179 9249 5962 14279 16034 0 16954 1128 7489 402253
3503 14619 15307 9169 7235 11187 10291 4857 16046 2695 12890 2959 18797 11099 14219 6273 11630 2349 16516 9102 19029 11623 2496 18574 1715 12728 17430 1992 1249 14684 2851 12261 6298 18092 12831 12998 2017 7268 17084 8979 9738 13279 15965 15217 18786 7244 13142 9299 14028 5742 11054 13841 19077 4462 6424 17669 16155 5472 3493 6563 7890 3418 5232 13000 10613 3117 13674 5773 16780 12936 12481 8959 10058 6575 18800 1738 15761 2699 10789 17713 11120 419359
