12196 12562 11012 9676 8380 6631 4987 4207 4459 3407 3338 3073 2119 1956 1528 1539 1357 1317 948 817 745 637 602 434 330 286 250 198 148 163 126 115 80 76 52 56 44 28 25 18 16 14 11 7 6 6 4 3 2 2 2 1 1 1 1 1
6 8 7 4 5 2 10 9 1 3
8 1 9 7 6 5 4 3 10 2
3 9 10 6 7 8 5 1 2 4
10 3 4 5 2 9 1 8 7 6
9 7 6 4 3 1 2 5 8 10
2 5 1 10 4 7 3 6 9 8
5 10 3 8 9 4 7 2 6 1
1 4 2 9 10 3 8 6 5 7
7 10 5 3 8 2 6 4 1 9
8 2 6 1 5 3 10 9 4 7
7 5 4 3 1 10 2 8 6 9
6 7 1 10 9 4 3 2 8 5
1 4 9 8 3 6 5 7 10 2
5 1 7 2 10 3 9 6 4 8
10 2 6 9 8 7 1 5 3 4
2 3 7 1 4 8 9 10 5 6
8 6 4 9 7 3 5 1 10 2
4 9 8 6 10 7 2 5 3 1
7 4 3 5 8 1 6 9 2 10
5 2 9 3 4 6 10 7 1 8
1 7 9 10 6 3 8 2 4 5
6 8 1 7 3 10 4 9 5 2
2 5 10 1 9 4 3 8 6 7
8 6 10 9 7 2 5 3 1 4
6 9 3 2 4 8 1 5 7 10
5 10 9 2 8 1 3 7 4 6
7 9 3 5 10 8 4 2 6 1
8 1 6 10 3 7 5 9 2 4
4 10 1 3 7 9 6 8 2 5
2 3 8 7 6 1 10 5 4 9
4 10 3 6 9 7 1 2 5 8
1 7 9 5 3 2 8 10 6 4
5 6 4 10 7 8 9 3 2 1
8 6 4 3 10 9 2 7 1 5
2 5 8 7 3 10 9 4 1 6
6 3 10 2 8 9 4 1 7 5
4 2 10 6 9 1 8 3 5 7
7 5 3 4 8 10 2 9 6 1
7 5 9 10 3 8 1 4 2 6
1 6 4 3 9 8 10 5 7 2
5 1 3 6 9 7 2 10 4 8
2 3 6 7 4 1 10 9 5 8
7 10 8 3 6 9 1 5 2 4
5 2 4 1 3 10 9 8 6 7
4 5 1 2 10 9 8 3 7 6
6 2 1 3 9 10 4 5 7 8
1 6 8 7 3 10 9 4 5 2
1 6 3 5 4 9 8 10 2 7
5 10 9 6 3 1 2 8 7 4
8 2 9 6 4 1 10 3 5 7
4 2 3 5 10 7 9 8 6 1
5 10 8 2 6 9 4 3 7 1
6 5 9 7 3 1 8 10 4 2
4 10 3 2 6 9 8 5 7 1
2 6 8 7 3 1 9 10 4 5
8 7 6 4 9 10 1 3 5 2
