40436 36838 37139 37460 35593 34883 33548 33196 32517 32029 31498 30462 29542 29420 28564 27730 26780 26456 26413 22871 24148 22683 22076 21469 20254 21354 18680 17618 16798 14949 12822 7126 7245 6661 6441 5991 5397 5817 5157 5453 4494 4710 4528 4568 4398 4156 3699 3631 3607 2904 3254 3063 2753 2753 2485 2540 2133 2334 2019 1956 1746 1678 1621 1602 1535 1272 1256 1083 1042 1057 856 959 889 806 720 679 737 684 597 580 600 562 518 496 492 452 436 426 382 392 324 330 306 324 283 250 270 253 220 208 176 183 169 170 158 150 141 131 119 120 119 106 100 96 97 93 87 83 71 67 62 65 57 53 52 51 47 47 39 44 36 35 33 30 29 27 23 23 24 22 20 19 17 17 16 15 15 12 11 12 11 10 10 9 8 8 8 8 7 7 6 5 5 5 4 4 4 4 4 4 3 3 3 3 3 3 3 2 2 2 2 2 2 2 2 2 1 1 1 1 1 1 1 1 1 1 1 1 1 1 1 1 1 1 1
7 9 22 8 13 12 20 3 1 2 4 10 18 6 29 15 16 14 26 25 17 30 19 23 11 31 21 32 5 28 27 24
9 23 25 19 32 24 12 5 10 4 1 31 2 30 11 6 26 7 21 15 8 28 16 14 27 20 29 22 18 13 17 3
25 2 12 23 22 9 26 6 31 8 19 29 24 3 27 17 32 21 30 28 4 16 13 1 15 11 20 5 10 14 18 7
4 32 2 13 27 3 31 24 30 21 10 12 14 16 18 29 28 23 1 19 26 22 11 5 20 6 17 7 25 8 15 9
20 31 16 9 1 28 24 19 7 26 5 25 13 4 30 22 12 10 11 21 3 6 17 27 18 23 15 2 8 29 14 32
11 12 3 29 31 21 4 13 2 15 20 17 30 25 9 18 1 32 14 22 16 24 7 28 23 26 19 8 6 5 10 27
22 11 18 10 3 16 5 21 13 23 25 6 7 31 2 8 19 20 24 4 1 14 15 9 26 30 32 28 17 27 29 12
19 13 26 17 8 29 32 31 6 7 14 21 28 5 23 9 15 3 16 30 2 4 27 18 22 10 11 12 24 25 20 1
31 25 14 18 10 22 17 29 8 16 2 3 20 27 19 4 7 9 23 13 28 1 32 24 12 15 6 26 30 11 5 21
14 21 15 12 4 30 10 26 18 5 16 23 17 9 8 7 27 13 22 3 31 11 28 25 19 24 2 29 1 6 32 20
12 15 5 28 6 20 3 17 29 25 31 14 9 2 24 21 10 30 18 11 23 19 1 4 13 8 26 27 32 7 16 22
29 24 10 22 9 1 7 15 16 32 8 11 12 17 5 23 6 19 2 26 27 18 20 30 25 4 14 21 31 3 13 28
24 3 28 20 15 14 27 1 22 10 13 26 21 18 12 31 4 16 6 29 11 8 5 32 2 17 23 19 9 30 7 25
2 18 13 4 17 32 16 10 23 24 30 9 26 7 15 14 3 29 27 8 22 5 31 11 21 1 12 25 28 20 19 6
5 28 23 2 7 4 19 18 24 30 15 16 11 14 21 32 13 12 8 20 25 17 26 10 6 3 27 31 22 9 1 29
23 26 31 27 2 8 6 32 11 19 18 30 25 20 13 28 22 4 17 12 15 9 3 16 14 7 10 1 29 24 21 5
1 29 20 26 16 17 11 12 15 6 23 4 5 8 32 30 24 31 28 27 13 21 25 7 3 18 9 10 2 19 22 14
28 17 11 14 29 10 25 22 19 27 26 13 4 21 16 20 2 24 32 1 5 7 6 12 31 9 30 23 15 18 3 8
8 10 4 7 25 15 14 16 21 13 32 28 1 19 17 2 20 22 31 9 30 29 23 3 5 12 24 11 27 26 6 18
6 14 17 24 30 27 13 28 20 9 21 1 8 22 26 12 25 11 15 7 32 23 29 19 10 2 5 18 3 31 4 16
18 16 24 5 21 6 30 9 27 1 12 20 3 11 14 25 29 17 13 31 19 10 22 15 32 28 7 4 23 2 8 26
16 6 27 11 19 5 1 25 28 14 29 8 10 15 31 24 9 2 7 32 12 3 18 26 4 22 13 30 20 21 23 17
30 27 9 15 11 25 22 20 14 31 28 19 32 29 10 13 23 5 3 18 21 26 8 6 7 16 1 24 4 17 12 2
21 4 7 1 14 18 23 27 12 28 11 15 31 24 6 3 8 25 5 2 29 32 9 17 16 13 22 20 26 10 30 19
15 8 32 25 28 26 2 4 5 18 9 24 16 13 22 10 31 27 12 6 7 20 30 29 17 21 3 14 19 1 11 23
17 30 21 16 12 7 9 8 25 20 24 27 6 1 3 5 14 26 19 23 18 2 10 13 29 32 4 15 11 22 28 31
3 22 1 30 24 19 8 23 4 17 7 32 29 10 25 27 21 18 20 5 6 15 2 31 9 14 28 16 13 12 26 11
10 1 29 32 18 11 28 30 3 22 6 2 23 26 20 19 5 8 4 14 17 25 12 21 24 27 31 13 7 16 9 15
27 20 19 31 23 2 18 7 17 11 3 22 15 12 28 26 30 6 29 24 10 13 14 8 1 5 16 9 21 32 25 4
9 7 6 3 26 13 29 14 32 12 22 5 27 23 1 16 11 15 25 10 24 31 21 20 28 19 8 17 18 4 2 30
32 5 30 9 20 23 21 2 26 3 17 31 19 28 7 11 18 1 10 16 14 27 4 22 8 29 25 6 12 15 24 13
26 19 8 21 5 31 15 11 13 29 1 7 22 32 4 6 17 28 9 2 20 12 24 14 30 25 18 3 16 23 27 10
26 19 8 6 5 22 12 11 9 31 27 10 18 28 7 1 32 14 21 17 20 30 24 2 15 25 29 3 16 23 4 13
7 4 22 29 26 24 20 5 9 3 27 18 2 32 11 15 25 28 30 17 8 12 13 23 19 6 21 16 14 1 31 10
13 32 12 24 20 31 21 28 17 2 29 18 22 6 19 16 30 1 10 15 9 25 7 26 11 23 8 4 5 14 27 3
7 11 26 21 32 12 29 6 3 1 5 2 15 4 27 31 19 8 9 16 24 23 25 14 22 20 18 13 10 28 17 30
19 12 13 6 30 8 25 11 28 9 3 18 10 32 4 17 26 7 24 5 21 15 27 2 23 1 20 22 14 31 29 16
20 23 3 13 19 9 28 30 25 26 6 7 18 10 11 1 16 15 22 21 29 12 31 8 27 2 17 32 24 5 14 4
22 13 12 23 5 27 8 2 32 4 7 16 14 3 26 11 17 18 28 31 9 30 29 21 10 20 19 6 1 15 25 24
13 31 10 11 18 1 16 7 5 23 17 3 12 6 25 19 32 28 15 22 14 2 24 29 20 21 27 30 8 4 9 26
15 7 18 3 11 21 2 14 4 28 9 5 13 30 32 29 22 6 31 1 10 19 17 20 26 25 16 24 12 27 8 23
4 12 14 8 28 3 18 25 7 19 20 15 21 22 29 24 5 11 26 23 32 13 1 27 9 16 30 17 6 2 31 10
21 9 11 19 25 4 10 3 26 17 14 1 29 12 31 22 23 2 32 27 20 28 13 15 8 24 6 5 18 16 30 7
31 2 15 1 22 5 12 4 30 27 25 14 19 8 9 28 29 21 23 32 11 10 16 6 18 26 20 3 7 13 24 17
20 32 31 26 16 30 5 8 9 24 2 11 25 29 23 4 21 3 27 10 7 22 15 19 13 28 1 18 14 6 17 12
7 1 24 5 21 17 23 9 20 18 31 29 4 26 8 2 13 16 25 19 6 27 30 22 12 11 14 15 32 10 28 3
32 8 28 15 1 14 30 23 6 12 13 18 31 19 27 26 24 25 17 7 3 20 2 16 29 4 10 9 5 21 22 11
26 25 17 30 29 13 3 6 15 10 21 12 7 27 22 23 11 19 14 4 18 8 28 1 31 9 5 20 16 24 32 2
16 22 4 6 20 32 27 1 19 11 28 26 8 15 21 10 9 13 18 3 12 29 7 5 17 31 24 14 30 23 2 25
25 13 22 29 24 2 26 20 12 3 10 28 16 21 15 7 1 5 30 8 19 6 11 9 4 18 32 31 17 14 23 27
9 3 1 27 14 6 15 5 16 22 11 10 23 24 28 30 2 20 4 18 31 26 32 17 25 7 12 19 13 29 21 8
30 5 19 4 15 20 24 14 11 25 1 32 17 13 3 8 12 9 2 6 27 21 26 31 7 22 18 23 10 28 16 29
12 29 5 21 18 25 20 7 14 30 15 6 11 1 13 3 4 31 8 24 22 32 23 2 16 10 9 26 19 17 27 28
10 27 8 14 3 16 17 19 31 32 26 23 22 5 7 6 28 24 20 11 30 12 4 13 2 15 25 1 21 9 29 18
6 30 20 2 8 12 13 22 3 29 27 4 24 14 16 21 18 17 7 9 15 31 10 23 11 19 28 25 26 32 5 1
3 20 30 13 27 10 4 16 18 6 8 21 26 11 2 5 31 7 1 15 25 17 14 32 24 29 23 22 28 19 12 9
2 16 23 25 6 18 1 12 28 7 22 19 5 32 24 13 10 4 29 14 17 3 20 30 27 8 11 21 9 31 26 15
28 23 13 10 5 9 7 15 22 21 16 2 27 31 29 32 20 14 3 12 4 24 8 18 30 17 26 6 25 11 1 19
17 19 12 32 13 23 22 21 2 14 18 24 1 7 10 27 8 30 16 28 9 4 3 25 20 6 29 11 31 26 15 5
24 18 6 28 9 29 19 32 21 8 23 7 16 30 26 14 25 22 10 17 5 15 12 11 1 3 2 13 4 27 20 31
15 21 16 22 32 26 11 2 24 31 7 8 20 18 6 25 27 12 9 30 1 28 5 14 4 23 17 10 29 3 19 13
13 11 26 23 28 7 31 3 8 9 24 17 2 27 19 18 4 1 5 20 29 25 6 12 14 30 21 32 16 15 10 22
4 12 21 3 10 15 32 25 5 2 19 9 28 1 20 17 7 29 6 16 23 11 22 24 26 8 31 27 18 30 13 14
22 24 4 16 11 28 1 31 26 15 3 25 14 21 5 9 8 27 19 29 10 2 17 20 32 18 13 7 23 12 6 30
14 7 28 8 31 27 18 13 17 1 9 30 32 23 4 12 2 15 26 5 20 6 29 21 22 19 3 24 10 25 11 16
18 6 24 11 2 3 9 27 32 8 30 10 15 28 31 29 22 4 13 26 19 1 21 16 5 20 25 17 12 7 14 23
1 14 29 7 23 21 2 11 4 6 32 16 30 15 9 20 17 5 31 25 26 13 18 27 3 12 10 28 22 8 19 24
19 28 17 24 22 2 26 30 1 32 10 8 6 29 25 15 13 23 12 31 18 16 27 7 21 4 11 9 14 5 20 3
25 26 31 20 30 14 4 19 27 13 21 6 3 16 32 24 5 18 28 2 8 7 9 29 11 10 15 12 17 22 23 1
29 25 27 3 4 31 11 24 7 16 12 28 9 20 17 6 1 10 21 13 22 30 8 26 23 14 19 5 32 18 15 2
23 31 18 17 21 8 20 10 12 7 30 29 13 24 15 28 26 32 4 6 14 19 11 22 9 3 16 25 5 2 1 27
16 9 15 19 25 22 27 18 24 28 1 5 4 3 8 20 14 31 30 17 32 23 2 11 10 13 7 6 29 21 26 12
11 8 14 25 24 4 13 23 6 3 5 22 18 17 30 21 9 7 2 20 12 29 28 10 19 15 32 1 31 16 27 26
27 5 20 18 32 6 15 28 29 2 26 12 1 19 11 13 21 24 8 30 25 9 23 14 31 22 4 3 16 17 10 7
1 15 11 32 16 7 29 22 2 10 17 23 20 13 18 31 12 30 9 27 21 8 4 19 25 28 24 26 6 3 5 14
31 2 8 22 19 26 24 17 27 25 3 18 29 12 16 14 23 28 20 4 15 10 21 9 1 6 5 11 7 13 32 30
32 10 23 12 6 3 17 5 8 9 20 2 19 11 14 27 24 21 13 15 4 18 7 25 29 30 22 31 26 1 16 28
6 16 22 26 30 11 7 9 4 31 29 19 8 25 12 3 15 2 1 21 17 27 32 28 14 23 18 20 5 24 13 10
21 13 6 18 29 25 19 2 17 14 8 24 5 9 23 4 27 26 31 10 28 3 20 15 16 1 12 30 11 7 22 32
8 32 19 1 15 20 22 16 28 12 24 4 23 10 6 18 30 25 21 11 3 26 29 5 13 9 27 7 17 14 2 31
18 11 1 2 8 32 10 4 9 22 15 21 13 26 20 17 29 14 3 28 7 31 6 30 27 24 23 16 19 5 12 25
19 24 3 11 21 23 12 7 1 29 14 17 27 28 13 32 10 9 18 8 31 4 25 16 26 2 5 15 30 20 6 22
14 22 10 17 4 13 2 1 19 30 27 32 6 8 3 5 20 29 25 24 11 16 26 23 12 7 28 18 9 31 21 15
13 6 17 23 1 28 31 30 3 24 22 15 2 5 26 25 4 16 7 9 27 20 18 32 21 29 14 19 12 10 11 8
5 28 16 24 31 2 30 20 21 18 23 7 17 6 25 8 12 22 4 14 26 19 27 3 15 10 9 32 1 11 29 13
2 5 27 13 10 8 28 6 32 15 31 26 18 14 21 12 11 19 22 29 9 1 3 7 30 17 16 23 24 4 25 20
26 17 24 20 12 29 23 3 22 21 13 5 11 2 7 15 31 18 8 32 1 30 16 10 28 4 6 27 25 9 14 19
3 19 26 5 2 27 20 18 11 17 32 12 24 16 28 7 25 1 29 23 15 13 22 8 6 21 4 10 14 30 31 9
22 27 5 15 28 21 25 31 10 12 6 23 30 20 19 24 1 3 26 16 29 32 13 2 7 8 17 14 4 18 9 11
17 29 28 7 3 30 27 26 16 1 11 18 25 22 24 19 23 10 14 12 6 8 31 20 2 9 15 21 13 32 5 4
4 14 18 19 24 5 3 10 25 23 16 30 22 12 15 29 13 11 6 7 21 28 9 17 20 31 2 8 32 26 1 27
12 7 21 16 13 14 32 27 15 25 2 6 31 19 29 11 26 4 10 18 30 22 17 24 9 5 3 28 23 8 20 1
23 8 4 21 9 1 24 30 31 11 7 19 3 17 10 16 15 13 12 2 18 5 14 26 32 6 20 22 27 25 28 29
30 21 23 10 22 17 4 11 12 27 28 14 32 3 18 31 9 20 16 13 25 2 15 6 5 1 7 29 8 19 24 26
7 26 31 25 14 16 29 12 5 20 23 4 21 30 22 9 18 32 15 1 28 6 10 11 17 3 24 13 2 27 19 8
25 13 19 6 23 18 5 32 26 30 27 16 9 15 31 10 28 17 2 4 24 21 11 1 8 14 29 12 22 7 3 20
24 16 11 3 15 26 18 8 30 2 19 29 1 13 27 23 14 5 28 31 32 7 4 22 25 20 12 9 21 17 10 6
20 31 30 12 29 15 9 25 7 10 21 32 28 1 23 22 19 6 5 26 14 3 8 27 4 13 11 24 18 2 16 17
9 15 1 4 21 6 19 5 2 7 22 8 29 24 16 14 3 26 17 10 12 18 32 31 30 23 27 11 28 20 13 25
31 3 13 28 1 9 7 24 14 19 17 21 26 29 32 30 5 25 27 6 8 10 2 23 22 15 18 4 11 16 20 12
27 22 5 26 16 7 1 20 23 14 8 9 15 25 4 28 21 31 2 11 3 12 29 19 24 18 10 17 6 13 32 30
1 2 29 8 5 4 26 17 24 13 18 15 7 20 11 6 30 23 19 27 10 9 28 12 3 16 25 14 31 21 22 32
11 25 8 32 27 10 21 13 29 4 15 24 14 7 2 5 16 17 6 23 20 1 3 9 31 28 19 26 30 18 12 22
8 23 18 20 25 12 15 1 6 16 29 31 2 4 17 21 24 28 5 9 19 30 26 13 10 22 14 32 7 3 27 11
10 9 3 23 19 5 17 6 31 29 26 28 27 2 12 13 7 22 24 20 4 11 18 32 21 25 1 8 16 30 14 15
21 10 12 6 8 20 22 28 3 9 31 2 23 14 5 4 27 11 17 15 7 32 30 25 1 24 13 18 19 29 26 16
15 1 4 14 24 25 16 19 26 22 3 6 20 10 8 18 32 30 12 5 17 27 21 29 13 11 23 28 9 31 2 7
2 4 15 18 28 11 13 22 5 31 14 25 12 17 3 16 21 24 8 7 27 6 20 30 32 19 9 23 26 1 29 10
29 20 31 11 13 14 2 15 21 26 24 22 4 12 9 32 17 18 27 8 6 28 25 5 16 30 19 7 1 10 23 3
24 12 22 2 20 29 17 18 15 28 10 1 8 31 21 7 13 3 16 32 9 26 23 19 27 6 30 25 14 5 11 4
7 18 6 5 11 2 19 24 32 8 13 10 16 9 31 12 26 1 22 29 3 20 27 15 17 14 25 30 4 23 21 28
27 8 14 21 4 3 30 31 25 9 7 26 5 23 6 15 24 12 29 16 1 13 22 17 20 18 10 19 32 11 28 2
25 6 20 16 10 23 1 7 12 15 5 3 30 8 11 29 18 2 32 4 24 9 17 28 19 26 31 21 22 14 27 13
6 25 21 13 30 32 26 23 27 18 4 5 22 11 12 20 3 9 19 17 29 10 7 2 8 16 28 15 24 1 31 14
32 14 1 22 31 17 24 9 2 20 25 4 18 3 7 8 19 26 15 30 10 29 16 6 11 12 21 5 28 13 23 27
19 9 28 15 3 30 5 4 24 12 2 16 27 25 17 11 31 7 10 21 8 18 14 1 23 32 20 22 13 26 6 29
9 32 11 25 12 21 22 16 8 14 1 7 6 24 2 27 20 29 30 26 31 4 13 18 5 28 17 10 15 23 3 19
22 3 19 7 6 18 20 2 30 21 8 25 31 16 4 24 1 32 28 14 12 23 11 26 15 29 27 13 17 10 5 9
18 28 27 24 2 16 15 21 14 3 17 9 11 22 29 32 4 13 26 25 19 5 23 31 7 20 6 12 10 8 1 30
31 17 10 19 30 13 3 32 23 4 16 8 25 26 22 28 11 20 14 2 15 12 6 7 24 5 18 27 21 9 29 1
26 31 8 1 14 28 11 17 22 24 29 18 13 5 32 30 15 19 6 12 21 7 10 27 20 3 2 23 9 4 25 16
4 7 12 26 20 8 32 3 16 11 6 22 23 19 15 31 27 5 21 1 14 2 29 9 28 25 24 17 18 30 13 10
20 23 13 17 27 26 7 5 9 19 11 14 24 6 28 4 16 21 29 22 18 3 8 12 10 31 1 30 2 25 15 32
16 5 17 28 13 9 21 8 10 7 26 1 3 23 20 19 25 6 24 18 11 22 4 14 2 30 32 15 27 29 12 31
12 19 16 8 25 17 23 1 11 10 14 24 30 29 18 6 32 4 27 13 26 21 28 20 3 15 9 31 5 7 2 22
17 29 21 3 4 24 31 23 19 26 18 2 9 28 13 25 5 27 15 10 20 8 30 22 6 11 16 1 12 32 14 7
18 22 14 15 19 32 13 9 1 2 4 11 21 17 16 10 30 25 7 28 29 27 5 8 12 23 3 20 6 31 26 24
11 15 20 14 22 31 9 5 6 16 10 18 8 1 26 3 28 13 2 27 7 19 17 23 29 4 12 21 30 24 32 25
28 20 26 10 24 23 15 13 4 27 5 8 14 21 19 7 29 16 1 6 17 30 22 25 32 2 11 3 31 18 9 12
8 13 31 12 28 3 2 21 25 29 27 26 18 30 9 15 14 19 23 24 32 16 20 11 17 10 4 7 1 5 22 6
31 1 22 20 16 10 12 4 8 30 32 3 26 15 27 13 7 6 17 21 28 11 18 29 9 5 23 24 25 2 19 14
14 11 15 23 9 6 16 12 7 17 3 30 22 2 18 29 13 10 32 19 27 26 31 28 1 20 5 25 8 21 24 4
9 27 24 2 6 25 17 15 20 1 28 19 4 13 23 22 18 14 3 31 5 32 26 16 30 8 7 12 21 11 10 29
25 24 23 21 3 29 11 18 14 31 19 5 15 4 10 20 12 26 8 32 9 1 7 30 27 13 22 2 6 28 16 17
23 26 28 32 8 18 30 20 27 21 24 12 19 10 16 11 17 5 4 9 22 29 25 2 31 7 6 13 15 14 1 3
3 28 29 13 19 2 10 7 32 22 20 17 5 6 27 14 9 11 30 23 4 18 12 24 25 31 15 8 26 16 21 1
27 10 4 22 23 11 26 31 29 9 15 28 2 12 19 17 16 7 6 14 24 20 3 32 21 1 30 5 18 8 25 13
16 4 30 5 10 1 18 25 19 13 7 29 11 31 28 27 2 20 26 12 8 9 14 17 6 21 24 32 22 3 23 15
10 9 19 8 11 16 7 17 23 25 31 4 24 5 3 12 20 30 22 18 1 13 32 6 15 14 21 26 27 29 2 28
2 31 27 16 25 21 30 22 15 23 1 9 3 7 32 8 10 29 12 26 11 4 6 5 13 24 18 17 14 19 28 20
1 2 5 4 14 15 23 6 12 3 13 32 25 8 20 24 26 9 19 29 10 28 21 30 22 18 16 31 7 17 27 11
7 16 23 18 13 28 4 2 26 14 22 30 6 20 21 19 1 32 10 8 3 5 9 15 24 17 11 27 29 25 12 31
29 1 24 6 27 12 10 3 11 7 23 5 20 9 13 31 25 16 14 2 17 30 15 18 8 22 28 4 32 21 19 26
15 12 18 10 21 20 3 16 9 19 25 24 29 11 5 6 30 1 2 22 7 23 8 17 32 26 13 14 28 4 31 27
12 32 6 11 24 7 21 28 10 30 8 25 1 19 23 5 29 18 16 15 27 20 13 14 17 3 31 22 4 9 26 2
26 18 3 19 2 14 1 32 6 10 20 31 13 27 8 9 22 12 21 4 25 16 15 24 30 29 23 28 11 7 5 17
32 17 26 1 31 4 18 19 22 16 15 14 5 23 24 8 3 2 29 7 21 10 27 20 28 25 9 11 13 12 6 30
6 14 15 26 16 10 32 24 1 4 19 18 12 3 22 17 11 20 7 25 30 21 8 31 2 28 5 23 9 27 29 13
20 10 4 28 12 8 22 17 21 18 31 29 9 26 25 16 24 27 1 19 5 11 23 13 3 7 32 30 2 6 14 15
22 6 10 23 1 9 26 29 4 24 13 7 32 14 31 18 5 21 17 30 28 19 11 27 16 2 20 25 12 8 15 3
6 19 21 24 20 23 4 22 29 27 16 11 30 28 15 25 32 10 8 17 18 3 5 9 26 1 14 7 31 2 13 12
18 20 8 17 4 13 16 25 15 1 6 22 28 21 29 7 19 23 24 27 32 12 9 5 11 31 2 3 30 26 10 14
1 8 14 21 30 25 9 13 7 28 22 6 23 29 10 20 4 5 3 11 26 27 2 12 31 32 15 18 16 17 24 19
31 11 22 13 29 30 17 20 2 15 5 19 21 8 4 28 27 24 32 10 14 7 3 1 12 18 26 6 25 23 9 16
4 25 16 22 6 23 12 8 20 17 24 2 18 9 13 32 7 15 27 31 19 1 28 26 5 30 3 21 10 14 11 29
32 3 1 2 12 14 5 21 16 20 8 15 17 11 26 29 31 13 28 24 6 9 25 18 10 23 7 4 22 30 19 27
10 23 5 8 3 24 2 31 19 25 27 17 26 16 6 14 11 7 4 13 29 18 30 32 20 22 12 9 15 28 21 1
27 24 29 20 23 26 13 18 8 11 2 12 14 5 16 17 15 3 6 28 9 22 21 25 7 10 30 19 1 4 32 31
3 5 30 15 22 1 20 7 11 26 32 28 16 31 19 13 24 4 23 14 8 29 17 6 21 12 27 10 2 18 25 9
17 26 11 25 13 29 7 24 30 31 18 3 2 6 28 10 22 19 15 23 20 32 12 14 9 21 1 8 5 16 27 4
24 14 20 19 2 4 32 15 26 8 3 16 7 22 17 6 21 25 27 9 31 11 10 29 1 5 18 12 30 13 23 28
16 27 13 18 8 31 12 9 21 14 1 10 15 20 5 3 32 26 30 6 17 25 7 23 29 19 22 24 4 11 28 2
12 13 28 32 16 10 15 8 24 22 11 1 25 19 18 7 5 29 31 4 27 26 6 2 23 30 3 20 21 9 14 17
25 28 24 12 30 18 29 17 6 2 23 8 4 10 3 16 19 9 32 27 22 13 14 7 15 20 21 5 11 31 1 26
29 15 31 4 14 28 3 22 32 23 7 9 19 1 12 20 13 27 5 8 30 21 18 24 10 11 2 17 16 26 6 25
20 10 16 7 24 17 22 28 18 19 8 1 3 30 21 9 4 2 14 25 5 27 31 15 6 13 32 23 12 29 26 11
26 7 17 20 1 5 31 6 16 13 32 21 12 27 11 19 25 15 8 29 18 4 23 22 2 28 30 14 9 3 10 24
28 29 10 21 9 15 16 2 27 3 1 23 6 17 8 18 12 26 22 30 24 19 4 13 7 14 11 31 25 5 32 20
2 3 27 8 28 21 26 5 11 9 10 4 32 15 20 24 1 23 19 22 14 29 13 17 25 6 7 30 18 16 31 12
15 31 8 23 19 20 1 25 9 27 7 2 21 14 4 12 17 10 26 18 29 32 30 11 22 3 5 28 6 24 16 13
8 4 30 6 21 32 23 20 5 24 25 15 9 26 10 22 29 18 12 16 3 7 27 31 1 17 28 2 13 19 11 14
22 25 4 3 27 12 11 32 20 18 23 30 15 24 9 31 13 7 28 2 26 1 10 16 5 8 6 21 17 14 19 29
23 13 14 17 10 25 18 11 2 15 19 6 31 12 22 27 16 30 24 4 5 26 32 8 29 7 20 1 28 21 9 3
29 1 18 15 14 13 21 12 10 31 11 22 8 7 25 4 27 20 3 17 32 9 28 30 23 24 26 6 19 2 5 16
20 9 11 5 4 30 24 19 26 13 6 8 29 25 32 22 28 3 7 10 1 18 14 23 12 2 17 16 31 27 21 15
11 27 6 22 25 8 10 31 7 28 3 26 30 23 24 19 18 29 17 32 20 16 5 14 21 13 9 15 4 1 12 2
21 17 1 19 9 6 4 16 30 23 28 32 22 20 15 18 26 13 2 31 8 3 7 29 27 5 14 11 24 12 25 10
2 20 13 14 8 7 5 21 1 10 31 18 28 17 27 9 23 11 4 19 6 25 16 12 3 26 15 22 29 32 24 30
28 19 15 2 24 3 17 27 12 8 18 9 20 1 5 25 14 21 13 11 4 22 29 6 26 30 16 32 10 7 23 31
24 16 29 32 6 14 9 3 15 18 2 19 23 10 26 28 7 5 1 20 21 12 8 27 4 11 31 17 30 13 22 25
22 26 23 24 20 17 3 15 18 14 29 5 27 9 31 8 30 4 16 12 25 2 21 13 11 28 1 7 32 6 10 19
6 14 18 25 10 5 29 13 19 11 22 17 9 8 21 32 31 24 12 23 27 7 26 2 20 1 28 4 15 30 3 16
10 8 17 13 11 12 15 7 4 2 16 23 25 28 22 29 20 19 21 14 31 30 6 5 9 32 27 3 26 18 1 24
4 6 19 10 30 9 2 8 14 12 27 25 26 31 11 20 5 16 7 1 18 21 3 32 13 29 24 23 17 28 15 22
16 15 5 18 28 1 22 17 32 20 24 3 11 21 29 7 4 14 30 26 19 12 2 31 10 25 23 13 9 8 27 6
7 23 20 28 2 31 32 29 12 4 15 10 19 27 9 24 3 18 1 8 30 13 25 26 16 21 6 5 22 11 14 17
25 29 21 26 27 18 31 9 8 30 14 28 7 16 23 3 32 12 5 15 17 10 20 24 6 19 22 2 1 4 13 11
8 24 31 11 1 28 13 22 23 19 20 16 4 12 25 5 30 7 15 9 10 27 18 3 2 17 26 21 29 32 6 14
23 11 22 25 3 32 18 28 31 26 10 16 12 19 13 15 27 6 14 24 9 29 17 20 8 30 4 1 5 21 2 7
27 5 26 11 21 25 10 12 22 17 23 7 4 30 18 31 16 15 2 6 14 19 9 24 3 20 1 8 28 29 32 13
22 18 16 7 31 4 13 26 23 15 2 9 24 17 10 14 12 5 6 19 3 20 8 21 11 1 32 29 25 27 28 30
17 10 13 4 16 21 18 9 6 3 8 2 14 30 27 12 24 11 5 15 29 26 32 22 7 23 20 28 19 25 31 1
12 20 24 15 13 3 11 28 2 25 1 5 18 19 8 23 14 6 4 7 21 32 9 16 31 22 17 27 10 30 26 29
18 11 15 23 25 7 21 5 16 9 20 19 8 14 13 10 29 2 3 6 32 22 27 28 1 26 30 31 12 17 24 4
15 5 30 24 4 14 17 6 9 10 7 21 3 11 20 27 1 12 32 2 25 23 31 8 29 19 16 26 18 13 22 28
25 7 10 2 21 17 5 4 24 22 11 15 30 3 19 16 32 9 31 13 8 28 29 1 26 12 18 20 6 14 23 27
23 29 21 3 8 15 16 2 5 17 25 4 6 22 32 13 31 28 24 20 7 1 10 30 27 18 14 19 11 9 12 26
26 28 4 14 3 2 19 27 8 24 18 1 13 7 12 31 30 32 29 11 10 25 16 15 22 17 9 6 21 23 5 20
2 4 3 6 20 10 9 24 21 8 31 14 32 1 26 5 19 30 28 29 22 11 17 25 23 7 13 18 27 12 16 15
8 2 26 22 31 28 27 3 10 30 32 24 1 29 5 15 25 7 19 16 4 18 23 17 20 11 12 9 13 6 21 14
3 25 22 17 24 8 30 32 31 1 29 11 28 26 23 4 7 27 13 9 6 16 18 20 21 14 15 10 2 5 19 12
29 24 28 5 27 32 31 22 1 21 19 30 16 12 18 6 17 25 23 4 26 10 20 3 15 2 11 14 8 7 9 13
14 32 31 1 19 29 20 26 30 27 5 8 15 24 4 3 21 23 22 28 17 9 13 18 12 10 7 25 16 2 6 11
32 22 29 26 1 18 23 15 27 19 14 28 31 16 3 25 20 21 17 10 9 2 11 12 6 8 5 24 30 4 13 7
28 31 27 32 29 30 1 21 22 26 13 18 20 25 17 9 23 10 8 12 24 4 15 7 5 6 2 16 14 19 11 3
