7911 7517 7073 6580 6156 6139 5512 5139 4651 4430 4578 3868 3490 3130 2733 2392 1904 1744 1450 1281 1296 967 1089 935 883 804 636 604 423 433 418 401 366 275 299 275 229 195 198 171 179 140 134 104 83 74 78 62 61 62 51 50 41 31 34 31 26 25 16 15 14 14 12 11 8 8 8 5 6 5 5 4 4 3 3 2 2 2 2 1 1 1 1 1 1 1 1 1 1
5 7 16 15 9 11 14 10 4 12 2 8 3 1 13 6
8 1 4 16 2 13 3 6 9 15 10 11 14 12 5 7
13 12 7 1 11 5 15 3 14 10 4 9 16 6 2 8
15 13 1 7 3 4 10 11 6 8 9 5 12 14 16 2
3 6 12 13 5 16 2 9 11 7 15 10 4 8 1 14
10 5 3 14 13 15 9 7 8 1 11 2 6 16 4 12
6 3 8 12 10 7 16 2 5 4 1 13 9 15 14 11
11 15 13 2 1 6 5 12 7 14 3 4 8 10 9 16
4 8 14 10 16 9 6 1 15 5 13 7 11 2 12 3
2 4 9 6 8 10 7 15 12 13 14 16 5 3 11 1
16 9 2 5 14 8 11 13 1 6 7 12 15 4 3 10
14 2 10 4 15 3 12 8 16 11 5 1 13 7 6 9
12 10 5 11 7 2 4 16 3 9 8 14 1 13 15 6
1 14 6 9 12 13 8 5 2 3 16 15 7 11 10 4
7 11 15 3 4 1 13 14 10 16 12 6 9 5 8 2
9 14 16 8 6 12 1 4 13 15 10 3 2 11 7 5
10 16 14 7 2 11 5 6 12 3 8 1 4 9 13 15
14 16 7 1 15 4 13 10 9 2 6 11 12 3 8 5
3 6 11 16 10 14 8 9 5 7 2 4 15 1 12 13
4 5 15 13 9 11 10 14 6 2 3 16 8 12 1 7
12 7 4 11 8 10 14 16 13 5 9 15 1 6 2 3
2 11 1 7 12 14 16 4 15 9 5 10 6 13 3 8
7 1 10 15 16 9 12 5 8 4 6 13 3 2 11 14
13 3 8 14 2 5 7 6 11 12 16 9 10 4 15 1
1 13 9 2 5 4 6 15 3 16 12 7 11 10 14 8
2 4 16 8 13 3 15 1 7 11 14 12 6 5 9 10
15 2 7 12 6 16 1 8 4 14 11 10 5 3 13 9
9 11 5 3 10 6 15 12 2 1 4 14 16 7 8 13
6 8 13 4 3 1 10 14 15 2 12 5 11 9 16 7
8 7 3 9 4 11 14 10 16 13 2 6 5 1 15 12
16 6 2 5 12 7 9 3 1 8 15 11 10 13 14 4
8 16 11 15 9 13 4 2 6 10 14 5 1 12 7 3
9 11 10 14 5 2 8 12 7 3 13 4 16 6 1 15
11 8 2 7 1 14 10 3 13 12 4 15 5 9 6 16
4 5 13 12 7 15 1 14 10 9 6 3 8 11 2 16
7 2 9 4 15 5 13 10 11 6 3 8 12 1 16 14
16 12 3 13 4 1 10 6 9 5 2 14 7 8 11 15
6 4 14 1 8 11 16 15 12 2 5 7 10 13 9 3
3 10 2 16 13 8 6 4 5 1 11 12 14 7 15 9
11 13 10 8 2 12 9 1 4 14 15 16 6 5 3 7
16 6 5 9 1 4 12 14 3 7 8 2 10 15 13 11
15 9 13 1 6 2 14 11 8 16 7 10 5 3 12 4
12 14 11 5 10 1 7 2 15 3 4 9 8 16 6 13
6 2 7 16 3 14 8 10 12 4 5 15 11 9 13 1
4 8 16 15 11 7 1 6 5 10 9 2 14 13 3 12
9 12 3 13 14 10 4 5 6 11 2 8 7 15 1 16
2 1 10 11 9 7 14 8 4 12 13 6 15 5 16 3
10 4 8 14 5 13 2 1 3 9 16 7 11 6 15 12
15 8 2 5 13 3 11 4 9 10 7 1 12 6 14 16
3 10 5 4 2 14 8 15 13 11 6 16 9 1 12 7
12 11 13 7 14 9 16 6 5 15 3 10 1 8 2 4
1 7 16 3 9 5 12 8 6 4 14 13 2 11 10 15
2 5 7 14 10 12 15 1 8 13 6 11 16 9 4 3
8 13 11 16 7 10 4 12 1 2 15 14 5 3 6 9
6 16 2 15 3 11 1 5 10 9 4 12 7 13 8 14
10 3 14 13 5 6 15 11 4 8 16 9 2 7 1 12
12 9 8 11 1 4 3 14 15 5 2 7 10 6 16 13
9 7 3 8 11 10 2 6 12 4 5 14 16 15 13 1
8 13 7 1 15 2 10 4 11 6 14 12 3 16 9 5
6 2 11 1 14 3 7 16 9 10 15 13 8 5 12 4
4 16 13 11 2 5 9 12 8 15 3 6 10 1 14 7
15 9 8 12 13 14 6 2 10 1 7 11 5 3 4 16
4 2 5 15 7 12 10 11 3 14 16 9 1 13 6 8
7 13 2 14 15 9 16 10 11 6 8 1 12 4 3 5
11 1 16 7 10 13 2 5 6 8 15 4 14 12 9 3
6 5 10 16 2 7 9 11 1 12 13 8 3 15 14 4
7 14 13 9 3 6 12 8 5 11 4 2 1 16 10 15
15 3 16 4 1 13 8 2 11 7 5 10 9 6 12 14
2 6 11 1 16 4 7 12 15 10 3 5 14 13 8 9
9 16 14 7 11 2 6 5 8 1 15 3 12 10 4 13
12 13 3 8 5 11 10 4 1 16 7 6 9 15 2 14
3 14 10 11 15 7 1 16 6 5 2 13 8 4 9 12
8 9 11 15 10 12 5 1 13 7 14 4 2 6 3 16
11 8 16 12 14 1 4 15 9 13 5 2 3 10 6 7
10 11 14 4 7 6 3 2 5 15 16 9 8 12 1 13
6 2 3 16 4 9 7 5 11 13 15 10 14 1 12 8
8 5 11 13 4 3 14 10 12 7 6 1 2 16 15 9
1 3 10 4 7 9 8 14 6 12 16 2 5 11 13 15
16 8 2 9 1 7 11 4 10 5 13 3 14 15 6 12
10 1 9 7 14 8 6 16 4 15 5 13 11 12 2 3
1 5 14 3 15 2 4 12 11 10 7 8 16 6 13 9
9 10 13 12 2 6 5 15 4 14 7 8 11 16 1 3
8 3 11 7 5 9 14 6 12 15 2 13 10 4 16 1
3 10 14 13 4 2 5 11 8 7 15 6 9 1 12 16
2 5 13 9 14 3 1 6 10 16 4 11 7 12 15 8
11 2 16 14 13 12 7 15 5 1 3 10 8 6 9 4
15 1 7 16 2 14 6 12 3 13 8 9 10 11 4 5
6 13 10 15 11 1 16 14 9 8 5 4 12 3 2 7
12 6 9 1 15 11 4 16 13 10 2 5 3 7 8 14
