15940 13777 9451 9451 6115 6094 5296 4950 3664 3153 2866 2941 2366 1821 1610 1539 1045 1041 846 724 780 724 553 533 347 346 312 262 247 158 175 135 113 102 87 75 66 45 45 30 27 24 21 20 15 12 9 8 7 6 5 4 3 3 2 2 1 1 1 1 1 1 1
14 1 12 6 13 4 15 2 7 8 9 5 3 10 11
14 9 13 4 15 6 8 12 3 5 1 10 7 11 2
9 10 12 11 13 3 1 7 2 15 8 6 4 5 14
8 11 4 6 9 1 15 5 10 7 12 3 2 13 14
12 5 15 1 13 4 3 6 8 11 7 14 2 10 9
7 10 3 13 9 15 2 1 12 14 8 6 4 5 11
12 1 10 11 13 5 3 4 6 14 7 8 2 15 9
2 13 4 6 5 3 15 7 10 1 12 14 9 8 11
14 10 12 7 9 6 5 2 4 11 1 8 15 3 13
11 13 15 4 3 9 8 5 2 6 1 14 10 12 7
11 5 14 7 13 1 3 12 8 15 2 4 9 10 6
6 9 13 8 15 11 4 1 3 5 14 12 10 7 2
12 11 2 1 9 3 10 4 15 14 8 6 7 13 5
4 1 5 11 7 15 2 6 12 8 9 10 3 14 13
13 15 12 14 9 6 1 4 5 10 11 3 2 8 7
8 12 15 13 11 14 1 7 4 6 2 10 3 5 9
8 14 5 6 15 9 2 10 7 11 1 3 4 12 13
13 14 2 11 3 1 5 9 6 15 8 4 7 10 12
11 15 14 4 5 13 9 6 10 8 7 1 2 12 3
14 9 6 7 13 3 15 1 2 12 4 11 8 10 5
13 14 1 6 11 7 10 8 15 5 12 4 9 2 3
5 11 14 1 9 8 7 12 6 3 4 10 15 13 2
14 12 6 4 7 5 8 2 3 10 11 1 13 15 9
8 2 13 5 15 6 9 11 7 10 1 12 4 3 14
14 13 15 8 3 11 4 6 12 1 9 10 2 5 7
6 1 12 14 5 9 4 10 8 11 2 3 15 7 13
11 5 15 7 13 9 3 1 2 8 14 6 4 10 12
5 10 13 6 11 1 2 4 3 15 12 14 7 8 9
2 13 14 4 9 15 10 6 12 1 7 11 8 3 5
4 10 6 1 7 5 3 2 15 11 9 14 13 8 12
4 2 6 5 3 13 15 11 10 8 14 1 9 12 7
6 5 14 8 11 1 9 12 15 10 4 3 13 7 2
13 1 12 14 7 11 5 10 2 6 9 4 8 15 3
14 9 15 7 11 6 2 12 8 3 1 10 4 5 13
11 1 13 6 9 3 8 10 4 5 2 14 7 15 12
2 10 4 14 3 13 9 6 7 1 8 11 15 12 5
5 13 12 1 9 11 4 8 6 15 7 10 3 2 14
5 11 1 4 7 14 15 2 10 8 12 6 9 13 3
13 9 2 8 3 7 10 1 12 11 14 6 4 15 5
11 12 14 7 13 5 2 1 15 6 8 4 9 10 3
14 12 15 13 11 5 8 9 6 10 4 1 3 7 2
6 1 12 13 15 3 10 4 2 5 7 11 9 8 14
8 10 4 7 9 1 5 2 6 14 12 11 15 3 13
6 5 2 1 11 7 15 9 8 3 12 14 4 10 13
8 11 12 13 3 5 9 2 10 6 1 4 15 7 14
11 9 15 5 13 14 4 10 7 1 2 6 3 8 12
2 12 1 4 7 14 10 11 6 15 8 3 9 13 5
6 2 1 14 13 5 8 9 10 11 12 4 15 3 7
2 9 13 14 15 6 5 4 12 11 7 1 8 10 3
4 2 14 8 7 11 5 10 12 15 1 6 3 13 9
2 10 15 6 13 14 9 11 4 1 12 3 8 7 5
14 13 12 5 9 3 15 1 6 10 8 11 4 7 2
11 12 1 13 15 5 8 4 7 6 2 3 9 10 14
14 11 4 6 3 5 1 12 15 8 2 10 9 13 7
11 13 14 7 15 3 5 2 6 10 12 1 4 8 9
2 5 13 14 3 6 10 1 8 11 7 4 15 12 9
4 12 2 1 13 7 5 11 15 6 8 14 3 10 9
4 2 15 14 7 13 1 12 10 6 8 11 9 3 5
2 12 4 13 7 1 9 11 15 10 14 6 8 3 5
4 13 2 7 15 11 5 10 12 6 1 14 3 8 9
14 2 15 13 9 3 8 12 6 1 7 11 4 10 5
13 9 12 1 11 5 15 2 4 10 8 6 3 7 14
11 5 1 14 13 6 10 9 7 8 12 4 15 3 2
