50748 48967 49206 48967 48967 36568 32955 28823 25665 25727 21593 24233 24206 21388 21638 18749 19381 18749 18309 15875 16399 15575 14903 15169 13361 14180 13166 12399 12939 12304 10903 9638 9039 9942 9036 8572 8563 8093 7274 6961 6844 6612 6265 5438 5545 5189 5467 5182 4989 4602 4509 4184 4187 3915 4150 3846 3973 3645 3406 3372 3244 2979 2767 2774 2617 2545 2187 2305 2248 2120 1988 1694 1879 1781 1658 1721 1471 1601 1430 1298 1248 1311 1310 1202 1168 1110 946 998 994 913 862 874 824 774 757 744 674 671 655 628 596 522 523 498 512 487 456 457 428 384 353 387 377 349 337 315 315 293 293 255 264 255 253 231 219 218 202 202 180 179 163 175 153 158 150 136 130 128 120 109 116 109 107 93 93 88 88 80 83 79 70 69 70 71 68 66 64 57 58 54 52 51 48 45 47 45 39 41 39 37 33 30 30 29 29 27 29 24 24 22 21 18 18 19 18 17 16 16 15 14 15 14 13 13 13 12 11 12 10 10 10 9 8 7 8 8 7 7 6 7 6 6 6 6 5 5 5 4 4 4 4 4 4 4 3 3 3 3 3 3 3 3 3 2 2 2 2 2 2 2 2 2 1 1 1 1 1 1 1 1 1 1 1 1 1 1 1 1 1 1 1 1 1 1 1 1 1 1 1 1 1 1
4 34 38 17 56 20 2 52 53 27 36 23 37 13 42 62 44 32 7 48 35 11 10 54 29 9 1 24 51 47 43 16 8 6 31 39 18 58 28 19 15 64 22 50 40 60 45 55 63 12 49 3 26 25 61 46 5 33 30 57 59 14 21 41
39 32 22 15 29 58 1 7 61 11 8 3 60 28 43 35 50 40 5 4 41 36 59 14 47 51 63 55 16 33 6 9 42 26 19 34 12 46 17 23 56 30 64 31 49 57 45 2 48 62 52 20 21 25 18 38 44 53 10 24 37 54 27 13
9 1 56 57 45 40 41 2 38 19 54 58 22 3 47 62 60 32 53 36 7 61 26 52 28 29 51 27 14 50 64 48 17 34 46 55 4 16 10 37 15 39 11 23 13 43 63 25 6 31 49 12 24 8 20 35 33 18 30 42 59 44 21 5
4 31 38 40 36 25 20 28 58 64 61 26 10 23 49 22 12 47 51 21 54 48 19 50 57 42 5 39 13 62 52 59 14 37 8 32 15 44 2 45 1 41 30 24 11 60 56 53 43 9 34 55 16 3 33 63 46 17 6 35 27 18 29 7
61 14 28 48 56 57 11 9 30 41 51 23 42 53 34 4 8 7 5 18 12 27 15 54 26 62 58 55 19 20 45 16 64 13 1 40 32 38 63 31 37 17 49 6 47 21 24 46 10 43 52 50 22 36 35 29 60 3 39 44 2 33 59 25
47 54 22 7 35 63 2 46 25 57 48 29 11 62 21 56 44 30 40 13 41 8 5 26 15 33 17 24 60 36 4 39 27 52 32 43 18 37 28 61 64 58 45 51 10 9 31 55 14 3 42 53 19 12 59 6 38 20 49 23 1 50 34 16
39 15 62 35 46 5 58 29 32 50 43 42 28 25 6 45 49 14 56 52 16 21 59 18 47 22 44 34 11 30 17 2 48 55 31 13 20 7 38 12 40 9 54 3 23 27 63 1 64 8 26 36 60 37 4 51 57 41 24 53 61 19 33 10
41 11 27 59 29 49 13 25 9 22 30 26 51 14 52 23 60 34 10 56 35 16 62 24 45 47 53 42 6 8 39 43 20 19 55 33 12 36 63 37 44 46 58 17 7 40 15 50 48 18 1 3 54 4 2 38 5 57 64 31 21 28 61 32
13 12 18 53 45 20 25 24 31 26 17 9 23 7 42 58 50 48 11 64 32 4 29 55 34 51 57 49 62 5 27 56 44 60 19 28 2 16 61 47 1 43 63 46 3 33 36 41 40 30 39 52 38 8 6 22 54 37 35 14 59 10 15 21
57 27 25 17 23 58 8 3 16 63 64 41 21 22 37 59 2 19 7 48 14 40 24 38 39 5 52 15 32 18 62 46 50 29 11 35 30 34 56 47 10 13 26 60 4 1 61 51 20 6 49 31 43 9 54 44 33 45 12 42 28 36 55 53
9 34 4 45 2 1 16 53 48 23 10 28 62 49 13 22 12 30 36 7 63 11 51 39 61 32 35 59 46 25 50 24 42 14 57 8 43 47 27 6 15 64 5 31 60 41 58 18 33 26 56 19 52 44 37 3 38 21 54 55 29 20 40 17
31 6 36 57 51 37 24 21 53 34 22 61 30 29 5 42 45 20 48 59 50 12 40 16 28 60 25 44 11 41 17 55 49 8 26 15 4 46 19 38 56 18 39 63 58 43 23 14 52 10 33 32 47 13 1 7 2 62 3 27 64 54 35 9
43 30 47 53 48 24 50 31 54 52 19 2 56 28 27 37 15 4 40 1 29 8 5 49 51 13 62 7 22 33 12 59 35 11 60 21 3 55 63 34 58 36 17 32 16 57 26 9 44 14 39 20 46 25 38 61 64 18 10 6 23 42 45 41
27 60 62 24 6 41 1 56 8 7 14 63 5 13 50 43 44 53 2 15 30 39 46 51 20 54 29 37 64 11 55 9 57 16 23 38 40 36 52 42 35 12 59 17 22 4 18 33 31 48 32 45 21 10 61 47 3 34 49 26 58 28 25 19
8 45 38 25 41 3 49 10 23 57 55 31 37 34 42 33 43 36 11 39 60 4 48 47 6 26 53 62 63 29 21 51 32 35 64 54 18 58 61 19 7 50 30 20 27 56 22 40 13 12 1 9 15 24 46 5 44 2 59 14 17 52 16 28
1 10 39 18 35 49 22 8 50 11 62 43 41 14 60 48 21 64 38 4 13 47 7 32 40 37 63 24 29 42 56 20 17 53 45 44 52 28 25 16 36 5 54 57 55 59 51 2 61 31 34 26 6 15 9 46 58 23 30 12 3 33 19 27
41 26 54 17 56 8 43 23 9 62 25 50 14 20 37 1 49 22 27 3 52 53 35 31 13 63 46 34 16 45 4 38 10 33 58 12 48 59 28 60 64 19 47 15 29 61 40 42 5 30 21 36 39 44 7 51 32 11 55 2 18 6 24 57
45 31 34 40 36 9 13 20 37 22 64 24 60 56 52 57 2 18 42 12 58 30 6 38 8 25 32 29 10 15 14 3 16 4 28 26 62 44 17 43 51 47 11 19 54 5 59 41 55 7 49 35 33 23 39 27 46 53 48 63 21 50 61 1
24 12 26 42 14 63 40 46 38 16 17 37 20 58 64 45 8 43 3 33 18 29 34 22 27 57 1 61 51 36 25 39 9 55 30 56 53 19 31 23 32 41 62 2 49 13 28 50 21 59 11 54 35 6 15 52 60 7 44 4 10 48 5 47
32 59 11 44 46 43 53 5 35 8 54 42 40 51 21 56 4 16 45 13 49 61 50 20 29 47 14 58 17 38 60 10 62 12 48 2 1 30 34 36 55 64 25 31 24 9 7 19 26 27 52 41 28 3 63 18 23 22 6 39 37 57 33 15
4 11 23 59 13 10 17 30 46 1 8 58 27 25 51 61 62 47 15 56 7 28 19 6 21 49 44 53 42 48 38 2 29 32 43 55 5 64 40 33 37 45 22 50 14 60 3 12 41 54 36 31 26 34 18 63 35 16 24 57 20 39 9 52
60 32 56 35 9 34 6 45 21 51 53 3 8 50 47 23 48 14 43 40 61 52 12 26 36 38 15 42 25 37 11 18 27 16 49 59 24 10 2 55 44 30 64 5 63 46 1 20 54 4 41 62 29 33 58 28 57 17 31 7 22 19 39 13
28 54 31 50 39 35 36 53 61 60 30 19 26 62 7 20 29 59 5 55 48 43 8 17 12 9 34 49 18 10 1 33 46 2 24 13 51 23 44 52 41 40 3 42 11 6 57 25 63 16 38 37 32 4 56 21 58 47 64 45 27 14 15 22
7 56 27 10 38 40 29 13 22 19 59 15 4 35 20 30 44 26 53 64 41 18 62 46 57 31 39 9 60 47 6 24 48 49 32 28 37 5 14 63 52 58 12 45 61 25 34 36 3 43 50 33 54 2 21 17 42 11 16 51 1 55 23 8
47 34 18 22 33 6 58 14 3 59 1 57 50 49 28 4 13 24 35 46 2 45 38 11 44 21 48 43 61 56 54 12 64 10 36 23 8 42 20 25 17 29 51 62 31 19 63 52 32 15 55 27 37 39 26 30 9 41 5 40 7 60 16 53
3 48 4 23 31 18 62 58 52 42 43 25 51 15 12 53 1 17 56 20 57 21 28 49 7 2 36 5 13 30 61 27 19 6 11 35 64 33 38 41 22 10 26 39 16 45 9 60 44 46 47 40 55 63 59 37 29 14 54 24 50 8 34 32
56 20 22 55 21 25 34 52 30 38 36 44 62 27 43 51 19 60 61 37 46 16 9 54 35 11 28 59 2 50 64 42 47 31 57 41 12 1 5 8 15 39 49 7 40 29 45 53 6 3 18 17 58 26 14 4 10 33 23 32 24 63 13 48
37 18 51 45 28 61 42 36 31 53 48 29 52 57 24 46 50 40 41 2 34 59 13 27 47 33 19 21 8 39 9 7 44 62 54 63 60 11 58 14 5 17 20 30 4 55 25 32 23 49 26 56 3 38 10 6 64 43 35 22 12 15 1 16
13 15 44 11 23 41 16 59 36 27 52 38 30 2 58 55 63 9 39 57 10 34 29 18 1 42 7 28 31 5 35 14 21 40 6 46 20 43 8 61 25 32 45 48 12 50 47 37 64 26 56 51 24 62 4 33 53 54 17 19 60 22 49 3
57 41 46 5 48 58 54 61 26 3 34 17 21 53 6 47 33 29 51 14 16 25 36 24 30 52 20 64 43 9 15 63 22 44 31 50 56 37 10 18 62 49 1 4 13 39 60 55 40 8 59 28 19 35 2 11 38 27 12 23 32 45 7 42
42 37 64 57 45 30 7 1 28 49 13 63 25 6 62 50 20 41 10 34 35 60 23 40 52 22 4 36 14 32 3 48 55 19 16 17 47 31 24 21 59 33 5 51 26 27 11 15 9 12 2 29 43 58 53 56 44 39 46 8 54 61 38 18
43 33 47 7 53 59 49 63 51 36 39 41 15 29 56 19 38 55 57 10 23 11 25 3 60 48 45 1 62 8 16 37 30 17 13 52 54 26 27 4 50 34 24 9 32 35 31 18 61 21 46 5 6 12 42 44 14 58 22 28 2 64 40 20
54 4 53 20 18 1 35 9 10 50 38 51 11 42 25 62 30 32 47 19 26 15 22 55 61 16 57 23 12 24 13 64 49 27 52 14 45 7 56 46 34 3 63 21 2 43 44 8 31 33 29 39 59 36 58 40 5 28 6 60 48 41 37 17
52 19 28 33 35 56 43 24 55 17 40 1 23 26 59 49 41 47 46 4 42 13 53 50 62 29 5 45 16 63 37 11 20 14 9 3 34 38 32 6 2 15 58 27 10 57 61 51 7 18 31 44 60 8 12 22 54 21 30 64 25 36 48 39
26 17 54 60 61 39 41 12 32 35 18 28 9 63 13 11 15 34 55 7 1 40 59 16 37 6 22 8 29 3 47 50 42 52 2 24 25 45 36 49 64 38 23 46 58 10 4 14 33 62 48 53 21 5 43 30 27 20 57 31 51 44 19 56
5 45 11 15 54 4 38 60 44 56 50 30 33 36 49 52 14 53 64 28 57 3 40 1 31 59 55 39 37 18 17 13 8 35 21 43 26 16 7 47 42 9 46 25 19 20 27 63 58 34 32 2 61 10 24 41 6 23 48 62 29 51 22 12
46 44 62 9 41 26 53 51 15 37 10 23 63 19 7 64 4 30 5 52 45 49 43 57 17 47 54 55 39 14 50 28 25 3 33 6 2 34 22 42 18 1 59 24 60 32 58 40 12 35 11 16 56 21 31 8 20 36 13 61 38 48 27 29
40 11 8 46 29 15 60 55 18 58 9 61 41 17 50 63 6 64 21 16 51 54 10 20 45 39 42 44 36 23 26 62 7 38 25 19 32 47 30 12 35 43 56 57 27 4 24 31 5 22 3 52 28 13 48 34 1 37 49 53 59 2 33 14
27 14 2 19 20 45 57 25 48 32 15 43 37 52 11 54 51 23 36 35 53 4 24 39 26 61 17 18 46 34 62 47 58 30 41 8 29 6 16 59 60 12 28 38 50 44 21 1 13 31 22 33 42 49 64 7 3 55 40 9 63 10 56 5
31 43 36 53 24 20 4 21 27 61 64 47 17 41 29 18 3 56 62 50 63 2 51 42 10 57 16 13 1 49 12 60 59 46 45 23 38 15 52 33 55 37 9 6 28 40 7 11 22 48 34 19 30 39 8 14 25 32 5 58 44 54 35 26
45 32 60 34 6 55 17 43 12 26 20 4 40 3 28 44 9 54 7 8 50 27 39 31 59 58 10 56 52 48 2 5 11 24 62 16 41 35 63 53 1 30 29 23 21 38 42 19 25 13 49 14 22 37 33 47 64 15 18 36 61 57 51 46
22 59 49 64 13 37 20 39 16 11 54 50 10 47 60 5 27 1 45 21 14 36 35 6 63 7 2 51 17 28 52 25 31 56 48 62 43 46 19 23 26 29 40 61 34 41 18 44 4 32 42 3 15 24 9 38 57 8 55 12 58 53 30 33
63 27 41 24 4 6 40 7 50 43 44 42 18 55 34 25 49 16 17 15 28 38 14 47 51 22 35 30 19 39 56 53 60 59 5 31 54 23 48 45 58 64 13 26 62 3 36 9 1 11 8 32 52 33 37 46 2 12 21 57 20 29 61 10
9 46 23 26 56 24 32 4 58 34 51 11 62 54 2 12 43 55 60 42 30 47 16 15 53 40 29 27 6 25 45 20 1 8 37 49 50 28 39 31 36 18 41 13 7 48 14 22 19 38 52 10 35 61 63 17 33 57 59 44 64 3 5 21
14 16 31 21 53 32 28 2 5 29 19 18 22 12 42 62 60 43 8 59 13 48 7 35 57 33 54 17 10 20 36 55 50 4 30 9 58 63 49 39 56 44 23 41 3 1 37 61 46 52 51 27 64 45 15 24 47 34 38 11 40 6 26 25
32 6 27 18 50 49 2 36 53 47 30 57 5 51 20 35 12 4 59 64 44 31 48 52 39 9 63 26 25 45 22 16 17 13 46 21 15 37 61 60 7 58 8 62 23 34 56 38 11 10 33 54 40 55 1 3 14 42 24 43 28 19 29 41
60 4 17 20 9 16 22 3 37 57 50 46 8 18 21 48 64 24 34 1 58 61 6 45 29 56 51 23 40 2 13 43 14 53 26 32 11 30 25 15 10 39 44 63 55 31 28 42 52 41 36 12 38 19 54 27 5 62 47 35 7 33 59 49
30 10 34 2 54 57 25 5 6 23 53 31 14 56 52 59 45 18 48 49 7 1 8 17 40 51 28 46 32 24 43 58 64 60 55 44 42 36 27 19 38 63 16 39 20 33 26 13 21 9 41 35 47 15 11 61 29 50 3 62 22 37 12 4
37 61 18 49 46 64 8 28 25 50 62 2 31 13 43 58 21 9 3 48 29 30 26 14 34 24 22 15 11 41 27 36 10 7 23 12 5 17 47 16 63 19 32 4 54 59 40 52 55 39 38 42 33 6 57 35 60 53 44 56 51 1 45 20
26 30 51 16 33 35 27 31 10 64 1 48 50 25 37 2 59 14 11 46 12 15 63 22 36 21 53 44 9 38 4 56 57 39 13 40 45 58 24 8 49 5 17 60 47 61 43 41 20 6 29 62 32 7 34 52 54 18 23 28 3 42 55 19
52 12 35 15 36 18 3 63 56 41 8 37 60 49 47 50 34 59 54 13 25 11 19 48 27 32 4 58 45 62 55 26 1 61 14 33 20 2 5 43 44 40 24 17 31 6 23 51 16 30 57 39 29 38 53 21 9 10 64 42 46 28 22 7
19 31 44 6 60 30 1 9 35 42 17 5 47 34 24 49 13 48 27 12 2 39 38 50 20 25 36 8 61 15 54 59 58 29 10 52 53 64 56 55 51 45 63 32 40 21 57 62 43 14 18 41 46 3 7 33 23 28 22 4 11 16 37 26
7 54 4 48 38 10 56 30 60 36 47 51 52 58 12 17 8 22 44 3 46 43 13 23 62 37 57 42 64 63 18 9 49 11 19 15 34 26 28 14 29 50 39 27 24 5 59 2 32 33 55 53 16 25 61 6 35 45 31 40 1 20 21 41
4 29 55 35 39 56 6 26 51 49 25 24 3 20 30 19 62 40 43 5 41 45 15 32 7 16 14 61 42 11 64 46 8 27 36 13 63 59 22 34 31 47 53 28 33 44 1 12 48 38 2 50 54 23 52 18 58 17 10 21 37 60 9 57
1 53 64 19 14 8 50 52 32 25 35 58 23 7 51 61 48 11 22 40 49 12 46 55 47 5 17 37 13 29 39 3 16 33 57 24 26 56 54 4 6 34 30 15 43 63 44 36 41 62 21 45 59 9 20 28 10 2 38 31 27 18 42 60
54 60 39 3 28 59 36 45 29 19 61 35 20 23 56 43 16 10 15 37 9 8 25 49 13 63 64 1 48 30 11 57 17 62 52 14 40 42 44 38 41 51 47 7 32 58 53 33 22 21 26 31 34 4 18 5 24 6 46 55 50 12 27 2
28 1 41 4 30 60 24 23 43 59 42 19 56 38 35 57 29 32 53 55 52 46 50 44 61 11 15 49 51 17 16 64 26 37 45 7 48 5 20 36 34 8 3 21 22 12 31 25 9 58 47 40 14 62 6 63 27 33 54 10 18 39 2 13
47 9 21 29 61 40 11 24 57 63 36 3 15 22 17 23 50 25 38 20 48 35 62 51 8 49 2 12 14 5 60 59 19 55 28 16 1 34 10 44 52 33 64 30 13 56 45 18 54 27 31 4 43 58 26 37 53 41 39 7 42 32 6 46
3 34 38 7 51 1 58 14 23 26 63 52 25 62 64 30 5 19 40 36 17 28 44 46 12 53 16 55 60 10 48 50 35 49 41 59 27 33 21 56 37 15 54 42 61 9 11 8 6 24 20 13 39 2 45 43 32 57 47 22 29 4 31 18
56 33 45 8 18 29 13 49 28 61 14 9 4 11 36 16 30 41 2 10 23 25 21 40 44 12 55 43 34 32 1 51 59 6 54 60 24 35 19 7 48 17 37 53 50 46 52 20 31 3 57 5 62 27 39 22 38 58 42 63 47 64 26 15
6 18 56 33 42 25 61 58 55 1 39 48 64 14 49 4 19 29 35 2 34 52 32 43 28 31 20 53 15 26 41 10 11 23 62 38 12 47 40 9 22 36 5 51 3 13 57 54 27 30 50 37 7 63 60 16 46 21 59 45 17 44 24 8
18 23 33 17 2 43 29 1 8 51 59 57 30 28 27 56 7 44 24 60 31 13 22 11 26 38 45 34 20 40 42 62 32 12 58 50 64 16 61 52 63 55 41 9 4 35 3 53 19 48 46 36 10 37 21 54 49 47 15 39 6 14 25 5
61 14 17 57 23 15 42 29 46 47 13 28 51 53 39 20 12 36 41 33 26 21 9 27 19 2 31 24 18 37 6 60 30 32 64 54 8 7 38 5 50 59 58 45 34 48 63 49 3 11 1 16 40 44 56 10 4 43 62 52 25 55 35 22
43 56 29 26 45 63 18 59 52 8 55 11 27 57 58 46 2 33 62 39 16 9 12 48 1 30 32 7 38 34 50 53 47 31 21 28 51 24 6 37 36 13 49 5 64 60 25 15 61 22 4 19 17 3 10 44 42 20 35 23 54 41 40 14
57 16 7 58 41 46 23 20 30 60 37 61 28 6 53 27 43 45 11 56 54 64 24 18 52 48 35 5 2 42 62 13 55 26 49 17 39 10 8 21 59 32 34 31 63 1 9 50 33 14 22 29 3 19 25 4 44 15 40 51 12 36 38 47
42 37 62 5 35 9 14 8 49 38 43 53 58 41 6 13 28 26 48 54 60 18 23 24 30 3 44 39 63 50 57 36 51 52 16 55 4 12 29 25 32 47 59 33 7 40 2 22 1 31 64 56 15 45 46 11 34 27 17 20 21 61 19 10
41 15 22 23 29 57 62 33 36 10 49 4 11 40 1 54 20 17 56 45 35 60 34 16 6 42 39 28 12 9 26 47 44 63 48 37 30 31 58 46 5 43 25 19 53 64 27 32 18 52 59 2 38 61 14 51 50 7 55 8 24 3 13 21
25 46 36 40 24 3 49 13 58 7 47 50 16 29 62 53 33 34 8 14 18 54 28 15 21 52 1 64 43 55 32 44 20 19 6 31 60 57 39 41 17 45 9 26 11 38 59 37 23 4 56 51 35 12 22 48 2 42 30 61 10 63 5 27
13 19 8 54 21 45 1 53 31 57 17 63 37 50 2 44 49 3 36 28 61 51 60 39 43 47 7 9 62 22 38 5 42 10 25 56 33 15 16 59 58 46 27 20 26 41 40 55 64 34 11 14 24 6 4 18 30 12 48 32 35 52 23 29
24 44 53 46 50 58 12 10 3 37 41 54 9 34 55 45 27 21 17 57 14 47 51 35 59 61 63 36 40 23 25 33 22 4 5 8 43 1 48 26 62 31 20 38 28 32 15 19 11 49 42 18 60 13 30 56 6 39 64 29 2 16 7 52
8 20 2 64 36 38 34 61 21 43 44 18 41 12 13 52 14 53 42 19 10 4 48 17 57 54 5 45 6 47 9 16 62 30 33 63 37 11 59 31 35 40 46 24 23 25 51 60 50 7 32 28 22 26 1 29 3 55 56 27 58 15 39 49
5 6 23 45 33 39 3 46 9 53 22 43 21 7 64 55 35 60 10 48 30 38 36 54 31 59 34 51 11 14 61 26 25 8 2 13 56 19 17 20 42 37 29 41 62 27 47 4 58 50 52 44 16 15 63 40 1 18 12 24 32 57 49 28
63 31 54 60 39 6 28 56 15 64 30 62 33 3 25 51 59 42 27 13 12 53 35 38 40 57 19 21 46 8 2 14 48 11 18 45 41 55 36 49 26 9 16 61 10 47 22 34 4 32 29 20 37 7 24 52 50 23 5 58 44 43 1 17
45 41 46 22 60 4 17 15 50 11 38 5 26 27 47 12 51 20 14 18 63 49 16 6 35 58 42 62 31 56 64 9 29 59 32 40 52 43 30 19 55 2 28 25 21 39 24 44 37 54 8 10 61 23 57 3 36 34 13 7 48 1 33 53
30 43 59 25 6 5 32 36 12 27 57 42 64 52 31 34 3 16 7 33 53 2 63 23 17 54 62 26 1 44 21 28 46 40 24 49 19 50 37 18 15 41 8 13 14 29 61 38 48 10 55 9 47 4 11 35 20 22 58 39 60 51 45 56
41 17 49 56 7 32 4 12 22 23 18 38 47 42 24 35 45 30 34 54 51 16 39 1 53 29 46 14 8 48 5 27 57 13 31 62 50 6 52 15 40 10 26 63 2 20 37 11 44 43 36 3 64 55 58 28 25 9 21 60 59 19 61 33
39 27 31 53 22 52 2 6 61 35 3 25 48 47 30 1 24 4 55 36 50 34 59 20 37 16 10 56 64 49 15 43 9 58 60 7 18 44 14 33 38 12 40 5 29 19 26 63 46 13 41 45 28 21 42 17 57 62 23 11 54 8 51 32
22 30 55 2 23 35 40 45 16 56 52 41 3 63 62 18 44 43 61 42 1 59 26 57 60 39 48 24 5 11 17 25 31 46 13 15 58 53 49 7 64 19 51 20 47 50 28 14 10 12 34 27 21 33 37 8 32 36 6 9 38 54 29 4
4 59 60 55 46 26 27 20 54 32 37 2 42 51 29 11 9 40 62 3 41 1 23 45 10 6 64 18 52 33 47 38 21 14 8 35 25 63 7 16 50 58 13 17 19 43 56 31 5 15 48 39 30 49 34 61 44 28 57 53 24 22 36 12
25 11 35 18 51 20 57 24 47 52 15 30 31 49 43 27 48 23 21 16 2 36 5 42 7 40 29 28 45 9 12 37 50 56 26 19 38 46 63 55 60 1 22 6 58 34 4 61 13 41 53 17 32 62 39 14 33 8 3 44 64 10 59 54
9 35 34 43 4 61 23 2 26 62 51 31 17 15 39 63 64 46 60 59 54 29 28 41 13 48 36 7 22 50 18 42 27 44 30 21 32 45 47 53 1 5 56 57 12 10 58 8 16 6 33 52 19 24 25 38 14 37 49 20 11 40 55 3
40 54 19 21 31 64 18 23 27 58 8 44 20 17 11 48 41 59 43 37 49 45 10 26 4 52 39 55 36 22 62 56 60 2 46 32 15 57 28 12 29 63 1 33 51 3 42 13 25 9 38 35 6 34 7 5 47 50 24 14 61 53 30 16
26 61 27 34 20 55 53 31 6 3 40 46 23 54 12 47 15 33 45 35 13 48 19 50 63 11 57 5 17 37 22 58 44 62 14 41 29 38 16 39 7 49 64 32 60 28 21 1 52 8 51 4 56 36 59 30 9 10 18 43 25 2 24 42
61 12 18 9 53 16 22 48 5 34 27 47 40 58 42 54 13 1 59 8 57 28 6 14 31 38 55 30 10 3 45 19 7 35 37 43 64 24 2 52 25 44 17 51 21 4 23 29 20 26 49 32 33 60 15 41 46 11 62 36 63 50 56 39
7 45 62 53 18 24 35 60 48 22 34 15 28 26 50 10 16 21 56 1 58 30 43 54 6 61 51 13 29 36 55 63 20 17 19 2 8 64 27 5 47 3 44 46 49 59 14 9 23 57 39 41 42 38 12 33 4 32 31 40 37 11 52 25
1 10 64 39 61 41 8 63 56 29 49 23 62 13 27 33 38 26 3 20 42 11 24 47 21 30 44 59 48 15 37 55 14 53 43 9 2 7 58 34 51 50 25 19 31 17 36 4 32 46 18 16 52 35 40 60 5 54 22 57 6 28 12 45
24 32 25 11 41 31 6 26 44 17 55 29 60 35 58 4 28 47 54 56 48 64 22 52 34 42 14 51 9 23 36 7 30 38 62 33 39 16 5 61 49 37 20 50 27 57 43 18 63 59 3 12 46 15 2 21 1 53 10 8 40 45 13 19
19 29 11 59 28 49 41 14 38 50 61 24 21 36 5 30 4 44 51 60 26 8 13 22 47 2 45 17 20 40 43 57 25 7 55 54 33 15 48 63 18 64 23 9 16 31 34 62 58 35 56 42 39 10 53 46 27 3 12 52 32 6 37 1
14 34 47 16 56 57 38 58 8 44 19 1 22 2 53 62 6 48 41 55 23 40 15 32 20 59 63 21 13 30 35 12 51 29 10 52 60 28 61 42 37 18 45 27 64 5 7 36 11 43 46 50 26 9 31 54 24 17 39 4 3 33 25 49
52 43 22 50 2 18 11 46 58 8 10 37 4 28 59 5 7 17 38 12 53 61 51 3 36 13 16 27 19 42 57 24 62 55 64 14 47 31 54 60 41 63 32 30 20 25 1 33 40 39 26 44 23 21 56 6 34 45 15 35 48 29 49 9
46 59 28 23 54 15 62 13 60 53 43 30 5 19 52 2 20 34 39 10 44 27 38 31 45 57 42 29 16 32 26 64 9 24 36 6 37 33 25 47 22 41 11 7 40 55 51 12 50 4 8 17 58 61 18 63 49 14 56 21 1 48 35 3
27 41 33 54 14 37 36 56 35 17 1 28 63 23 6 53 60 11 24 5 29 31 7 55 30 32 34 8 15 45 13 20 57 39 9 44 4 26 47 25 2 38 46 48 62 19 18 50 61 21 64 10 22 49 52 16 58 43 3 51 59 42 40 12
32 31 54 7 13 9 56 33 53 38 39 25 14 62 51 20 34 45 40 46 35 15 8 3 28 5 17 61 18 63 27 11 10 59 58 50 30 19 24 41 6 1 47 26 23 43 60 2 12 52 4 37 16 36 22 44 42 57 49 55 29 64 48 21
13 20 7 48 30 58 42 9 21 60 54 47 11 41 49 17 1 18 44 15 46 52 35 16 8 63 19 36 32 14 50 39 64 27 31 26 51 59 6 43 56 12 24 28 4 3 45 40 33 62 22 5 29 25 61 37 2 34 55 23 10 57 38 53
18 11 39 25 45 26 29 53 55 3 13 51 50 20 1 59 8 41 35 64 7 60 40 49 19 37 15 43 61 34 6 46 48 23 24 12 56 30 32 14 36 31 63 42 58 17 44 52 27 33 2 62 54 5 21 10 38 22 16 28 47 4 9 57
57 6 38 22 9 25 13 61 30 10 36 43 41 14 20 44 63 55 5 40 45 54 32 24 59 49 62 1 51 26 4 16 46 37 52 28 48 11 17 8 35 29 12 31 47 33 15 42 64 34 50 53 7 39 60 27 3 58 21 19 2 18 23 56
56 16 53 33 22 29 58 30 28 11 25 38 18 57 2 49 62 36 59 50 17 13 9 14 26 7 1 64 37 55 54 19 47 8 23 24 41 46 63 4 42 40 39 60 32 21 52 20 43 6 31 51 61 35 48 34 10 3 44 45 12 15 27 5
54 18 4 43 42 5 61 49 10 35 41 29 27 56 13 51 50 14 11 39 52 21 62 15 57 31 20 9 34 8 48 63 22 33 25 16 24 53 30 37 59 19 58 45 12 64 47 32 3 26 38 36 60 6 46 17 23 7 40 2 44 55 1 28
6 4 17 26 35 46 16 28 9 50 57 52 8 55 36 23 5 24 10 45 34 3 21 47 40 12 53 15 64 2 11 51 42 60 30 37 43 44 49 38 58 13 54 25 19 59 61 63 7 41 1 31 62 27 14 56 29 33 48 32 18 20 39 22
42 15 45 8 46 43 3 7 36 61 63 54 52 25 37 13 29 53 48 4 16 9 12 1 62 6 32 39 60 18 41 58 31 11 57 23 27 17 59 56 44 5 30 21 51 34 14 10 22 50 49 2 19 33 64 47 35 55 38 24 28 40 26 20
3 30 36 44 31 35 50 4 47 26 14 53 15 11 64 16 48 29 22 52 61 51 34 57 27 21 58 12 1 5 32 42 55 63 28 43 38 2 8 45 62 46 37 24 7 41 25 54 18 49 20 33 59 60 10 40 6 9 13 56 23 39 19 17
28 33 59 24 38 20 6 29 52 34 64 1 30 40 56 55 35 3 15 14 63 18 36 27 51 16 7 62 11 44 25 26 32 4 41 2 19 12 39 46 48 49 17 53 50 5 58 37 54 13 42 9 47 23 45 43 60 8 57 22 21 61 31 10
30 17 31 56 6 8 24 43 15 57 38 2 37 18 55 5 33 32 36 28 10 4 14 42 44 3 35 34 25 47 21 7 50 12 60 40 62 63 29 49 52 39 9 41 53 45 27 19 1 54 48 20 46 13 59 51 64 23 58 61 11 16 22 26
43 35 23 57 48 6 7 8 3 37 22 31 58 50 25 46 12 60 14 59 28 39 16 41 29 53 10 49 42 56 61 9 11 52 2 13 64 45 38 21 47 55 1 15 26 27 36 44 19 24 18 54 40 34 20 4 30 62 5 63 17 32 51 33
8 23 21 40 51 1 60 39 54 7 53 17 25 12 34 57 41 64 3 48 30 38 44 20 52 24 46 56 14 29 9 43 27 32 16 19 2 5 22 31 63 58 49 62 28 61 26 15 37 10 11 13 42 4 33 35 47 36 6 55 50 45 59 18
31 27 56 55 50 61 35 52 23 64 3 4 16 6 21 1 43 25 42 49 9 34 60 32 39 51 28 53 62 48 15 44 29 19 54 59 45 10 40 33 5 2 41 17 11 57 22 38 63 46 47 14 37 26 18 24 20 12 30 36 58 8 13 7
5 37 41 45 18 34 62 15 12 29 59 50 51 47 42 19 64 9 17 2 31 35 53 52 61 13 25 58 8 28 38 14 60 49 26 33 39 1 21 44 10 3 40 6 63 32 43 55 16 11 57 56 30 24 4 48 36 20 46 23 27 22 7 54
18 32 44 46 33 40 43 36 22 47 62 57 10 53 28 58 24 56 2 39 25 16 48 31 17 42 5 13 45 20 64 3 21 61 14 63 11 6 7 19 49 9 29 50 27 60 1 34 4 15 59 52 26 55 12 37 54 41 23 35 38 51 30 8
27 44 34 18 4 64 41 55 61 56 15 24 5 13 17 63 49 19 39 45 60 36 25 38 43 22 2 46 40 62 52 28 30 26 48 50 33 57 14 16 1 10 59 7 29 20 31 51 9 32 21 12 23 58 8 3 53 47 54 11 35 37 6 42
13 9 19 2 45 4 11 5 31 44 54 62 48 49 43 64 51 47 60 50 14 25 63 17 12 40 7 37 39 3 1 33 20 58 6 56 29 35 36 23 15 18 16 38 61 10 34 22 55 27 53 28 24 8 26 30 57 42 59 52 46 41 21 32
63 56 51 20 21 52 18 3 26 58 17 41 60 22 5 50 2 54 8 12 28 43 13 6 7 9 36 29 31 49 27 48 64 30 32 35 37 16 24 47 38 44 23 61 34 4 40 25 46 59 55 19 39 62 57 11 14 45 10 53 42 1 33 15
32 1 25 42 20 16 57 6 7 51 30 23 11 58 37 61 13 24 21 19 12 49 46 26 35 47 31 45 38 28 17 62 8 10 34 55 15 43 56 53 60 59 5 39 54 29 9 41 48 22 3 50 52 44 63 27 33 14 18 40 64 2 36 4
40 60 8 34 14 55 39 13 16 41 44 61 56 26 58 11 21 29 43 35 18 30 62 51 53 25 27 23 36 38 12 24 59 17 28 6 32 7 5 9 54 45 20 57 10 31 4 49 50 48 33 3 15 37 52 22 1 2 64 46 63 19 42 47
28 45 35 5 9 30 14 10 57 49 20 44 37 17 52 56 15 22 51 64 7 2 53 18 11 48 4 26 63 33 54 38 25 27 23 41 40 36 58 59 32 43 39 13 55 47 3 1 21 8 34 61 6 19 42 46 60 50 31 62 24 29 12 16
14 54 18 58 36 31 23 12 6 52 34 63 9 15 11 4 3 13 45 16 2 27 59 55 1 5 64 42 57 10 50 37 62 20 26 60 25 47 8 22 17 33 51 46 49 48 56 53 41 30 32 35 38 7 24 44 29 21 39 28 40 43 61 19
22 19 2 12 62 24 58 9 5 1 51 46 17 4 56 47 20 48 54 15 26 53 41 39 13 32 29 59 37 11 36 64 28 35 21 49 63 23 60 25 40 30 8 33 16 50 42 61 14 31 52 45 43 10 6 38 44 18 55 57 3 7 27 34
60 25 28 17 41 10 20 59 48 23 13 42 33 44 26 43 7 49 24 3 54 50 52 35 62 30 22 4 46 36 56 11 16 40 8 31 18 55 64 15 58 37 53 14 2 38 57 6 29 9 51 21 34 12 1 61 27 32 47 19 45 63 5 39
47 46 7 64 61 39 36 32 27 19 49 3 4 35 30 8 57 26 41 40 48 59 16 22 45 54 53 51 17 23 18 25 33 6 43 52 58 34 37 55 62 50 13 63 14 56 2 31 44 38 28 9 21 15 11 5 24 10 42 20 60 12 29 1
49 62 47 7 32 38 8 28 46 16 39 56 42 3 31 34 1 4 55 20 51 54 36 45 52 33 48 30 43 50 26 57 9 37 41 44 24 64 19 63 12 58 25 2 18 6 59 60 13 61 53 29 35 23 15 14 5 11 17 21 22 10 40 27
57 12 64 39 13 59 17 26 49 43 35 11 52 62 50 2 30 18 34 21 16 15 9 23 55 58 19 27 22 56 45 20 14 44 3 10 47 42 38 61 31 51 32 53 60 25 24 8 5 29 41 33 28 54 40 6 63 48 1 4 7 36 37 46
52 10 46 24 30 56 49 37 32 62 47 16 27 23 1 12 59 61 33 5 45 4 44 63 60 57 28 17 13 9 42 55 35 31 19 21 20 50 39 26 48 14 34 41 64 58 7 11 54 18 29 40 3 38 2 8 53 15 36 43 51 6 22 25
17 24 4 11 28 45 25 63 44 27 19 58 8 18 47 20 62 10 15 36 61 43 34 50 26 35 42 5 48 55 23 41 7 2 57 38 1 33 59 6 29 64 56 51 31 12 53 13 40 54 39 16 32 3 9 60 21 37 22 30 46 52 49 14
19 61 33 3 24 63 4 46 29 31 36 35 18 34 59 62 14 53 43 1 41 60 50 8 10 2 58 16 6 40 47 56 22 52 48 26 51 38 21 12 25 32 28 5 13 55 23 37 20 39 27 42 54 9 30 7 49 17 15 44 11 64 57 45
45 17 49 50 42 44 61 33 51 32 55 15 47 57 27 10 29 59 53 4 63 1 48 54 36 56 38 7 52 18 13 5 19 39 11 14 41 31 30 37 64 43 3 24 16 40 28 22 26 35 46 62 20 34 25 21 58 6 12 8 23 60 9 2
24 15 11 23 22 3 12 5 28 36 1 19 40 63 51 52 9 55 62 57 30 47 6 48 37 59 16 18 2 8 60 50 46 29 49 53 34 43 17 20 42 41 58 32 61 44 45 54 33 7 64 56 10 39 31 4 25 27 35 14 21 38 26 13
3 29 60 59 23 32 40 2 52 53 45 5 31 56 6 30 8 17 7 10 58 64 63 41 43 37 14 9 42 44 16 18 47 24 13 46 4 26 49 36 38 39 11 48 34 1 22 19 27 12 55 20 33 61 21 28 57 54 62 51 35 50 25 15
54 35 39 60 56 61 2 53 22 37 50 13 3 36 55 27 34 44 40 63 31 29 26 15 20 24 1 62 9 47 41 38 48 14 30 32 8 19 25 42 18 49 64 4 33 46 43 51 12 57 59 5 16 58 7 10 6 28 21 45 17 11 23 52
56 33 53 15 54 49 38 48 61 8 40 41 64 51 13 23 50 1 5 52 29 31 22 17 47 16 20 14 11 32 57 12 44 4 46 7 30 35 63 60 36 10 24 26 62 45 37 18 6 58 21 27 55 25 34 43 2 39 59 42 28 3 19 9
43 20 54 33 60 41 22 4 15 56 25 31 14 55 35 17 28 16 11 34 50 13 51 6 57 53 62 49 12 30 2 39 26 7 37 9 19 10 36 5 52 1 44 27 40 61 18 38 23 24 42 32 64 21 45 63 46 8 3 29 58 48 59 47
42 23 27 4 7 60 13 1 31 59 22 37 58 19 29 47 6 36 35 33 57 40 21 16 51 61 15 39 20 49 5 48 11 30 64 62 56 63 2 8 50 55 54 45 53 9 26 25 43 38 3 18 14 10 46 24 34 41 44 12 32 28 52 17
6 30 55 49 38 16 29 31 57 22 27 46 50 17 64 48 35 45 44 8 25 12 5 42 28 63 36 53 18 41 39 13 32 61 9 24 62 47 52 14 37 15 26 21 3 33 51 20 10 59 11 4 58 19 60 34 23 7 40 56 1 43 2 54
26 31 59 25 53 18 27 60 9 49 42 61 63 22 2 55 44 14 21 28 35 52 19 11 39 3 32 15 5 38 4 7 57 56 6 54 43 12 20 46 34 8 37 30 10 47 1 40 58 62 36 51 29 13 48 17 64 23 16 24 50 33 45 41
1 59 62 16 2 30 34 29 5 51 37 63 15 40 20 33 4 41 8 60 44 18 14 46 61 52 35 55 19 3 11 27 42 23 24 12 47 6 48 43 32 36 45 9 7 21 58 13 25 22 57 39 17 26 64 56 50 53 49 10 38 54 31 28
46 37 45 9 30 39 16 3 26 41 43 23 51 2 21 53 63 20 59 56 52 11 25 44 27 7 5 58 61 17 62 42 55 8 33 28 64 24 40 34 6 19 12 15 49 38 36 29 31 14 50 13 35 60 4 54 10 47 48 22 18 57 1 32
9 16 23 5 35 6 32 24 53 1 63 11 30 49 39 59 60 43 56 42 10 46 40 26 19 21 44 37 29 48 15 64 31 13 52 8 12 36 27 4 51 17 47 25 28 57 34 14 7 50 18 2 22 45 20 38 3 62 58 61 54 41 55 33
7 18 31 17 21 40 24 61 55 57 35 54 62 20 43 16 30 3 60 37 42 9 32 23 8 51 46 34 2 14 48 47 50 63 25 15 52 1 5 45 59 12 22 28 26 19 27 41 11 13 49 36 38 6 56 33 4 10 64 58 29 44 39 53
37 4 51 56 6 8 42 15 43 58 50 19 41 11 28 45 59 40 36 55 1 21 60 39 34 22 64 46 32 5 25 26 10 49 16 38 54 17 29 18 47 9 27 20 23 35 44 12 52 33 2 31 7 62 63 48 30 57 24 14 61 53 13 3
63 19 17 26 13 64 56 39 23 47 41 29 22 50 24 49 16 46 27 59 34 38 43 31 44 9 10 1 36 33 35 28 51 60 54 3 11 58 14 7 55 2 62 6 20 25 52 15 5 30 48 53 37 8 61 40 42 32 57 45 12 18 21 4
17 48 29 8 46 57 50 7 16 62 49 3 21 53 34 35 1 30 61 13 9 45 12 27 63 39 25 59 51 2 6 33 64 32 36 14 60 28 22 23 15 44 5 19 24 41 40 52 18 31 47 54 43 55 58 11 38 20 10 4 42 37 56 26
30 34 22 54 48 52 7 14 50 63 61 53 26 25 5 18 62 47 42 39 17 35 24 38 29 12 45 56 1 15 55 44 16 19 2 49 27 64 6 31 10 3 40 60 11 28 9 8 13 32 33 37 21 4 59 41 36 58 46 43 23 20 51 57
42 56 39 57 36 4 43 8 49 29 59 58 16 28 25 54 48 45 2 46 13 3 7 24 40 5 17 12 60 37 23 9 14 62 32 21 53 15 31 47 26 18 63 38 19 34 61 50 41 11 20 44 30 33 22 51 35 27 1 52 64 55 6 10
31 9 64 55 4 20 13 43 3 16 17 44 48 54 62 19 51 11 22 52 60 39 10 57 30 40 38 7 34 29 37 25 21 12 58 45 2 5 28 49 56 63 46 42 14 50 59 33 32 8 1 41 61 24 26 35 23 6 47 53 27 15 36 18
25 1 19 40 54 31 35 6 21 34 53 62 20 38 12 51 43 42 39 33 23 59 13 52 17 47 2 18 10 45 61 58 9 11 5 7 26 16 32 56 44 46 41 57 64 27 15 49 3 29 4 28 55 63 8 37 14 36 30 60 48 50 24 22
47 27 45 22 9 34 2 49 60 11 38 42 25 6 36 56 21 55 17 48 28 53 15 51 29 58 57 30 64 24 43 37 7 26 62 10 39 59 54 41 5 13 8 61 50 3 31 4 46 18 32 19 40 12 14 52 63 16 23 35 44 1 33 20
32 11 21 46 23 15 29 55 58 44 1 24 8 35 50 13 19 56 48 49 14 36 40 3 4 2 31 28 62 26 39 43 27 33 54 41 38 45 47 52 17 59 64 63 60 10 7 53 61 9 22 18 34 5 57 16 20 37 6 12 25 51 30 42
61 41 56 19 42 38 11 20 54 60 8 57 50 58 51 43 2 64 14 5 46 12 35 1 59 30 4 23 15 39 21 3 25 10 18 52 32 53 27 9 49 40 13 28 29 17 24 55 37 26 34 44 62 36 33 6 47 48 31 7 63 22 45 16
57 45 36 64 51 29 8 2 35 43 10 4 17 15 49 44 20 19 3 16 50 61 24 63 34 25 1 27 38 22 13 60 58 59 33 56 37 46 52 53 41 47 32 62 12 6 11 31 55 48 26 54 28 39 18 30 42 14 5 9 7 40 23 21
24 43 47 23 60 37 6 59 38 42 39 16 52 26 53 50 14 36 10 63 34 51 12 20 13 57 62 5 31 11 64 19 8 58 55 28 25 30 48 45 7 29 54 17 18 4 56 44 22 15 41 9 33 35 2 46 32 3 40 27 21 61 1 49
54 32 41 50 24 9 53 63 36 31 40 51 47 14 26 61 15 18 27 34 12 16 8 49 6 7 20 64 25 62 11 13 35 17 60 23 48 56 58 21 22 30 45 33 43 59 42 1 4 46 52 37 3 44 10 5 57 28 38 29 2 19 55 39
26 12 35 20 33 10 41 36 32 52 45 13 40 62 55 8 3 9 34 57 63 18 43 50 28 6 14 51 17 23 22 11 59 46 64 37 58 42 38 7 1 5 16 24 2 48 60 61 21 49 31 39 47 27 53 44 54 15 56 30 29 4 25 19
6 62 55 59 41 43 25 30 27 19 47 56 60 23 13 46 49 44 7 15 42 48 16 18 53 37 34 17 14 10 36 12 33 35 9 31 54 57 29 4 50 64 24 45 21 32 2 63 40 61 28 52 39 3 1 22 5 11 58 51 20 38 26 8
52 4 25 29 32 1 28 10 46 50 19 15 9 47 30 57 5 59 40 64 53 49 60 35 27 31 36 43 18 26 2 62 20 7 24 55 63 23 22 16 37 45 44 13 58 56 3 11 61 41 8 33 42 38 39 14 34 54 17 21 51 48 6 12
45 18 8 2 7 59 49 12 51 23 57 1 31 40 47 33 41 22 61 21 9 13 39 14 37 24 58 53 46 34 5 27 19 55 52 32 50 11 36 20 63 38 17 60 26 64 4 54 48 6 56 35 10 15 42 3 25 43 62 44 28 16 30 29
49 6 60 48 14 44 17 56 47 27 64 52 15 4 43 45 57 33 62 1 31 30 5 40 61 59 51 34 63 9 41 39 55 24 37 35 12 58 16 19 54 50 23 2 28 20 53 10 46 7 29 36 32 26 11 18 38 22 13 8 3 42 21 25
3 34 27 12 45 63 57 32 55 64 51 30 14 16 17 58 33 49 60 36 61 40 62 47 1 13 28 29 37 22 4 18 42 26 6 24 20 15 56 38 10 43 59 50 11 5 25 9 44 52 41 53 46 23 7 8 35 21 48 19 54 39 31 2
5 49 54 43 31 41 12 52 48 37 36 35 3 44 1 64 29 16 22 61 10 50 23 32 8 33 63 4 40 28 60 14 30 39 45 53 15 34 25 59 2 55 58 51 7 13 57 18 19 27 42 62 20 21 26 47 46 9 24 11 17 6 38 56
43 44 51 60 61 24 3 26 6 22 30 48 64 55 11 27 9 32 41 2 17 25 56 38 10 53 16 36 13 20 47 50 28 29 5 12 8 46 59 62 18 31 49 19 40 58 23 37 14 39 57 21 15 7 45 54 4 33 35 42 1 63 52 34
13 25 22 58 50 35 42 29 30 61 47 5 27 11 59 56 4 1 8 14 57 9 41 3 62 32 39 55 31 53 38 46 36 52 16 54 40 2 49 44 15 33 26 48 63 43 18 60 64 10 51 24 23 37 21 34 6 17 12 20 45 7 19 28
28 48 49 3 62 26 34 7 43 32 55 50 35 38 21 23 46 12 5 10 45 8 53 27 20 61 15 56 19 36 57 16 17 4 13 44 29 59 40 63 52 22 25 14 54 33 37 42 9 24 11 41 58 6 31 60 30 18 39 2 47 64 51 1
1 24 33 15 48 57 40 43 10 17 13 28 58 3 6 11 38 25 45 55 44 2 14 8 36 22 19 49 52 50 61 5 62 20 41 46 27 30 7 18 56 32 51 21 53 31 63 34 29 16 39 4 64 9 37 35 47 26 42 23 60 12 59 54
8 23 28 19 41 49 22 9 2 11 37 43 5 13 29 63 64 53 52 50 26 47 7 55 57 35 42 16 10 48 15 17 51 44 31 59 60 38 6 25 62 12 3 32 24 39 21 27 33 30 18 14 56 54 4 61 1 45 34 58 40 36 20 46
61 56 34 33 18 52 38 30 44 36 20 17 23 25 27 2 50 43 53 37 46 15 59 54 19 42 10 8 57 24 9 7 60 31 3 62 26 28 64 14 41 51 12 4 1 63 47 6 16 22 48 13 29 45 40 39 49 55 21 32 58 11 35 5
19 46 18 39 40 32 61 58 25 26 23 54 4 36 64 53 28 17 56 42 30 35 51 1 60 38 6 62 8 15 45 41 29 2 21 9 33 5 20 37 22 47 34 27 55 44 43 12 11 57 59 31 16 13 48 7 10 50 3 24 63 52 49 14
41 33 59 54 28 6 23 14 3 31 27 47 26 57 56 35 8 30 17 19 58 1 9 51 63 52 44 13 43 11 48 20 32 61 49 15 38 53 2 34 40 46 55 39 4 10 45 29 22 12 36 50 24 5 25 16 21 42 64 62 18 60 37 7
30 41 62 44 56 8 4 37 29 59 34 25 42 52 35 1 24 26 36 40 60 43 38 20 53 51 46 21 15 55 18 48 16 58 54 64 19 50 17 12 5 14 11 31 23 45 28 63 7 9 27 32 47 49 61 22 2 39 57 10 6 3 33 13
47 17 53 42 46 4 27 1 28 58 25 2 18 6 34 5 30 54 43 3 29 64 21 24 55 49 38 39 12 56 32 26 11 19 23 13 52 16 63 8 35 9 37 41 51 40 31 15 50 33 22 20 14 62 60 48 44 7 10 57 59 61 36 45
40 60 2 46 9 45 24 49 54 43 42 38 62 51 52 12 7 13 33 4 1 34 50 63 44 29 32 58 16 18 17 55 26 23 25 8 11 64 14 31 6 39 28 61 27 21 56 22 20 3 47 5 59 19 53 41 36 48 15 30 35 37 57 10
7 10 23 21 6 15 62 33 26 8 18 50 22 63 20 17 13 4 48 28 25 11 32 45 12 9 5 14 34 29 35 42 57 60 36 40 64 44 47 43 55 3 39 53 31 1 27 2 52 41 38 19 61 24 59 30 58 16 46 51 37 54 56 49
46 29 47 4 23 3 14 31 60 51 61 57 30 53 28 55 45 11 42 59 49 38 15 50 43 63 25 26 39 37 6 24 48 10 62 16 18 1 5 36 17 34 56 20 13 32 2 52 41 35 64 40 54 8 9 21 27 58 44 22 12 33 7 19
37 19 29 26 22 64 56 28 53 60 43 62 47 20 5 16 34 46 51 48 18 27 10 42 45 30 35 61 6 14 52 44 31 40 2 41 24 33 8 39 49 36 1 9 63 3 25 4 23 59 32 17 7 55 58 38 50 12 54 21 11 15 13 57
22 16 4 34 60 55 7 13 32 50 15 1 33 49 53 18 6 61 44 20 41 3 63 35 39 47 62 45 38 5 42 57 10 37 14 31 51 43 24 56 64 59 9 46 19 17 58 40 27 26 21 29 52 12 30 11 23 54 36 28 25 2 48 8
13 54 31 23 53 38 60 4 50 57 62 16 56 42 2 48 44 10 14 46 52 45 26 43 30 12 7 37 51 40 25 47 64 11 58 35 39 17 21 33 34 1 22 5 20 55 61 8 18 15 49 3 29 36 6 24 63 41 59 19 32 28 9 27
31 9 7 22 4 1 43 61 36 19 40 13 17 54 58 57 50 14 11 8 23 52 35 18 47 3 64 46 62 42 16 28 44 59 30 10 63 12 39 41 51 15 20 38 21 60 45 32 5 29 55 27 6 25 33 37 24 34 49 56 48 53 2 26
56 37 11 40 32 58 18 63 38 23 10 29 25 41 51 34 16 20 7 35 13 28 50 6 52 5 17 59 48 39 62 43 46 30 57 19 1 55 31 42 26 44 53 15 3 61 9 49 12 54 2 45 60 4 14 33 64 8 47 36 27 22 24 21
9 59 55 56 50 18 58 15 52 16 38 4 41 47 24 54 60 48 10 5 28 21 46 49 35 32 45 42 17 23 43 14 29 62 26 7 53 36 37 22 1 19 27 6 40 12 11 20 13 31 33 51 64 34 57 63 3 2 30 8 61 44 39 25
45 35 41 17 24 56 16 55 5 53 59 52 51 12 25 19 62 3 39 63 14 4 34 57 40 54 29 15 36 49 21 33 50 27 8 38 43 23 10 6 60 13 47 26 2 46 44 31 37 48 20 61 30 58 64 28 32 11 18 9 42 1 7 22
52 15 38 49 14 37 40 53 12 63 1 42 28 35 36 46 41 47 24 13 50 59 19 48 11 21 31 9 64 32 56 25 20 7 43 6 54 57 61 55 29 8 62 30 33 27 34 51 58 39 26 2 23 10 22 4 60 17 16 45 44 18 5 3
6 62 35 57 42 61 20 36 16 7 39 53 8 58 31 52 64 24 21 12 51 48 25 14 59 40 1 30 5 10 22 13 19 55 32 37 45 47 2 60 38 49 41 46 50 4 15 44 54 11 3 28 26 63 34 56 33 27 17 29 23 43 9 18
27 20 49 45 21 63 36 10 58 64 57 11 50 19 30 4 35 41 2 60 34 54 7 15 26 16 53 5 29 8 13 9 33 6 55 32 47 56 28 61 31 37 25 17 43 48 59 1 3 14 39 42 62 38 18 51 44 23 22 12 46 40 24 52
60 11 25 8 2 31 7 24 15 42 41 56 21 22 62 43 63 59 3 14 16 61 48 45 13 37 57 27 9 34 55 50 35 12 19 26 40 6 30 5 47 18 17 28 10 20 4 29 33 58 46 54 32 23 1 52 36 53 64 44 38 51 49 39
57 27 56 16 33 59 53 45 49 29 22 51 63 13 12 10 5 36 44 1 7 46 6 31 4 11 20 17 60 3 2 62 25 35 24 54 48 26 40 47 32 30 55 9 58 19 52 41 21 18 28 50 39 37 8 14 34 15 23 43 64 38 61 42
32 43 33 53 54 29 41 59 35 52 3 58 16 34 49 61 21 19 40 55 48 51 9 23 17 31 22 28 1 62 36 64 27 8 14 44 2 45 7 15 42 5 46 63 18 57 24 11 26 10 4 13 38 60 56 47 25 37 39 6 50 20 30 12
25 30 2 24 36 60 11 6 21 62 8 28 48 17 29 50 19 40 15 49 63 34 13 41 44 57 39 12 20 45 26 38 22 14 18 53 32 42 54 9 59 58 23 27 7 56 51 33 64 52 31 16 43 61 46 5 47 3 10 35 37 55 1 4
17 32 36 7 51 30 2 60 57 47 19 3 4 28 37 49 43 56 59 33 16 13 10 39 29 52 34 14 42 41 50 58 21 53 11 23 62 31 6 46 44 40 54 25 64 35 26 55 48 8 1 61 22 45 38 24 5 9 15 27 18 63 12 20
54 1 46 5 45 20 39 32 9 49 13 17 18 50 47 62 59 4 35 56 31 53 44 26 6 58 36 23 14 33 64 19 55 63 52 60 30 24 48 22 12 29 28 41 27 34 57 8 25 61 51 3 40 21 15 7 2 43 38 42 11 10 37 16
5 33 22 9 31 16 25 48 47 44 49 15 62 12 13 8 57 32 11 40 52 2 14 46 51 56 27 58 18 20 1 39 30 17 36 28 3 34 64 26 63 38 24 61 4 41 60 6 55 7 50 29 37 35 10 43 53 21 54 23 42 19 59 45
49 31 8 48 28 43 23 20 61 56 27 37 16 15 50 64 45 30 21 42 53 52 22 32 1 9 63 26 11 2 47 62 58 13 25 55 34 19 10 60 7 17 51 39 54 5 18 14 12 38 36 41 35 3 24 44 6 33 59 46 40 4 57 29
24 61 44 55 20 45 29 56 31 1 47 19 14 18 17 30 7 10 3 21 35 16 26 40 62 39 4 15 51 38 37 60 59 49 57 9 50 2 22 23 25 64 32 5 34 6 42 54 43 13 8 27 28 33 63 41 58 36 46 11 12 48 52 53
14 19 21 20 35 10 13 4 16 62 44 48 5 42 55 43 15 1 41 45 51 36 59 52 37 12 6 46 25 30 54 11 8 33 58 64 56 26 29 49 50 63 22 38 60 9 7 34 40 27 18 53 17 24 2 39 3 57 31 61 47 32 23 28
63 16 17 44 40 35 43 8 37 27 23 5 31 62 6 45 4 61 54 64 18 50 19 47 26 13 48 55 60 36 38 46 7 12 33 56 25 30 24 42 58 41 3 15 28 59 14 53 32 49 29 51 10 9 39 11 1 22 57 20 21 52 2 34
41 9 31 33 18 16 24 12 22 37 35 44 23 52 39 13 20 25 45 50 42 21 46 11 60 59 14 61 62 17 5 3 28 53 64 26 4 58 36 34 40 30 49 32 29 43 47 38 63 6 56 19 15 7 8 51 54 10 48 2 27 57 55 1
7 54 4 11 41 46 35 29 15 19 45 24 52 40 62 59 9 17 36 16 23 61 38 44 28 33 55 30 12 50 39 5 42 2 13 8 58 43 31 63 37 47 34 48 1 25 3 60 10 26 57 18 21 6 20 27 49 14 56 53 64 22 51 32
1 60 7 22 38 40 14 3 56 10 18 35 21 57 64 44 19 26 17 34 41 25 51 55 43 48 53 42 32 62 4 16 47 8 9 15 24 63 49 61 2 45 58 13 11 39 23 27 31 46 59 28 20 12 52 33 29 6 5 30 50 37 36 54
30 37 51 59 48 60 16 46 2 53 55 43 25 41 34 58 33 44 8 57 28 29 32 54 52 3 42 62 5 22 23 17 10 11 49 12 20 50 21 6 36 15 26 4 19 64 63 9 14 31 27 35 56 13 1 38 24 18 40 7 61 39 45 47
46 45 11 29 7 31 38 2 51 57 42 30 40 54 52 33 48 49 62 4 9 27 25 17 55 53 44 39 15 3 26 63 64 10 41 24 18 12 14 5 34 50 59 6 23 13 1 61 19 43 47 37 58 8 22 56 21 28 36 32 35 60 20 16
61 10 54 16 62 41 22 15 58 49 17 53 20 36 27 63 24 60 42 39 14 28 34 43 8 47 7 13 6 9 57 18 32 35 46 59 51 31 25 12 64 19 5 26 3 38 40 37 29 30 11 52 33 44 56 21 4 45 1 55 23 50 48 2
47 18 29 39 13 34 4 61 27 43 51 54 64 23 59 62 38 3 14 36 49 1 21 16 12 2 22 9 63 28 45 19 17 32 30 52 53 10 56 8 41 5 44 31 24 33 11 25 50 15 48 40 42 60 58 37 20 26 55 57 6 7 35 46
8 25 18 4 21 58 57 52 5 47 64 63 10 6 1 19 28 46 60 2 29 11 35 26 36 22 15 7 9 48 42 37 51 14 62 49 43 44 38 41 59 33 13 53 55 50 61 32 27 12 31 16 34 39 45 30 23 20 3 24 17 54 40 56
19 35 45 46 30 44 60 59 55 23 37 47 58 51 28 50 49 54 22 8 25 64 41 3 39 42 2 1 52 18 21 43 62 6 5 16 29 11 17 36 26 32 12 14 13 56 15 10 7 48 53 9 24 27 4 63 38 57 34 40 20 61 31 33
40 48 19 2 54 57 28 24 30 25 3 16 56 38 50 61 6 14 52 15 17 8 60 42 47 29 31 51 34 26 11 9 46 39 23 35 37 59 27 33 32 55 63 62 20 44 53 4 18 21 41 36 43 49 64 5 10 7 12 58 45 1 13 22
22 41 23 54 4 1 17 7 48 56 20 58 11 2 31 18 29 45 51 5 53 47 39 35 34 49 28 8 61 44 43 27 36 30 16 63 50 24 59 15 6 12 37 60 14 19 21 42 26 32 52 33 62 55 40 46 57 3 13 10 25 64 38 9
18 17 41 64 31 20 27 28 49 52 34 25 51 4 30 12 8 29 10 37 54 40 15 23 59 16 58 45 1 53 47 7 26 63 32 13 3 6 39 55 60 2 11 33 21 5 43 22 9 62 42 24 46 19 57 48 35 50 44 61 38 36 56 14
14 4 59 15 36 29 8 53 35 17 61 56 27 3 49 2 44 13 34 10 58 45 16 31 57 24 1 37 20 41 18 64 48 23 43 55 32 38 30 47 51 46 9 50 12 40 26 19 52 11 21 5 54 63 25 28 42 62 6 22 60 33 39 7
32 29 56 53 61 59 50 55 7 58 43 17 35 47 13 49 2 11 48 52 16 38 23 24 27 25 20 21 8 14 60 41 44 37 26 46 33 64 63 18 15 51 39 45 31 57 22 40 6 54 1 4 3 62 9 34 30 36 42 19 28 12 5 10
31 62 28 34 20 63 6 49 44 8 25 23 41 19 24 16 14 22 33 46 13 59 5 1 30 61 51 29 10 42 17 57 60 52 54 53 11 47 32 37 50 39 45 2 26 58 36 12 3 9 4 56 38 15 18 40 64 43 21 35 48 55 7 27
26 23 60 8 9 61 18 51 46 41 53 48 42 27 29 64 5 43 55 12 63 3 14 40 35 38 4 59 13 10 6 33 19 62 37 32 39 45 58 56 31 22 16 24 47 20 28 15 44 57 34 17 52 25 7 54 50 11 49 36 1 2 30 21
37 59 27 57 53 38 61 14 52 29 10 3 26 25 11 34 16 9 43 19 50 35 13 51 45 30 64 18 40 55 48 47 7 44 60 54 41 56 20 39 49 36 1 21 4 12 24 31 5 22 33 62 32 23 46 17 63 15 58 6 2 28 42 8
63 56 17 42 24 30 34 32 21 64 36 15 33 58 55 35 46 12 59 1 48 54 40 18 11 5 19 49 39 8 16 44 31 61 3 10 4 7 47 25 2 9 23 20 43 28 52 50 41 13 26 45 14 38 37 6 53 22 62 60 51 29 27 57
54 46 34 50 51 56 41 60 12 44 19 5 22 17 47 23 43 48 40 28 45 4 9 27 10 35 63 16 37 2 15 13 55 3 21 14 1 33 8 26 38 49 25 57 18 39 59 52 20 24 64 31 7 36 11 61 32 42 30 62 58 53 6 29
60 30 64 2 46 43 42 45 6 61 62 29 28 49 25 10 35 33 15 55 18 12 50 63 20 21 39 53 48 37 22 24 57 59 8 40 56 17 52 14 47 58 54 13 31 41 9 36 4 38 51 32 26 5 34 16 27 23 44 11 7 3 1 19
5 15 4 56 42 18 32 48 38 36 41 24 47 11 12 51 64 19 27 40 30 39 22 8 7 31 35 55 57 45 25 50 14 17 13 62 34 28 37 23 1 59 44 2 63 33 58 49 54 29 3 21 10 26 6 52 60 9 16 43 46 20 61 53
28 24 21 5 22 49 58 36 57 16 17 44 30 20 51 8 34 18 39 60 1 48 6 15 63 13 2 37 14 23 64 12 9 46 45 19 52 35 54 31 62 43 3 7 11 59 27 41 29 10 38 50 40 61 42 47 33 53 55 56 32 4 25 26
49 43 62 48 41 64 53 20 32 34 13 11 37 22 58 57 59 16 5 2 44 15 63 6 40 7 29 36 17 24 35 38 27 55 19 31 26 46 61 21 52 1 39 45 54 47 56 18 23 8 50 14 30 3 60 10 25 33 42 12 28 51 9 4
43 44 47 23 60 55 3 9 36 1 15 35 8 2 53 48 62 40 59 20 26 49 32 41 13 6 57 64 16 39 50 28 17 56 31 52 27 42 24 45 7 18 46 30 58 34 37 14 61 4 29 54 33 10 38 22 5 21 12 51 63 11 19 25
6 34 25 64 32 9 49 30 54 26 39 19 50 53 20 4 21 41 11 52 10 46 36 44 27 2 17 45 43 33 1 58 35 40 48 56 62 16 5 38 18 31 12 63 28 61 57 42 22 7 55 13 60 24 14 8 29 37 47 23 51 15 59 3
61 20 35 55 18 26 56 10 25 51 30 1 17 34 59 45 2 29 24 50 12 60 41 57 19 42 32 21 38 15 62 64 16 13 5 3 47 23 28 43 22 44 37 48 49 9 14 11 40 39 36 52 6 58 53 4 46 8 31 27 54 63 33 7
24 16 33 26 35 3 12 29 47 50 23 51 48 63 2 13 60 55 52 56 61 9 62 38 45 32 46 43 36 34 41 11 22 20 14 44 25 15 40 49 37 8 53 42 21 64 4 1 7 58 39 31 59 54 10 18 30 27 6 28 17 19 57 5
47 12 36 25 38 15 11 58 16 42 52 37 60 44 56 30 1 17 7 63 31 43 48 49 39 57 6 5 18 20 9 41 8 19 2 46 45 50 29 59 54 40 62 4 26 13 51 53 64 61 22 3 55 35 33 14 24 28 34 21 23 10 27 32
9 31 55 24 28 59 20 63 10 60 8 56 16 15 27 52 57 1 48 35 34 30 26 50 17 54 62 4 11 40 36 39 25 58 41 64 2 19 14 53 12 13 5 51 7 6 44 38 32 3 49 29 22 33 61 37 42 18 21 46 45 43 23 47
1 59 45 3 40 10 62 6 23 31 49 28 26 12 43 11 51 24 27 39 35 53 8 32 44 56 19 14 16 50 38 42 30 29 46 60 54 57 22 18 25 2 17 5 33 4 34 61 63 52 21 37 64 36 15 7 47 48 13 9 58 41 55 20
3 32 8 29 33 4 27 56 61 11 22 41 15 50 39 2 13 59 35 49 57 51 16 47 6 25 36 34 43 30 52 7 58 37 10 38 63 53 21 9 44 46 26 17 24 31 23 54 55 18 20 40 42 62 48 60 64 14 5 19 1 12 45 28
19 61 22 12 7 56 25 4 3 37 14 5 31 35 21 54 30 20 40 46 41 16 23 52 51 58 64 26 29 49 13 27 11 32 57 53 60 55 17 62 63 10 47 39 50 45 18 34 48 59 42 9 28 15 2 43 1 6 36 8 44 38 24 33
57 37 31 53 2 16 41 33 50 59 43 3 9 42 28 44 4 61 51 8 46 45 10 11 12 39 55 1 40 38 54 58 47 27 26 23 30 64 56 19 36 14 13 21 29 35 22 25 52 49 18 5 20 7 63 24 34 62 17 32 60 6 48 15
8 4 7 21 45 52 42 3 53 62 61 54 63 41 37 51 43 56 22 64 28 18 15 46 30 5 10 39 32 36 55 57 31 60 33 12 48 1 27 44 40 29 58 9 13 25 26 19 6 50 47 20 17 23 24 11 38 34 35 14 59 16 49 2
5 18 51 45 54 41 28 43 26 63 42 23 27 55 17 12 3 44 33 21 60 15 19 22 57 16 34 13 31 11 4 25 29 2 9 8 24 30 48 20 56 64 49 32 10 38 7 37 50 14 46 39 61 58 59 35 6 47 1 62 40 53 36 52
25 15 46 17 56 38 6 8 29 26 18 61 22 23 52 54 63 30 2 14 7 13 43 31 59 21 16 51 64 32 37 47 28 33 58 24 1 57 49 42 10 36 9 41 53 60 3 55 12 27 11 62 35 19 39 44 4 45 40 20 50 48 5 34
41 29 44 20 48 40 60 37 12 7 55 25 5 47 64 33 16 10 21 13 45 43 38 42 52 24 1 23 8 17 9 14 59 49 36 19 62 26 31 4 35 63 22 50 51 46 27 6 11 15 57 18 58 34 30 28 3 53 56 2 61 32 39 54
17 1 29 39 13 30 8 31 21 27 37 58 33 18 35 55 7 4 44 45 52 60 53 14 47 54 51 59 57 22 56 19 42 11 24 16 64 2 6 61 48 49 34 25 62 43 15 40 26 41 32 28 46 5 9 3 10 36 23 63 38 50 20 12
26 48 2 58 61 34 13 53 7 35 45 47 14 4 30 23 44 54 43 59 51 9 56 17 37 29 25 16 52 5 36 33 50 3 19 62 15 11 39 63 55 38 32 27 64 21 31 10 18 6 8 12 24 60 20 41 49 22 57 40 46 28 42 1
40 10 54 11 22 43 4 39 37 32 53 17 23 13 47 49 46 60 34 16 58 29 44 55 28 48 27 8 12 63 62 9 19 24 30 21 38 36 64 33 15 50 51 14 3 57 59 31 25 35 1 61 56 26 52 5 20 41 18 42 6 7 2 45
7 11 23 19 21 6 36 2 31 64 35 15 28 38 13 30 45 32 17 37 16 49 59 27 1 12 48 9 46 29 55 50 44 8 25 14 41 33 10 47 42 51 24 62 34 63 57 4 5 22 53 56 39 54 43 52 58 26 3 60 20 61 40 18
56 25 55 22 30 44 32 46 52 1 19 13 35 53 50 57 5 11 42 4 23 38 21 16 29 63 20 17 14 18 15 24 62 26 6 40 8 28 47 12 54 41 59 33 27 10 58 60 3 34 51 45 43 49 37 61 36 39 48 7 2 64 31 9
28 27 11 16 51 37 23 13 35 10 44 48 42 3 12 8 2 46 15 57 17 50 60 20 26 30 58 49 25 62 54 55 14 6 18 59 40 63 36 34 64 43 41 61 1 5 24 9 21 31 56 4 29 45 33 47 53 7 38 22 32 52 19 39
43 45 53 44 31 24 50 60 36 16 38 4 64 55 11 2 62 25 56 3 1 39 51 54 34 57 28 58 13 41 23 5 26 40 49 6 19 12 7 52 17 33 20 15 14 29 47 8 10 21 59 35 37 61 63 46 32 42 22 9 48 18 30 27
32 35 19 46 18 31 61 63 54 52 57 62 47 36 6 56 29 14 3 15 26 34 8 49 4 33 7 53 1 42 5 17 10 23 2 28 12 16 30 37 58 39 11 38 55 48 45 51 9 24 64 41 21 44 60 40 27 50 59 20 25 43 13 22
54 46 27 43 6 49 20 36 2 58 25 52 41 51 24 61 63 13 5 60 50 30 39 48 17 40 38 15 37 11 45 16 64 31 62 7 26 23 8 22 1 34 56 57 19 9 53 55 32 59 28 44 3 4 14 33 35 18 47 29 21 42 12 10
46 62 59 15 53 61 22 58 9 36 34 43 51 14 5 50 38 3 41 28 48 4 12 24 35 6 63 7 39 32 2 13 60 20 8 49 33 10 19 26 29 45 30 31 23 56 42 27 55 18 52 16 54 25 11 21 44 17 64 57 40 37 1 47
37 41 56 50 4 55 39 59 38 51 64 24 11 17 62 27 60 47 10 19 42 54 46 32 40 31 22 30 48 20 1 43 21 14 23 9 29 34 25 15 49 8 45 26 12 44 36 52 63 57 3 33 35 13 6 16 5 28 58 61 18 2 7 53
45 33 36 17 62 57 29 7 44 19 51 16 30 49 31 43 6 22 35 10 53 12 9 50 8 11 14 42 18 28 60 37 48 13 21 15 52 5 63 25 26 59 27 24 20 4 56 2 40 3 41 32 47 39 46 38 23 58 54 55 64 1 61 34
31 29 18 26 42 32 24 30 16 56 3 19 8 15 17 11 41 12 45 34 13 59 22 23 20 2 5 4 10 14 52 38 9 58 37 35 47 6 7 39 51 1 63 53 60 40 28 49 64 61 50 21 55 27 25 48 33 43 62 44 54 36 57 46
60 17 28 9 23 35 7 24 29 43 27 30 10 52 2 4 1 26 14 36 25 8 48 15 11 49 34 5 64 40 13 18 32 44 3 37 58 45 59 20 41 22 16 19 47 12 21 53 31 54 55 51 62 38 61 39 63 57 46 6 50 33 56 42
18 54 29 33 40 46 38 4 23 25 59 57 56 19 49 58 21 45 11 42 14 3 34 43 10 9 44 13 5 30 26 63 8 12 60 64 2 50 52 7 31 47 55 32 61 28 1 22 41 62 48 27 15 35 53 6 24 16 39 36 37 20 51 17
14 23 41 59 28 45 11 15 27 42 47 25 20 22 53 46 64 9 24 35 29 1 26 8 57 3 4 56 17 44 61 48 30 10 55 31 32 38 5 43 18 12 62 51 40 39 52 50 37 58 33 36 16 63 2 34 60 54 13 21 7 19 6 49
30 56 62 54 9 8 16 28 46 63 55 42 50 44 34 1 59 36 39 48 49 64 40 45 29 35 31 61 20 26 18 60 57 19 25 10 4 47 58 41 22 3 53 2 43 13 51 12 27 52 38 17 6 24 7 14 21 33 5 23 11 15 37 32
6 49 39 25 33 29 18 26 50 31 1 53 37 28 43 64 57 19 8 5 30 48 23 51 59 13 15 27 63 17 16 44 46 52 2 41 45 56 38 60 62 9 22 20 7 58 40 36 14 11 32 24 61 3 42 35 54 10 34 12 47 4 55 21
63 34 49 2 24 64 58 1 57 41 25 44 52 27 51 45 14 42 60 40 31 46 36 47 55 38 62 18 61 9 39 12 35 29 30 56 37 59 54 8 6 32 5 4 13 19 11 33 22 26 20 53 7 21 48 17 50 15 10 43 28 3 23 16
30 43 64 24 32 26 53 12 5 44 10 23 58 57 1 52 50 49 36 63 61 40 21 39 19 59 42 62 60 29 38 28 22 31 45 13 54 55 37 56 25 17 51 7 18 33 14 34 6 46 27 41 3 9 15 8 47 11 16 2 48 4 35 20
32 15 44 39 36 1 25 31 27 23 18 11 41 34 58 16 49 13 24 61 35 28 19 42 7 47 55 51 48 53 57 62 29 56 52 33 4 10 17 22 5 37 45 60 64 6 43 54 20 50 26 2 38 8 59 3 30 9 40 46 12 63 21 14
31 60 17 56 7 18 49 10 32 50 30 47 5 35 36 13 16 42 2 12 9 40 26 57 52 61 53 59 20 45 41 25 55 39 64 54 24 34 28 43 15 58 11 48 29 33 37 51 19 14 22 44 46 63 38 21 3 8 23 62 1 6 27 4
43 46 21 23 20 63 11 3 2 61 19 51 47 58 30 18 14 44 7 13 54 53 16 38 28 22 4 34 8 29 25 48 10 55 31 26 32 5 6 56 42 17 37 24 62 27 9 15 50 49 36 33 39 12 40 41 64 45 1 35 60 57 59 52
25 33 4 11 32 9 14 26 46 7 22 16 17 6 35 63 20 47 39 59 57 29 10 51 37 38 27 45 43 50 21 13 28 62 55 56 19 30 5 15 36 31 24 2 49 41 18 1 23 48 64 53 42 34 8 40 44 12 3 58 61 54 52 60
9 43 46 18 24 38 22 32 7 23 47 4 20 27 11 34 28 3 8 50 10 48 44 6 62 13 45 53 42 5 16 26 36 30 14 33 12 15 58 31 2 40 49 57 51 64 61 41 52 39 59 29 17 25 1 35 60 54 55 21 63 19 37 56
41 18 38 46 31 26 49 28 10 16 8 53 9 47 36 45 30 14 48 2 34 4 5 35 13 33 62 55 11 15 12 3 25 32 43 19 29 64 22 23 17 58 56 20 21 59 51 44 37 50 52 39 24 61 40 60 1 6 57 63 27 7 42 54
24 16 27 8 33 40 28 9 25 34 20 37 21 23 58 52 7 22 3 5 29 30 13 11 4 57 42 18 45 36 48 17 26 56 41 31 15 2 61 14 60 12 1 38 63 43 47 54 19 49 46 62 64 39 10 44 50 55 35 53 59 51 6 32
40 53 45 29 13 1 24 14 26 49 34 17 15 20 5 2 19 25 10 12 35 28 51 22 6 16 31 7 36 8 18 44 30 4 32 3 27 23 48 42 52 9 62 41 43 55 60 61 50 46 47 54 59 21 64 63 57 37 56 11 58 38 39 33
27 41 7 15 6 31 29 20 43 8 37 2 48 18 24 44 3 12 42 16 26 25 39 45 55 61 19 36 13 17 4 14 11 52 57 10 62 1 32 46 38 64 34 63 40 47 9 50 5 21 22 35 60 58 59 33 54 23 49 56 51 53 30 28
14 49 33 20 28 8 18 12 30 17 23 41 51 22 47 10 9 4 45 15 7 34 53 3 29 32 2 43 37 44 39 11 21 61 24 13 1 56 64 6 62 5 59 60 55 19 63 25 16 58 57 50 40 26 38 54 35 42 31 52 46 48 36 27
7 23 39 42 9 24 16 29 28 58 62 15 26 11 56 18 4 36 5 14 44 47 25 40 59 21 53 61 1 34 6 43 35 19 13 8 64 55 31 60 63 33 30 50 54 32 3 38 10 52 49 17 20 12 57 37 46 27 48 51 2 41 45 22
26 20 31 40 38 59 34 37 51 53 64 58 22 2 6 19 8 48 21 3 41 13 12 24 45 7 17 1 60 10 23 5 16 35 62 28 11 57 39 4 55 63 29 27 50 61 52 18 54 14 32 9 56 36 30 46 47 33 15 43 44 42 25 49
37 32 19 49 4 9 2 15 6 41 35 43 31 25 13 27 50 10 52 20 1 21 56 57 44 51 16 30 34 23 61 62 64 17 5 60 63 38 8 18 59 3 53 14 12 58 45 40 48 7 36 24 54 33 46 28 29 11 22 42 47 39 55 26
46 30 8 5 2 63 13 61 3 42 14 18 16 54 55 62 33 26 60 50 12 11 6 17 47 24 1 15 57 9 22 64 59 53 49 23 25 19 40 52 56 39 41 51 10 29 37 31 20 27 38 28 58 44 48 7 4 34 36 32 45 43 35 21
17 19 60 4 54 18 41 2 50 31 42 5 52 40 25 16 13 49 55 48 61 51 7 14 1 35 57 27 62 63 64 28 29 39 6 46 56 53 38 59 44 32 47 15 58 45 11 12 26 43 3 36 37 10 8 24 23 9 34 30 21 22 33 20
45 31 41 3 36 29 39 6 55 52 49 13 27 58 62 48 51 9 17 56 42 15 43 1 60 59 25 64 61 2 47 16 57 63 23 7 54 26 37 5 35 18 12 4 53 50 44 10 46 8 20 14 32 24 11 22 34 21 30 40 28 33 38 19
61 56 2 57 45 41 40 48 49 11 38 62 25 28 43 35 34 17 33 52 9 1 8 39 51 47 64 21 63 22 50 7 55 23 58 6 60 59 54 53 10 19 3 5 4 46 42 36 44 15 31 13 26 27 14 30 32 20 18 29 12 37 24 16
49 35 22 64 48 4 6 43 47 60 36 28 50 62 31 13 29 20 34 1 63 61 59 8 57 3 55 56 39 53 5 12 51 2 54 24 45 7 30 38 58 44 9 46 23 25 40 37 14 26 41 18 52 19 42 16 33 10 17 27 11 32 21 15
54 60 25 43 53 30 17 49 48 26 52 24 3 44 51 64 59 1 56 61 57 35 36 55 19 58 15 16 40 50 32 46 22 62 11 63 39 47 20 41 18 37 27 45 33 31 7 29 12 6 4 5 21 9 2 34 42 8 13 28 38 10 23 14
47 9 34 54 46 45 53 8 22 44 55 61 58 51 20 1 62 59 40 63 49 64 23 52 30 56 32 42 38 26 57 60 7 10 36 41 33 12 29 37 50 13 39 31 14 48 43 6 4 11 27 16 28 15 24 17 25 3 21 19 35 18 2 5
63 45 49 44 41 20 50 33 54 51 57 56 37 55 1 61 64 24 43 40 60 53 46 48 39 52 7 62 31 38 17 42 58 59 9 16 34 35 19 36 22 2 28 30 26 21 4 8 27 32 11 3 29 5 18 14 6 47 10 23 25 15 13 12
5 59 51 58 35 15 61 56 60 50 1 42 40 63 52 55 57 30 54 64 31 46 62 44 43 53 36 14 9 33 45 41 47 29 16 38 37 17 49 21 32 34 20 26 28 13 25 11 22 4 18 19 23 3 39 8 27 48 6 24 7 2 12 10
57 4 53 59 50 61 62 52 58 63 51 1 60 13 64 56 48 55 44 35 30 43 40 54 36 31 6 37 29 49 2 39 27 46 19 32 26 16 10 9 47 45 17 25 24 38 34 20 11 41 33 42 22 8 15 18 21 14 5 12 23 28 7 3
52 1 62 45 56 60 58 51 61 59 53 63 64 57 34 46 24 43 36 49 54 39 50 47 27 29 28 23 17 41 38 37 42 55 21 44 3 31 25 8 48 30 32 6 19 35 14 33 18 9 26 40 16 13 22 4 10 15 12 7 20 11 5 2
22 62 35 55 60 64 56 1 57 61 45 52 63 50 53 59 49 19 41 21 18 36 38 31 34 25 51 58 32 42 37 47 46 40 48 54 30 44 14 26 29 15 13 17 11 39 23 27 43 24 28 20 33 4 7 5 2 12 16 10 6 3 9 8
