7830 9076 8202 6863 7123 6077 6369 5373 5428 4341 4285 3345 2309 2275 2425 2086 1947 1858 1553 1413 1176 918 918 768 755 652 643 430 427 357 363 286 273 260 220 161 135 128 112 117 95 80 56 58 53 48 42 38 37 21 22 23 22 17 16 14 11 11 8 7 6 5 4 4 4 4 3 2 2 2 1 1 1 1 1 1 1 1
9 13 7 3 8 4 11 14 5 6 12 2 10 1
4 9 11 5 6 1 14 12 13 3 10 8 7 2
13 11 3 12 1 6 7 8 14 4 9 10 2 5
14 10 6 2 13 11 3 1 12 7 4 9 5 8
6 1 2 14 12 7 13 5 3 9 8 4 11 10
7 6 13 4 11 5 12 9 10 8 2 1 14 3
5 14 4 13 10 2 8 7 11 12 1 3 6 9
1 3 8 7 5 13 9 10 6 2 14 11 12 4
12 8 1 9 14 3 2 6 4 11 5 13 10 7
2 4 12 8 7 14 10 11 5 1 3 6 9 13
11 7 5 6 2 12 1 4 9 10 13 14 3 8
3 5 14 10 4 9 6 2 1 13 11 7 8 12
8 2 10 3 9 4 5 13 7 14 6 12 1 11
10 7 9 11 8 12 4 3 2 5 6 1 13 14
9 4 7 1 3 10 5 13 8 14 11 2 12 6
7 8 10 11 9 14 1 3 2 5 13 12 4 6
2 6 4 5 7 8 10 13 12 3 14 9 1 11
10 5 9 3 2 13 7 11 1 8 6 4 14 12
14 2 13 4 3 7 6 10 8 1 12 11 9 5
9 12 1 10 8 2 11 3 6 7 4 13 5 14
3 11 12 14 4 5 9 2 7 13 1 8 6 10
11 10 8 7 13 5 12 9 14 2 3 6 4 1
6 9 14 1 11 3 8 4 12 10 7 2 5 13
1 3 5 2 9 12 13 6 14 11 8 7 10 4
4 13 6 9 12 1 2 8 5 3 10 14 7 11
8 5 11 12 3 7 4 1 2 6 9 10 13 14
12 10 8 4 13 6 11 7 9 14 5 3 2 1
1 3 4 10 6 8 14 11 7 12 2 5 9 13
2 1 6 11 4 14 13 3 10 9 12 8 7 5
3 14 10 6 8 13 12 5 1 2 7 9 4 11
14 6 1 3 9 10 4 2 12 5 11 7 8 13
8 9 2 13 10 3 14 7 5 6 1 11 12 4
4 12 14 7 1 11 9 6 2 13 8 5 3 10
11 8 5 1 6 7 13 4 9 12 3 14 10 2
7 13 2 9 8 1 12 11 14 3 10 6 4 5
5 4 12 14 10 6 8 9 11 1 13 2 3 7
6 2 9 3 14 13 10 5 7 11 4 12 8 1
6 14 10 4 3 11 9 1 12 8 2 13 7 5
10 5 11 12 7 14 4 13 3 6 8 9 1 2
2 11 3 6 12 8 7 9 1 5 13 4 10 14
13 3 9 11 4 10 14 2 8 12 6 1 5 7
12 1 7 5 3 14 13 11 10 2 4 8 9 6
9 14 6 3 1 12 8 10 5 13 2 11 7 4
3 4 14 9 8 6 2 1 7 10 5 11 12 13
11 6 4 10 7 13 9 5 14 3 12 8 1 2
8 9 2 6 10 3 12 13 11 14 4 5 7 1
9 3 11 13 14 8 2 4 1 6 5 7 10 12
12 2 7 14 13 6 8 11 5 9 10 1 3 4
11 5 10 7 6 1 4 12 3 8 2 9 13 14
5 4 14 3 9 12 7 10 2 1 13 6 8 11
3 14 6 9 4 13 10 1 8 11 12 2 5 7
14 12 7 1 3 8 11 6 10 2 4 13 9 5
2 11 10 4 9 12 8 13 5 7 3 14 1 6
5 6 9 13 8 3 11 10 7 12 1 2 14 4
9 4 3 12 13 11 7 2 14 6 8 10 5 1
8 13 1 9 12 3 10 5 2 14 4 6 7 11
3 5 8 10 4 14 7 2 1 11 6 13 9 12
5 2 11 3 6 1 14 10 9 8 13 4 12 7
8 9 5 7 10 13 12 6 11 3 2 1 14 4
14 6 3 4 7 10 2 11 12 9 5 8 1 13
3 5 4 13 14 11 6 1 7 2 10 9 8 12
4 3 8 10 9 13 2 11 1 7 12 6 5 14
9 14 2 10 1 3 13 12 7 11 6 8 4 5
2 9 1 12 4 14 10 13 11 6 8 3 7 5
12 10 5 7 3 8 13 6 9 1 2 4 14 11
3 2 11 9 8 6 4 1 10 12 5 7 13 14
4 11 8 7 13 10 6 5 14 9 3 1 12 2
9 14 7 4 6 11 10 2 12 1 13 8 3 5
11 3 9 5 6 14 12 4 2 7 10 13 8 1
14 9 7 10 1 13 8 4 6 11 3 2 5 12
9 10 5 1 7 8 11 12 2 6 4 14 3 13
2 5 9 12 3 10 4 13 14 8 6 11 1 7
8 2 5 3 4 10 11 12 7 6 13 14 9 1
8 3 2 13 10 7 4 6 1 9 12 11 5 14
2 14 6 4 9 11 10 13 12 7 8 3 1 5
5 10 4 9 12 1 13 11 7 3 6 8 14 2
9 5 1 11 13 3 12 4 14 8 10 2 7 6
12 13 10 1 7 8 14 2 6 5 4 9 3 11
