11774 10455 10561 9167 6268 5981 6437 5996 5454 4265 3325 2889 2657 2213 1961 1748 1182 953 888 854 631 662 594 453 349 310 308 297 239 159 155 112 116 101 85 61 52 46 36 33 33 29 18 17 12 11 11 7 6 6 4 4 4 3 2 1 1 1 1 1 1
8 3 2 11 9 4 7 10 6 5 1
10 2 6 7 8 11 9 3 1 5 4
5 4 8 9 10 1 2 11 7 6 3
6 1 5 10 7 2 3 8 9 4 11
2 8 9 5 3 6 1 4 10 11 7
9 6 10 3 1 7 11 2 4 8 5
11 9 7 8 4 10 5 6 3 1 2
3 7 11 1 5 4 6 9 8 2 10
7 5 2 4 8 3 10 1 11 9 6
1 8 3 11 6 5 4 7 2 10 9
7 10 1 6 2 9 8 11 5 3 4
11 6 4 2 9 8 3 5 10 1 7
2 11 9 7 10 6 1 5 3 4 8
9 5 6 10 2 7 8 3 4 11 1
3 7 10 6 1 11 9 4 2 8 5
4 10 1 9 7 8 2 6 5 3 11
4 5 3 6 9 1 11 7 10 2 8
9 6 8 10 11 3 5 2 4 7 1
5 3 10 2 11 8 7 4 6 1 9
6 2 3 11 7 4 1 10 8 9 5
3 1 8 5 9 6 11 7 4 10 2
10 4 9 2 11 3 6 1 7 5 8
4 9 1 7 10 11 8 5 2 3 6
1 11 4 5 6 10 7 9 3 8 2
9 8 11 10 6 7 3 2 5 4 1
5 7 6 2 1 4 11 3 8 10 9
11 2 3 9 10 1 5 6 4 7 8
10 7 6 1 8 2 4 3 9 11 5
5 3 7 8 9 6 2 11 10 1 4
3 9 11 7 6 8 1 2 5 4 10
1 5 8 10 11 7 6 4 2 9 3
9 8 3 5 7 4 1 6 11 2 10
1 8 6 9 11 10 4 2 3 7 5
3 4 7 5 1 9 10 11 6 8 2
9 11 4 10 7 8 6 3 2 5 1
4 2 1 11 9 6 5 8 7 10 3
4 2 11 7 6 3 8 5 10 1 9
5 10 8 1 9 11 6 7 4 3 2
1 3 6 9 10 4 8 2 11 7 5
3 5 11 2 9 1 7 4 6 10 8
10 9 4 11 6 7 5 8 3 2 1
6 7 3 4 8 10 1 2 11 5 9
9 4 7 5 1 6 8 3 10 11 2
3 11 1 2 10 9 4 6 5 7 8
1 3 9 10 6 2 11 5 7 8 4
5 10 11 7 1 9 6 3 4 2 8
3 11 4 5 10 2 1 7 6 8 9
9 4 8 2 7 6 11 3 5 10 1
1 3 9 7 6 4 8 5 10 11 2
10 4 3 11 9 1 6 2 7 5 8
9 5 1 8 11 7 10 6 3 2 4
1 2 8 11 9 3 7 6 4 10 5
10 3 9 4 1 6 11 8 5 7 2
9 10 3 1 7 11 6 5 2 8 4
3 9 11 5 6 4 8 7 10 2 1
1 3 4 9 8 10 7 6 2 11 5
1 5 4 8 6 7 10 3 2 11 9
6 2 3 9 8 4 10 7 11 5 1
4 11 8 1 6 3 10 2 7 5 9
9 4 11 5 8 10 7 3 6 2 1
1 9 4 8 7 2 10 6 3 11 5
