1876 1632 1130 1075 905 687 527 485 211 278 251 212 167 123 102 94 65 43 45 35 13 11 9 8 5 3 3 2 1 1 1
1 7 6 4 5 3 2
4 1 5 3 7 2 6
2 5 4 7 3 6 1
3 2 5 6 4 1 7
7 6 3 5 2 4 1
6 5 1 2 4 7 3
2 7 6 4 1 3 5
5 3 7 1 6 2 4
7 2 4 5 1 3 6
1 7 2 5 3 4 6
4 2 7 6 1 3 5
2 5 4 7 6 1 3
5 4 1 6 3 2 7
1 3 2 4 5 7 6
6 2 3 5 1 4 7
4 5 1 2 7 3 6
3 1 4 5 2 7 6
2 4 3 1 6 5 7
6 4 1 2 7 5 3
2 6 3 4 1 7 5
3 1 4 6 2 7 5
3 6 2 1 7 4 5
1 4 2 6 5 7 3
3 5 4 6 1 2 7
4 1 2 6 7 5 3
3 6 4 2 7 1 5
1 6 2 4 5 7 3
4 1 3 6 7 2 5
6 1 4 5 3 2 7
6 1 4 2 5 7 3
3 6 4 5 1 2 7
