16657 14534 11049 11049 7485 5953 5625 4520 3485 3330 2110 2110 1863 1798 1375 1105 834 801 575 587 423 412 312 303 296 253 193 157 131 90 96 60 60 51 57 38 42 30 25 19 19 13 13 10 9 6 6 6 5 3 3 2 2 2 1 1 1 1 1 1 1 1
11 15 13 14 8 2 7 6 10 4 1 16 3 9 12 5
6 15 13 8 5 10 2 12 3 14 1 16 11 9 7 4
12 7 3 6 14 16 1 11 5 9 15 2 10 4 13 8
9 5 16 15 11 14 1 7 10 3 6 12 8 2 4 13
13 3 9 4 11 16 1 10 6 12 15 8 2 14 7 5
15 10 12 4 8 7 13 9 14 6 16 5 2 3 1 11
11 9 15 10 5 3 6 16 7 8 14 2 1 13 12 4
5 13 11 14 9 12 15 6 2 4 10 1 3 16 7 8
8 7 12 15 3 14 2 11 5 6 1 16 10 9 4 13
15 7 3 6 5 2 1 12 10 9 16 14 8 4 13 11
10 13 16 9 11 7 15 12 6 3 4 8 2 14 1 5
8 6 13 2 3 10 4 16 9 14 15 5 1 11 7 12
12 7 16 2 5 3 15 1 14 6 9 13 11 10 8 4
15 3 7 1 6 4 9 11 8 16 12 14 10 13 5 2
13 15 9 10 11 1 2 5 14 12 7 8 6 3 4 16
12 11 16 15 4 2 13 10 6 14 1 5 3 9 7 8
5 7 15 4 9 12 6 16 10 8 11 13 2 14 1 3
15 13 11 4 8 7 6 9 2 14 10 1 3 16 5 12
12 6 13 15 4 7 9 10 14 3 1 16 11 8 2 5
11 15 7 1 5 10 13 9 2 8 4 14 6 16 12 3
13 12 14 8 9 3 15 5 6 10 7 2 1 11 4 16
12 11 9 10 3 1 2 4 5 8 15 6 16 7 13 14
11 6 16 2 9 15 5 12 10 13 7 1 8 14 4 3
10 7 11 6 4 2 15 3 9 12 1 8 13 14 16 5
4 12 5 15 8 7 9 11 14 3 10 16 2 6 1 13
8 11 14 4 9 12 5 7 15 6 3 1 10 13 2 16
1 7 13 2 3 9 6 12 16 10 14 5 11 15 8 4
15 9 7 4 5 10 2 1 6 13 8 14 16 3 12 11
4 6 16 5 7 15 10 9 3 14 8 2 1 11 13 12
5 12 7 15 8 3 2 10 6 9 11 16 13 4 1 14
5 15 12 1 7 4 10 3 8 13 14 6 11 9 16 2
1 7 3 10 6 9 13 4 16 12 15 8 2 14 5 11
8 9 3 5 4 7 2 1 14 10 11 16 6 15 13 12
5 11 12 15 8 10 13 4 14 16 1 2 6 9 7 3
11 7 13 2 4 1 10 5 3 9 15 6 8 14 12 16
11 12 7 6 9 3 15 4 2 16 1 8 10 13 5 14
8 11 15 5 7 9 13 16 10 14 12 1 6 4 2 3
10 15 3 4 6 7 2 1 5 12 9 14 13 16 8 11
10 13 16 6 5 2 9 3 15 8 14 1 11 7 4 12
1 13 15 4 8 7 6 10 9 12 11 5 2 14 16 3
5 9 16 2 7 3 15 11 6 10 12 8 1 4 13 14
1 15 7 8 5 12 13 9 3 6 14 2 10 11 16 4
10 12 7 5 6 1 2 4 15 16 9 14 13 11 8 3
5 9 14 15 4 2 10 3 8 6 1 16 11 13 7 12
4 6 12 15 9 7 5 10 3 13 11 2 1 16 8 14
11 15 9 10 5 4 6 3 14 12 1 8 16 13 7 2
1 13 14 5 7 10 15 12 9 3 8 6 2 11 16 4
4 12 15 8 9 1 6 11 3 16 10 5 13 14 7 2
15 12 13 6 8 4 1 5 2 9 11 14 10 16 7 3
8 9 14 10 6 12 13 16 15 3 1 5 2 7 4 11
5 9 3 2 4 7 1 11 6 12 15 8 10 13 16 14
11 13 9 15 5 10 2 16 8 3 12 6 1 4 7 14
11 6 15 2 4 3 10 5 14 9 1 16 8 7 13 12
5 7 9 10 6 3 13 16 15 8 12 2 1 14 4 11
1 15 13 10 5 7 9 3 2 12 8 6 11 4 16 14
1 15 3 8 7 12 9 11 6 14 10 5 2 13 16 4
1 13 7 15 5 4 9 3 10 12 11 6 2 14 8 16
1 6 9 5 8 3 2 12 14 10 15 16 11 13 7 4
4 15 11 2 8 9 6 12 3 13 10 5 1 7 16 14
11 13 3 6 7 12 15 5 10 9 1 14 8 4 2 16
1 7 14 15 9 10 5 4 2 3 8 16 6 11 13 12
15 9 12 10 4 7 1 3 5 6 14 2 13 16 8 11
