0.18819394353329597 0.1427749967507915 0.09029653310172037 0.0614319995306238 0.07680586813065664 0.03456977900901877 0.09774154801157901 0.0732766189265261 0.04658585283924954 0.04520757540501753 0.03823567026337169 0.029337023558519512 0.02474900942474612 0.019024432352629798 0.010585046506320906 0.00987973125658362 0.007967255206376415 0.003337116192972765
5 3 4 1 2 6
2 5 6 4 3 1
3 4 5 6 1 2
4 1 2 5 6 3
6 2 1 3 5 4
1 6 3 2 4 5
6 4 5 1 2 3
5 1 3 4 6 2
5 2 4 6 3 1
2 5 1 6 4 3
4 6 2 3 5 1
3 5 2 1 6 4
5 6 4 2 1 3
4 3 6 1 2 5
2 4 1 3 6 5
1 3 4 6 5 2
6 1 2 5 3 4
3 6 1 4 2 5
