18877 12202 12018 10336 9186 8878 5854 3569 3479 2530 1956 1866 1548 1514 1307 1127 966 664 490 337 274 261 130 151 99 78 61 38 44 32 30 25 20 15 11 7 6 3 4 2 2 1 1 1
7 10 3 9 6 1 4 11 8 2 5
8 2 9 5 10 3 11 1 4 7 6
8 5 3 1 4 10 2 9 7 6 11
11 2 3 8 6 4 7 1 9 5 10
5 7 11 2 10 3 4 6 1 8 9
6 4 1 9 8 7 2 10 3 5 11
2 3 8 5 7 4 9 6 10 1 11
8 10 5 7 1 3 11 9 4 2 6
3 2 10 8 6 11 9 4 1 7 5
8 10 5 2 4 7 11 1 3 6 9
3 5 11 1 4 6 2 9 8 7 10
5 7 11 10 2 6 9 1 4 8 3
6 10 1 8 4 5 11 9 3 2 7
5 1 11 9 6 3 4 2 8 7 10
2 5 8 7 1 11 3 10 4 6 9
6 3 10 8 2 7 11 4 9 1 5
11 2 1 5 7 4 9 6 3 8 10
11 7 5 9 8 1 2 4 10 6 3
8 5 10 7 1 11 3 6 4 2 9
7 4 5 1 8 6 11 9 10 2 3
8 1 11 5 7 4 9 6 3 2 10
6 4 1 5 8 3 11 2 10 7 9
11 4 10 8 6 5 9 1 3 2 7
8 3 11 1 6 5 4 10 9 2 7
6 10 11 9 8 7 2 4 3 1 5
5 1 10 8 6 11 2 9 4 7 3
6 3 10 8 7 4 11 2 9 1 5
11 2 5 8 1 4 3 6 10 7 9
6 10 1 7 8 11 9 4 3 2 5
11 4 10 8 7 5 2 6 9 1 3
2 10 5 1 8 3 11 9 4 6 7
8 2 10 9 1 11 4 6 3 7 5
11 4 5 8 6 7 3 2 10 1 9
11 2 3 7 8 1 9 4 10 6 5
5 10 1 8 6 7 11 9 4 2 3
5 4 10 1 8 6 11 9 3 2 7
8 4 10 7 1 11 3 2 9 6 5
8 10 1 7 6 5 11 4 3 2 9
8 10 5 1 7 11 3 2 4 6 9
2 10 1 8 6 5 11 4 9 7 3
5 2 1 8 6 11 4 9 10 7 3
8 10 5 1 7 6 11 4 9 2 3
5 2 3 7 8 1 11 4 10 6 9
11 4 1 8 7 6 3 9 10 2 5
