0.255989564833081 0.21600155932666396 0.25443350899371736 0.03627292210095417 0.03365570675109889 0.038895002296160414 0.01901631379924094 0.020283485210505537 0.0192636571567175 0.022820835259513866 0.02553571664309616 0.021072548498602354 0.02738365826650741 0.004557116350319407 0.004818404513821154
3 7 2 4 6 5 1
5 4 3 6 7 1 2
7 2 5 3 6 4 1
2 4 3 7 1 6 5
2 7 1 4 6 3 5
5 4 7 2 3 1 6
3 2 5 6 7 1 4
2 4 3 1 7 5 6
3 4 7 6 2 1 5
2 7 3 6 1 4 5
7 4 5 2 6 3 1
5 4 2 3 7 6 1
2 7 3 4 6 1 5
5 2 7 4 1 3 6
3 2 1 6 7 4 5
