0.07688082374557903 0.17332686223981145 0.021397211766597212 0.05045012259078494 0.04572860174111097 0.064459856625206 0.01008527067376167 0.07379457915628662 0.182426314202254 0.10672747794394864 0.06190983339104333 0.05464945115391915 0.024822946059711803 0.0008334933865604064 0.018425148965484653 0.01632592622882701 0.0105645184929066 0.003931527910043078 0.0032600337261635645
5 3 6 2 4 1
1 2 5 3 6 4
2 6 1 4 5 3
4 5 3 6 1 2
6 3 2 1 4 5
2 4 6 5 3 1
5 3 4 1 2 6
5 1 2 6 4 3
2 3 6 4 5 1
5 3 1 6 4 2
5 2 3 1 4 6
4 6 5 1 2 3
3 2 1 5 6 4
5 0 0 1 4 3
6 5 2 4 3 1
1 5 6 3 2 4
1 2 4 5 6 3
4 6 2 3 5 1
6 1 3 5 2 4
