10808 10037 7879 7754 7769 7831 6680 5404 4319 4307 2849 2852 2813 2199 2272 1972 1752 1396 1143 1036 1005 843 728 606 519 434 383 358 280 192 237 207 191 121 133 90 84 83 68 42 50 41 39 29 23 20 16 17 14 12 10 9 7 6 6 4 4 4 3 2 1 1 1 1 1 1 1 1
11 1 12 5 10 6 3 9 8 4 2 7
7 6 1 9 8 11 12 5 3 2 4 10
5 8 11 3 4 7 2 6 10 12 1 9
12 11 3 6 5 10 8 2 9 1 7 4
10 3 8 4 7 9 5 1 2 11 6 12
8 2 7 12 1 5 11 3 4 9 10 6
4 10 9 7 2 12 1 11 6 8 5 3
9 4 6 1 12 2 10 7 11 5 3 8
3 7 4 5 11 8 6 12 1 10 9 2
2 5 10 11 9 3 6 4 12 7 8 1
1 8 5 2 3 6 9 10 7 4 12 11
6 9 11 8 12 1 10 2 7 3 4 5
10 12 2 3 11 8 4 9 5 6 1 7
9 11 8 5 6 1 7 12 10 4 2 3
5 1 3 2 4 6 8 10 11 7 12 9
7 6 1 8 5 4 2 3 12 11 9 10
12 7 4 9 2 3 10 6 1 5 11 8
3 4 8 10 6 2 5 1 9 12 7 11
1 2 5 11 9 4 7 8 6 3 10 12
11 9 2 3 12 10 4 8 7 1 6 5
1 10 11 3 4 12 9 7 8 6 2 5
2 12 9 5 3 1 7 6 10 8 4 11
8 5 6 9 10 11 1 3 2 12 7 4
4 5 3 10 11 6 12 1 7 9 8 2
9 7 10 11 2 1 5 4 6 8 3 12
12 11 4 7 3 9 2 10 8 5 1 6
10 6 7 2 9 8 11 4 5 3 12 1
6 12 11 3 5 10 7 1 2 4 9 8
3 1 12 5 6 8 4 11 9 7 10 2
11 3 10 8 7 2 5 12 4 9 6 1
3 4 7 9 6 11 2 8 12 5 1 10
9 3 5 7 4 1 8 10 11 2 6 12
11 10 9 12 7 2 1 3 5 8 4 6
6 9 12 2 3 10 5 7 11 1 8 4
2 7 4 8 12 6 11 5 10 3 1 9
4 6 3 5 2 11 7 12 8 9 10 1
10 5 12 3 2 9 4 11 6 1 7 8
6 3 7 10 5 1 4 9 12 8 11 2
4 6 3 7 11 8 10 1 9 2 12 5
8 10 4 12 9 2 5 11 7 6 3 1
7 12 11 2 3 4 9 5 8 1 6 10
3 1 5 12 9 10 8 7 6 2 11 4
8 4 10 3 11 6 9 12 7 5 1 2
9 7 11 2 12 5 10 8 6 3 4 1
4 10 7 12 3 2 5 1 9 11 8 6
6 12 4 5 2 8 1 11 3 9 7 10
6 5 12 3 10 9 11 7 1 4 8 2
11 1 5 2 6 10 7 3 8 12 9 4
2 6 10 9 4 1 8 11 12 3 7 5
9 4 11 8 2 5 7 1 3 12 10 6
7 10 3 12 9 4 11 8 5 6 2 1
3 11 12 10 4 6 5 9 7 2 1 8
6 4 10 5 3 2 8 7 11 9 1 12
7 5 4 3 6 9 1 8 10 11 12 2
3 6 9 12 11 2 4 7 5 1 8 10
2 7 3 8 10 5 9 1 12 11 4 6
4 7 12 5 10 6 11 3 9 1 2 8
7 3 11 10 6 1 5 12 8 4 9 2
9 12 5 8 3 10 4 1 6 2 7 11
11 7 4 3 12 10 1 8 5 9 2 6
8 3 5 12 2 9 7 11 10 6 4 1
2 10 3 5 11 6 7 1 9 8 4 12
1 5 3 12 11 9 8 7 10 6 2 4
8 3 10 12 11 6 5 1 9 4 7 2
2 11 9 5 10 6 4 3 12 8 7 1
11 6 12 2 3 4 8 9 10 1 7 5
8 12 11 10 2 5 1 7 3 9 4 6
1 4 10 3 12 9 7 11 5 6 2 8
