26946 11792 11792 11792 5563 5387 3133 3588 3118 2925 1862 1796 1792 1792 1610 969 969 641 404 354 302 191 217 198 164 143 102 88 70 61 38 36 29 23 16 16 17 11 10 8 7 5 4 4 3 2 2 2 2 1 1 1 1
5 15 10 13 7 11 6 8 14 3 4 2 1 9 12
1 6 7 8 4 10 3 15 2 5 14 9 13 12 11
5 10 7 4 6 1 13 12 8 11 9 14 3 15 2
14 4 1 8 2 6 5 15 3 7 10 11 13 9 12
10 15 7 14 4 13 12 8 1 2 6 9 3 5 11
2 9 11 10 5 13 12 15 6 8 14 1 7 3 4
14 6 5 4 3 1 12 9 10 8 2 15 13 7 11
10 8 15 9 3 1 7 11 5 4 13 14 6 12 2
8 15 13 2 1 10 11 6 4 9 5 7 3 12 14
1 9 5 13 2 3 12 14 8 6 10 15 7 4 11
3 1 11 7 4 6 13 12 10 5 2 9 8 15 14
15 12 7 6 3 5 1 9 10 8 4 13 2 11 14
9 6 12 8 3 11 5 1 4 2 15 10 13 7 14
5 10 11 4 1 15 3 2 13 6 14 8 12 9 7
15 7 10 12 13 9 2 5 3 11 1 14 8 6 4
10 1 12 7 4 14 13 15 5 2 9 11 6 3 8
12 3 7 14 11 13 4 8 1 5 6 9 10 15 2
12 1 5 13 11 3 4 14 10 8 9 7 6 15 2
9 3 12 7 1 14 11 15 5 6 2 13 10 4 8
1 15 12 2 5 10 3 6 4 9 14 11 13 7 8
1 12 7 6 3 14 13 9 5 8 2 15 10 11 4
8 9 7 2 3 15 12 1 4 6 5 11 13 10 14
12 3 7 1 13 4 8 6 10 5 9 11 2 15 14
8 3 12 7 5 15 11 1 14 2 10 9 13 6 4
10 9 13 4 1 3 2 5 8 11 15 7 6 12 14
8 7 10 12 11 5 1 9 3 6 13 15 2 4 14
12 8 11 9 2 1 7 14 3 4 5 10 13 15 6
8 12 7 6 13 9 4 15 5 11 1 14 10 3 2
3 15 13 8 2 14 4 11 10 5 1 9 12 7 6
1 10 13 2 3 9 5 14 4 6 15 7 12 11 8
12 15 10 9 1 14 7 6 4 8 5 11 13 3 2
12 8 13 7 1 9 11 15 5 6 14 10 2 3 4
15 7 5 12 2 1 3 6 10 8 9 14 13 11 4
15 8 12 2 13 1 3 11 6 4 5 9 10 7 14
5 9 7 13 11 3 2 14 8 4 1 15 12 10 6
1 3 12 9 11 5 7 2 8 4 13 10 6 15 14
3 9 10 13 1 15 4 5 14 8 2 11 7 12 6
10 8 13 9 5 3 11 1 6 2 14 15 12 7 4
8 12 5 9 13 11 1 15 4 6 10 14 7 3 2
15 10 12 6 3 1 7 9 8 5 13 14 2 11 4
8 7 13 12 11 3 5 14 4 2 1 9 10 15 6
12 7 5 2 13 14 1 9 3 4 15 11 6 10 8
3 8 7 12 2 11 4 1 6 5 9 10 13 15 14
15 9 7 6 5 1 2 11 13 8 14 10 12 3 4
9 3 5 12 1 14 7 15 8 4 2 11 13 10 6
10 12 13 2 1 3 5 11 4 8 15 9 6 7 14
3 8 12 7 13 15 4 1 6 5 2 9 10 11 14
10 12 5 6 2 1 3 15 14 4 9 11 13 7 8
15 7 13 9 5 11 2 1 3 8 14 10 6 12 4
8 3 7 2 13 9 1 11 4 5 14 15 12 10 6
9 10 12 2 1 3 4 5 8 6 13 15 7 11 14
3 9 13 7 2 5 1 11 6 4 15 14 12 10 8
12 8 5 13 3 14 7 15 4 2 1 9 10 11 6
