1419 1356 1202 824 679 701 695 545 468 379 234 254 218 202 147 141 110 115 73 44 46 31 23 23 14 14 12 9 5 4 4 2 2 2 1 1 1
6 8 2 3 5 1 7 4
5 3 7 6 2 1 4 8
8 4 3 1 6 5 2 7
1 7 5 8 4 3 6 2
7 4 6 2 5 1 8 3
6 2 8 4 1 3 7 5
4 8 2 7 3 5 1 6
7 3 1 5 4 8 6 2
7 1 6 5 8 2 4 3
2 7 1 8 3 6 5 4
3 5 6 2 1 4 8 7
5 6 8 4 2 7 3 1
4 6 2 7 5 1 3 8
6 3 4 2 8 7 1 5
3 5 1 6 7 2 4 8
2 1 3 8 4 6 5 7
8 5 2 1 6 4 7 3
3 7 5 2 4 1 8 6
8 6 5 1 7 4 3 2
2 1 8 5 7 3 6 4
4 1 6 5 2 3 7 8
2 6 8 1 5 3 4 7
6 7 2 4 8 3 5 1
3 5 1 8 6 2 4 7
8 6 1 4 2 7 3 5
6 7 3 8 2 4 5 1
2 7 6 1 8 5 3 4
3 5 8 4 2 1 7 6
4 6 5 2 7 3 8 1
4 7 6 8 2 3 1 5
2 6 3 5 7 1 4 8
6 5 3 4 2 7 8 1
3 5 6 4 2 7 8 1
6 7 8 1 2 3 4 5
2 6 8 5 7 4 3 1
3 5 1 8 7 2 4 6
2 3 8 4 6 7 1 5
