17171 13056 11729 7261 5486 4155 4155 3908 3584 3519 2874 2339 1985 1775 1694 1562 1514 1514 1191 916 858 719 812 674 599 564 493 387 365 276 282 258 180 189 203 178 170 138 133 135 105 91 82 79 73 60 53 45 47 36 38 32 27 28 25 22 14 15 14 12 12 9 9 9 6 6 5 5 5 4 4 3 3 3 3 2 2 2 1 1 1 1 1 1 1 1 1
9 18 24 12 20 2 5 14 10 23 4 19 17 21 11 13 8 15 6 7 22 16 1 3
11 16 17 8 24 7 20 3 1 19 4 9 6 21 14 10 15 2 22 13 18 23 12 5
1 16 7 13 18 8 9 21 4 2 5 12 22 10 3 15 11 14 6 23 24 20 19 17
12 20 13 16 10 1 3 4 5 11 6 9 21 7 15 2 18 22 24 17 8 23 14 19
20 19 5 8 23 17 6 9 18 4 21 24 11 13 2 12 7 10 22 16 1 14 15 3
23 12 19 24 18 7 5 10 6 9 8 3 20 1 16 21 11 13 2 17 22 14 15 4
4 1 9 8 13 6 16 15 3 7 21 22 17 12 10 20 23 11 5 2 18 19 24 14
6 15 12 2 7 17 18 21 11 9 8 13 22 5 20 19 1 4 23 10 14 24 16 3
3 22 16 20 24 19 14 2 6 4 12 10 21 15 17 23 5 18 7 1 8 9 13 11
19 23 8 11 17 16 3 6 18 1 14 4 20 7 15 24 10 13 9 5 2 21 12 22
2 1 19 23 9 11 20 4 18 21 8 3 24 6 13 5 12 10 14 7 22 17 16 15
5 13 15 8 16 6 11 1 2 3 21 24 12 9 4 10 23 17 22 20 18 19 14 7
13 9 10 24 23 7 19 21 3 12 22 5 4 1 2 20 14 11 16 6 15 18 8 17
7 19 3 8 15 22 5 10 21 13 6 9 11 17 20 12 14 4 2 16 1 23 18 24
23 8 13 24 20 2 16 12 7 15 3 22 5 17 1 19 21 10 14 18 9 6 11 4
20 21 5 2 10 22 24 15 3 16 14 13 17 19 12 23 4 1 9 6 11 18 7 8
5 24 11 20 19 1 6 2 7 21 17 10 4 9 23 22 16 18 12 13 8 14 15 3
10 6 24 16 8 17 18 1 14 19 22 11 13 15 4 3 7 2 5 12 21 9 20 23
11 12 15 9 3 4 2 14 21 13 5 8 7 24 16 6 10 22 20 19 23 1 18 17
3 2 8 23 9 18 19 4 6 11 14 5 24 22 15 10 1 12 16 17 20 13 7 21
6 19 9 12 18 20 14 10 11 22 2 3 21 5 13 1 23 4 7 16 17 8 24 15
13 22 2 8 11 6 16 9 5 12 21 24 20 1 3 19 15 18 23 7 14 17 10 4
4 13 10 21 16 11 20 6 2 3 9 5 22 12 19 1 17 23 14 18 15 24 8 7
23 2 21 14 22 12 11 18 1 4 8 9 3 6 10 16 15 24 19 20 7 5 17 13
11 9 20 13 14 10 3 5 7 12 6 4 15 23 1 2 24 17 16 22 18 19 8 21
10 8 19 16 23 2 14 11 21 15 4 22 20 3 17 5 18 1 6 7 9 13 12 24
7 1 5 11 15 17 18 9 6 21 3 19 2 22 16 23 12 4 24 10 20 8 13 14
20 15 13 24 11 7 19 4 2 16 18 10 21 17 3 6 5 12 9 1 22 23 14 8
3 12 8 23 9 16 2 14 18 13 5 4 24 6 20 10 17 22 7 19 1 21 11 15
2 21 16 8 10 1 20 6 3 11 12 9 17 7 13 24 4 23 22 5 14 18 15 19
6 9 2 8 3 4 16 10 5 1 18 13 7 12 15 19 14 11 20 17 23 21 24 22
5 21 13 14 17 6 11 9 18 22 2 8 3 1 15 12 10 24 23 16 20 19 7 4
19 15 8 9 23 10 3 18 1 13 6 24 21 22 4 16 7 12 5 20 2 17 11 14
20 23 15 12 19 7 6 4 11 16 21 13 2 9 10 3 1 17 14 5 22 24 18 8
10 24 9 20 8 18 5 11 14 4 17 19 22 3 16 2 23 1 12 6 7 13 15 21
13 21 16 2 22 1 19 5 3 11 9 8 4 7 23 24 18 12 6 10 17 14 20 15
5 8 20 9 3 6 14 1 7 21 4 24 15 19 17 10 16 2 23 12 11 18 13 22
3 1 11 13 14 4 2 6 5 15 8 10 20 23 19 16 12 18 9 22 21 17 24 7
11 12 5 24 10 20 3 18 21 16 6 9 13 17 1 22 15 4 7 19 14 8 2 23
4 6 10 23 9 16 20 15 14 19 12 13 21 1 2 5 11 17 22 7 18 24 8 3
7 15 8 11 16 12 23 10 1 4 3 22 2 6 13 20 24 5 19 17 9 21 18 14
2 9 21 12 20 15 10 16 18 3 5 22 6 24 4 7 23 11 1 13 8 14 17 19
6 5 19 21 7 10 16 9 11 14 18 4 17 22 3 12 24 23 20 8 1 2 15 13
7 13 16 3 23 11 18 14 21 15 22 10 4 5 19 17 12 24 9 1 2 8 6 20
3 13 12 14 18 2 24 8 23 22 21 19 7 9 10 6 1 4 16 20 15 5 11 17
19 9 24 13 11 7 14 4 3 1 2 5 22 15 20 12 21 18 6 16 23 17 10 8
6 23 15 8 14 18 20 10 1 16 5 11 3 12 17 19 7 22 2 13 9 21 24 4
4 19 3 2 15 1 6 16 7 11 8 9 20 23 13 24 18 10 14 5 21 17 12 22
10 21 9 12 20 4 19 15 11 13 18 24 3 5 1 17 16 2 22 8 7 6 14 23
2 8 12 21 3 10 18 11 23 14 4 9 5 17 16 20 15 1 7 6 22 24 13 19
20 12 16 11 7 15 14 9 18 21 3 13 6 24 2 22 5 10 1 17 23 19 8 4
19 15 11 24 16 20 10 18 2 1 6 8 4 12 23 3 21 17 9 22 14 5 7 13
13 6 19 9 22 11 24 14 5 3 8 4 7 15 2 16 10 12 23 20 1 18 17 21
7 24 21 2 10 1 16 8 3 11 12 19 17 9 4 6 23 5 20 13 22 14 18 15
13 23 2 20 22 6 11 5 21 4 9 10 15 3 16 19 7 24 14 1 18 8 12 17
2 19 20 3 8 4 16 6 23 15 17 9 21 7 13 24 18 1 12 10 14 5 11 22
4 8 12 14 11 16 3 10 5 19 21 24 13 17 1 7 15 23 2 22 9 18 6 20
11 5 3 16 15 18 6 4 1 13 9 8 21 23 12 20 24 22 19 17 7 2 10 14
3 1 15 9 7 12 18 14 21 19 4 5 2 6 20 22 16 11 24 10 23 17 13 8
5 21 9 14 16 17 19 10 7 3 2 11 13 15 12 6 1 4 23 22 20 24 18 8
23 12 8 24 17 7 10 9 3 14 4 13 5 19 15 1 18 2 22 16 11 21 6 20
10 9 24 16 18 20 6 1 11 4 21 22 7 3 23 17 15 12 19 5 2 14 8 13
20 8 21 23 14 10 24 4 2 16 12 11 22 6 17 3 5 18 9 1 15 13 7 19
4 19 2 8 15 12 14 18 5 21 6 10 13 22 23 16 17 11 1 7 9 24 20 3
5 23 20 21 11 15 24 1 18 13 3 22 6 9 16 12 10 4 2 8 14 19 17 7
6 8 19 12 9 2 3 14 21 15 17 22 7 24 1 5 11 23 16 20 18 13 10 4
3 5 12 9 8 6 11 10 7 19 4 13 15 1 20 16 21 17 24 22 2 18 14 23
11 6 3 20 9 16 24 18 1 4 22 8 17 23 10 19 21 5 12 13 15 2 7 14
7 15 10 16 3 1 18 6 23 14 8 24 21 9 17 5 11 12 20 19 22 13 2 4
5 21 24 13 11 20 3 9 2 16 18 4 22 15 19 12 17 1 7 10 23 6 8 14
2 12 20 3 10 16 19 4 18 11 9 8 5 1 23 22 15 17 24 6 21 14 13 7
4 9 15 14 17 18 16 8 21 13 2 19 3 12 20 6 10 22 23 5 1 24 11 7
23 8 12 2 18 7 14 15 11 1 21 24 6 22 4 3 5 10 16 20 9 19 17 13
11 9 24 21 22 15 6 1 3 14 8 5 4 19 2 16 7 18 12 13 20 17 10 23
20 5 9 23 8 4 10 6 1 3 12 13 15 24 19 17 21 2 7 16 11 18 14 22
13 6 19 24 16 1 20 9 7 15 5 11 17 12 3 23 10 4 2 22 14 21 18 8
10 15 12 9 23 6 20 18 5 16 3 4 7 17 1 19 24 22 14 8 21 2 11 13
3 21 15 2 14 17 11 10 23 19 9 22 13 7 16 12 18 1 24 6 20 5 8 4
6 12 19 14 15 2 24 16 11 22 4 9 21 3 17 1 5 10 20 7 18 8 13 23
23 19 8 13 9 12 16 14 3 4 17 5 2 15 10 24 18 11 22 1 7 6 20 21
13 24 3 23 15 2 14 4 21 11 6 19 5 22 20 10 17 18 16 1 9 8 12 7
4 6 15 9 23 10 19 14 21 13 17 8 3 5 12 1 11 2 16 7 18 24 20 22
3 19 10 8 14 6 20 9 7 11 5 4 22 15 17 24 16 12 23 13 1 2 18 21
7 12 20 13 16 4 18 8 2 1 6 24 21 9 3 10 15 11 22 5 23 14 17 19
6 8 2 24 11 7 5 1 18 15 22 19 4 17 23 12 16 10 14 20 9 21 13 3
13 24 12 21 9 17 16 18 1 22 3 5 2 6 10 23 11 4 20 8 15 19 7 14
19 15 21 14 22 18 24 16 11 13 4 9 17 3 1 20 5 23 2 10 7 6 12 8
