13443 10811 9503 9000 8133 7067 5772 5263 4371 3846 3333 2395 2337 1972 2042 1579 1265 1111 1050 919 713 684 546 464 359 322 308 196 189 157 141 121 94 76 69 56 41 44 34 29 22 20 16 12 12 10 8 8 6 5 4 4 3 3 2 2 2 1 1 1 1 1 1
7 11 9 10 5 6 1 4 3 2 8
10 1 11 7 2 8 9 3 4 6 5
9 5 3 4 1 2 6 7 11 8 10
4 3 2 5 7 1 8 11 6 10 9
6 9 8 1 11 7 5 10 2 3 4
3 2 7 6 10 5 4 9 8 11 1
8 6 10 9 4 3 2 1 7 5 11
11 7 5 2 1 9 3 8 10 4 6
5 4 6 3 8 11 10 2 9 1 7
8 10 4 11 3 6 7 5 1 9 2
2 6 1 8 9 4 11 3 5 7 10
1 11 4 3 2 10 5 6 8 7 9
5 2 6 10 7 4 9 8 3 11 1
11 8 5 2 9 10 6 4 1 3 7
6 1 11 7 5 8 2 4 9 10 3
10 4 7 9 6 5 3 1 2 8 11
3 2 8 4 11 9 10 6 5 1 7
2 8 10 11 7 3 1 5 4 9 6
5 10 1 8 2 7 9 6 3 4 11
9 7 3 10 1 2 6 8 11 5 4
10 9 2 11 5 4 7 1 8 6 3
1 11 2 8 3 6 10 7 4 5 9
2 1 4 5 9 10 3 11 7 6 8
3 2 6 7 11 1 4 8 5 10 9
11 8 10 1 2 7 5 3 6 9 4
5 7 8 9 11 6 10 4 2 1 3
10 4 7 1 2 11 9 5 6 3 8
6 9 5 10 3 2 7 1 8 4 11
10 11 2 8 6 4 3 9 5 1 7
2 9 3 6 7 1 5 11 8 10 4
3 11 10 1 5 4 8 9 2 7 6
11 2 8 10 9 3 6 7 5 4 1
3 8 6 5 1 2 10 4 9 7 11
11 4 5 9 7 10 2 3 1 6 8
5 1 7 8 2 6 11 9 3 4 10
1 9 2 4 5 6 7 8 11 10 3
6 3 4 5 9 11 10 7 1 8 2
10 2 11 1 8 3 5 4 9 6 7
10 9 4 5 11 7 3 8 6 2 1
10 3 9 7 6 4 2 5 1 8 11
2 8 1 9 3 10 5 11 4 7 6
5 2 6 10 7 1 8 3 11 4 9
2 4 9 8 5 6 11 3 1 10 7
6 1 11 4 5 7 10 9 3 8 2
5 10 1 6 3 2 11 8 9 7 4
1 3 4 10 11 7 6 9 5 2 8
1 8 6 7 2 11 5 4 3 10 9
10 1 5 9 8 3 2 7 6 4 11
5 9 3 4 7 6 10 11 2 8 1
6 4 2 8 1 7 10 9 5 3 11
2 4 9 5 3 10 8 11 1 7 6
10 8 3 7 5 11 2 9 1 6 4
2 3 5 6 7 1 10 8 11 4 9
1 4 7 9 6 10 5 11 3 2 8
10 3 6 8 1 2 11 5 9 7 4
5 1 4 6 11 7 8 3 2 10 9
1 8 11 5 7 2 10 4 9 6 3
5 9 10 4 3 11 6 8 2 7 1
2 10 4 5 11 1 8 7 9 3 6
5 10 2 4 3 1 6 9 11 7 8
6 3 7 9 11 10 2 8 5 4 1
10 9 11 8 1 2 5 7 6 3 4
2 1 10 4 6 7 11 5 3 8 9
