11700 9831 9481 7847 7987 7450 5960 5922 5349 2770 2905 2711 2424 2231 2238 2058 1837 1555 1484 1066 827 643 669 509 399 384 301 213 230 152 132 129 112 84 79 50 39 44 35 33 24 22 16 13 9 9 7 6 5 3 3 2 2 2 1 1 1 1 1 1 1
6 4 9 1 10 2 3 8 5 7 11
8 5 3 6 1 10 2 11 9 4 7
3 6 11 4 9 8 1 2 7 10 5
4 9 8 7 2 6 5 1 3 11 10
11 3 2 9 5 7 10 6 8 1 4
7 10 4 1 3 9 11 5 2 6 8
10 2 7 3 11 5 9 4 6 8 1
2 8 10 5 4 1 6 7 11 3 9
5 11 1 2 8 3 7 10 4 9 6
1 7 8 11 6 4 3 9 10 5 2
9 5 6 8 7 10 4 3 1 2 11
6 1 7 10 5 11 8 9 3 4 2
9 7 8 6 1 2 5 4 10 11 3
1 4 6 7 11 8 3 10 9 2 5
8 1 5 7 3 2 4 9 6 10 11
2 3 11 6 10 4 9 5 7 8 1
11 7 3 9 4 10 8 6 1 5 2
9 2 1 4 7 8 3 11 5 6 10
7 8 2 10 6 5 11 1 3 4 9
5 9 10 8 2 11 6 3 4 1 7
3 11 4 5 7 9 10 8 2 1 6
10 4 6 2 8 7 5 1 9 11 3
8 11 7 5 6 9 1 10 4 2 3
10 6 9 8 2 1 7 4 11 5 3
3 10 1 2 4 7 9 6 5 11 8
2 1 9 5 8 4 10 3 6 11 7
5 9 7 4 3 2 8 11 1 10 6
3 1 8 2 9 11 6 5 7 4 10
4 3 6 10 1 5 11 7 8 2 9
6 2 5 8 10 4 11 9 7 1 3
5 9 1 2 4 11 7 10 3 6 8
1 10 4 8 6 3 7 11 9 5 2
10 8 11 5 9 1 6 7 2 4 3
11 10 2 4 3 7 8 9 6 1 5
3 6 5 2 10 4 1 9 7 8 11
5 9 3 7 1 11 6 10 4 2 8
11 7 9 10 4 1 3 5 8 6 2
4 7 1 6 8 2 3 10 11 5 9
2 6 3 5 4 7 8 11 9 1 10
10 6 5 7 9 8 3 4 1 2 11
10 9 8 4 6 3 1 5 7 11 2
2 7 4 9 1 11 10 3 6 8 5
3 2 11 10 9 1 8 7 4 5 6
3 8 7 2 6 4 1 10 9 11 5
5 10 7 9 3 2 11 1 8 4 6
3 8 11 7 4 9 5 1 2 6 10
2 7 5 4 3 1 10 9 11 8 6
10 3 7 2 6 4 11 9 5 1 8
1 10 4 5 9 7 8 3 11 6 2
11 9 1 10 3 2 5 7 6 4 8
10 7 4 8 3 2 1 11 6 5 9
4 11 7 5 1 9 10 3 8 2 6
3 6 11 10 4 2 1 7 9 8 5
2 9 8 6 3 4 10 5 7 1 11
5 3 7 10 4 8 9 11 1 6 2
4 10 1 8 9 7 5 3 11 2 6
5 10 6 7 3 4 9 11 8 1 2
3 2 11 10 4 7 5 1 9 8 6
4 11 1 8 6 2 10 3 7 5 9
10 7 5 2 3 8 1 9 6 4 11
11 3 7 4 1 9 8 10 5 6 2
