12421 10609 9548 8909 7766 7580 5271 5017 5131 3596 3497 2892 2518 2164 1770 1577 1459 1401 1174 720 757 687 613 465 424 339 278 275 192 180 166 88 99 68 54 46 39 34 25 20 17 20 17 15 12 9 8 7 5 4 3 3 3 2 1 1 1 1 1 1
2 1 4 7 9 8 11 10 3 6 5
3 11 5 10 8 4 6 7 1 9 2
4 10 11 8 1 3 9 5 2 7 6
9 8 1 2 5 11 3 6 7 4 10
8 9 7 4 6 5 1 11 10 2 3
1 2 10 5 11 6 7 9 8 3 4
11 4 9 6 2 7 10 3 5 1 8
5 3 6 1 7 10 2 8 4 11 9
6 5 2 3 4 7 8 1 9 10 11
7 4 3 11 10 9 5 8 6 1 2
3 6 8 9 7 1 4 2 11 5 10
10 7 9 11 3 8 6 4 2 5 1
2 3 4 9 10 8 5 6 1 11 7
9 1 7 8 6 4 11 3 10 2 5
8 7 1 11 4 2 10 9 5 3 6
7 10 11 6 5 9 2 1 8 4 3
4 11 8 5 1 3 9 2 10 6 7
5 9 3 2 7 8 6 11 1 4 10
1 5 6 10 2 4 7 8 3 9 11
9 11 5 4 10 1 8 3 2 7 6
7 1 2 9 11 5 10 4 6 8 3
11 2 7 4 3 10 8 6 5 1 9
4 6 5 1 8 2 10 9 11 3 7
8 3 1 7 10 5 4 2 9 6 11
10 4 9 7 11 1 5 3 2 8 6
2 7 11 9 6 5 3 4 8 10 1
1 5 10 2 11 3 7 8 9 6 4
10 1 3 6 2 7 8 4 5 11 9
9 4 2 5 1 3 11 10 8 7 6
4 7 8 3 10 1 6 11 2 9 5
11 2 10 3 5 9 4 1 8 6 7
9 6 11 1 5 4 8 3 7 2 10
1 5 2 6 8 4 3 10 9 7 11
9 10 1 4 6 3 7 8 11 2 5
2 6 11 4 1 5 9 3 7 8 10
5 3 8 7 2 9 4 6 1 11 10
1 7 6 5 10 11 8 9 2 3 4
7 10 2 11 8 3 9 4 1 6 5
1 4 8 2 10 7 3 6 5 9 11
4 6 5 2 7 3 8 10 11 1 9
2 3 11 5 6 4 9 10 1 8 7
9 4 1 7 10 11 8 3 5 2 6
5 2 10 11 3 9 6 4 1 8 7
4 10 7 9 8 2 5 6 11 3 1
2 5 8 1 7 4 3 10 11 9 6
7 9 3 11 6 8 4 10 2 1 5
5 10 8 4 1 7 6 9 2 3 11
4 7 11 6 10 8 3 2 5 1 9
7 9 10 5 6 4 8 1 2 11 3
2 6 7 5 3 1 4 9 11 8 10
5 4 3 7 8 2 9 10 1 11 6
10 7 2 3 1 11 6 4 5 8 9
10 4 6 2 8 11 5 3 1 9 7
4 5 3 6 7 1 9 2 11 8 10
4 2 5 11 10 7 8 6 9 1 3
2 10 5 7 1 4 6 8 9 3 11
4 2 5 11 3 7 8 6 9 1 10
5 9 10 3 6 4 8 1 7 2 11
10 6 7 2 8 1 4 9 5 11 3
7 10 3 4 1 2 5 8 11 9 6
