16493 12753 12753 7891 7280 5933 7406 4058 3740 3348 2762 1392 1839 1550 1671 1391 1221 1010 820 799 626 510 392 392 311 275 266 203 157 124 92 75 69 59 42 47 38 38 32 25 20 13 14 14 10 10 7 5 4 4 3 2 2 2 1 1 1 1 1 1 1
1 4 10 3 7 13 16 2 12 15 9 8 11 14 6 5
1 7 5 15 6 8 14 13 9 16 4 3 2 10 12 11
9 6 14 1 4 16 8 7 11 13 15 12 5 2 10 3
5 11 1 10 8 15 6 12 14 16 2 3 4 7 9 13
11 10 14 7 15 8 1 2 12 6 4 3 5 9 16 13
10 7 1 3 5 14 13 8 12 15 4 2 11 6 9 16
6 11 5 12 4 13 15 16 14 8 9 10 3 7 1 2
2 4 1 6 7 10 9 15 3 13 5 16 12 14 8 11
1 3 10 7 13 16 8 14 9 6 15 11 5 2 12 4
5 1 10 11 7 9 14 15 6 16 2 12 4 8 13 3
11 7 1 15 5 10 9 8 3 14 13 2 12 6 4 16
5 13 14 3 6 2 16 7 11 15 8 12 1 10 9 4
13 4 14 5 6 7 16 12 9 8 3 1 11 10 2 15
6 7 1 3 8 16 5 2 12 14 13 9 10 11 15 4
10 1 5 7 13 8 3 14 11 6 16 15 12 9 4 2
4 3 6 14 16 9 1 7 12 15 5 11 2 10 8 13
9 15 14 3 10 7 13 5 16 11 2 12 1 8 6 4
14 7 1 10 5 2 8 6 9 16 15 3 4 13 12 11
4 13 1 11 7 15 3 2 14 10 8 16 12 6 9 5
2 4 5 6 8 14 9 16 12 11 3 1 10 7 13 15
1 11 10 15 5 8 3 7 14 13 12 9 2 6 4 16
11 10 14 5 7 9 1 2 6 15 13 12 3 8 16 4
1 4 6 7 16 14 15 5 8 10 12 3 11 13 9 2
9 13 5 1 10 7 14 8 11 16 12 6 4 15 2 3
4 1 10 14 6 2 16 7 3 8 13 15 11 9 12 5
14 11 7 15 4 2 10 6 3 5 8 16 1 13 12 9
2 6 3 13 5 7 9 12 4 14 8 11 1 10 15 16
2 4 1 6 8 15 5 16 9 10 12 3 14 11 7 13
4 15 1 7 6 10 8 14 16 13 2 12 3 5 9 11
1 13 10 3 8 14 16 12 6 5 15 9 11 7 4 2
14 1 7 6 8 9 10 16 11 15 13 12 3 5 2 4
2 10 14 3 7 16 13 6 11 8 12 1 4 5 9 15
11 4 5 15 10 9 1 12 6 13 3 16 14 8 7 2
9 3 7 6 4 10 5 14 11 8 2 12 1 15 16 13
1 13 10 7 16 2 9 6 14 8 15 3 12 11 4 5
11 6 1 13 7 16 10 5 14 15 3 9 2 8 12 4
4 11 3 1 5 15 13 12 8 16 2 6 14 10 7 9
2 4 6 10 13 7 8 14 11 5 3 15 1 9 12 16
1 3 14 7 6 2 9 8 4 13 15 11 12 10 16 5
14 13 7 3 8 9 10 5 16 6 12 1 4 11 2 15
4 15 5 7 10 14 1 16 11 8 12 6 3 13 9 2
9 1 14 3 7 10 5 6 4 16 2 12 11 8 15 13
11 10 6 1 4 2 9 5 8 14 16 3 12 7 13 15
4 15 1 10 16 9 8 7 14 13 2 11 3 6 12 5
9 10 3 6 7 8 13 2 12 5 16 1 14 11 15 4
2 1 5 13 7 14 10 12 4 6 15 3 11 8 16 9
9 6 3 1 8 10 5 14 16 15 2 12 4 11 7 13
14 4 10 15 6 7 5 16 9 11 3 1 12 8 13 2
11 6 14 3 5 10 1 7 8 13 16 15 4 9 12 2
14 13 10 7 5 8 1 2 16 15 12 3 11 6 9 4
1 15 5 6 4 10 9 14 12 8 2 11 3 13 7 16
11 1 6 3 8 15 13 12 4 5 16 9 14 10 7 2
14 4 3 10 6 7 9 5 8 16 15 11 1 13 12 2
11 1 10 15 4 14 5 2 9 6 3 16 12 8 7 13
4 3 1 13 6 8 10 7 12 16 2 15 14 11 9 5
1 10 6 7 4 15 8 2 14 5 12 3 11 9 13 16
14 3 5 6 8 10 1 12 4 13 16 11 2 7 9 15
11 4 14 3 6 2 10 7 8 5 15 16 1 9 12 13
4 10 6 15 8 7 1 5 9 16 3 12 14 11 13 2
1 13 3 10 5 15 8 14 16 11 12 6 4 7 2 9
14 3 1 7 4 8 13 16 11 6 2 15 12 10 9 5
