13104 10536 10655 7924 8245 6572 4930 5568 4684 3786 3022 2390 1987 1991 1989 1254 1305 1432 1273 1208 961 794 691 659 436 421 302 264 307 220 196 154 111 90 75 88 65 49 38 35 26 27 20 24 17 15 12 8 8 5 5 4 4 3 2 2 1 1 1 1 1 1 1
5 1 7 10 2 11 4 6 3 8 9
4 2 10 1 9 6 3 5 8 7 11
6 10 1 7 3 9 8 4 2 11 5
11 9 3 6 7 2 5 8 4 10 1
3 7 6 5 11 8 2 10 1 9 4
2 11 9 4 5 7 6 3 10 1 8
8 5 3 7 6 2 1 11 9 4 10
2 8 5 9 4 10 11 1 6 3 7
1 4 8 3 10 5 9 7 11 2 6
7 9 11 1 8 4 10 2 5 6 3
9 2 6 11 1 3 7 5 4 8 10
10 3 7 4 6 1 2 9 8 5 11
5 11 10 8 2 6 1 9 3 7 4
10 3 9 8 5 1 6 11 4 7 2
4 6 2 11 7 3 5 1 8 10 9
8 5 7 6 11 4 10 3 2 9 1
3 4 8 2 1 11 7 6 9 5 10
2 5 4 1 8 9 10 7 3 6 11
9 11 10 6 4 2 1 5 7 8 3
1 8 11 3 5 6 7 2 10 9 4
5 6 3 8 7 10 1 4 2 11 9
7 4 1 9 11 5 6 3 8 10 2
11 6 8 2 9 1 5 10 4 7 3
8 3 1 10 6 11 9 2 5 4 7
6 5 9 4 10 8 7 1 2 3 11
7 8 3 5 2 9 10 6 11 4 1
2 11 5 3 7 1 4 6 9 8 10
10 5 7 6 9 2 11 4 1 3 8
11 3 7 4 8 5 6 1 9 10 2
8 6 3 2 1 9 4 5 11 7 10
5 4 2 10 6 9 11 7 3 1 8
1 4 5 9 11 8 7 10 2 6 3
5 4 6 8 3 10 9 2 1 7 11
3 11 9 8 7 1 4 6 10 2 5
3 6 9 11 1 2 5 4 7 8 10
1 5 7 6 11 2 10 3 9 4 8
7 10 2 11 5 8 9 6 1 3 4
3 8 11 5 9 1 6 2 10 7 4
8 10 9 2 3 6 4 7 5 1 11
3 4 2 10 8 9 5 1 7 6 11
7 8 5 1 6 10 9 4 2 11 3
8 11 10 5 4 6 1 7 9 3 2
2 4 3 8 9 10 6 5 7 11 1
3 11 7 2 10 9 4 1 5 6 8
4 6 1 11 9 5 7 3 2 8 10
8 10 3 6 4 2 9 7 1 11 5
11 5 9 10 6 8 1 2 7 4 3
4 8 10 11 3 9 6 5 1 2 7
2 6 11 8 3 1 10 4 9 7 5
3 11 9 6 4 1 5 10 2 8 7
7 4 11 10 9 8 6 5 1 3 2
3 8 9 1 6 5 4 10 2 7 11
2 8 6 11 9 10 1 7 5 4 3
11 3 1 4 10 6 7 5 9 8 2
3 6 9 1 8 2 5 4 10 11 7
7 8 3 6 10 9 5 4 1 2 11
2 3 9 10 4 5 11 1 7 6 8
8 5 7 4 3 9 6 10 1 11 2
4 5 9 8 6 2 10 1 7 3 11
2 3 7 4 5 6 9 1 10 8 11
2 5 3 1 8 10 6 4 9 11 7
4 3 7 11 6 9 1 10 5 2 8
3 4 1 10 9 8 11 5 7 6 2
