25885 19722 10308 6753 6564 6564 6564 3390 2366 2366 2366 1764 1458 552 594 552 472 306 189 189 189 189 139 122 99 76 50 44 32 23 25 19 16 14 8 6 5 4 4 3 2 2 2 1 1 1
7 15 10 1 13 6 2 9 8 12 11 5 3 4 14
7 15 6 9 13 2 12 3 5 11 4 10 8 1 14
3 1 9 6 8 14 15 5 10 4 11 7 13 2 12
8 3 2 13 6 7 1 12 11 10 5 9 14 4 15
1 12 8 6 7 5 9 3 2 15 11 4 10 14 13
9 15 2 7 11 10 14 13 4 1 6 12 8 5 3
5 4 1 13 15 12 8 7 3 14 2 9 10 11 6
6 1 5 4 10 11 7 14 13 9 8 3 15 2 12
4 10 7 11 3 9 1 12 13 5 8 2 6 14 15
15 6 2 12 10 13 1 3 7 9 5 8 14 4 11
8 10 14 5 3 13 9 12 2 15 11 6 1 7 4
11 3 9 2 15 1 7 14 4 5 6 10 12 8 13
9 1 8 6 13 7 15 3 11 10 2 4 14 5 12
4 10 7 12 3 9 15 6 13 5 8 2 1 14 11
11 6 9 2 13 1 7 3 4 5 8 10 12 14 15
3 6 12 1 4 9 15 14 13 10 5 11 2 8 7
4 9 7 12 13 15 8 3 14 10 6 2 1 5 11
9 10 8 6 3 7 1 12 11 5 2 4 14 13 15
1 12 2 9 11 5 8 7 3 14 6 13 10 4 15
12 10 9 11 3 1 7 13 2 15 6 8 5 14 4
3 10 2 7 15 13 8 14 4 5 12 6 11 1 9
5 15 11 6 2 3 9 1 7 14 10 12 8 4 13
9 8 15 6 5 10 2 7 3 1 11 4 14 13 12
1 6 7 12 11 5 15 13 4 14 2 9 10 8 3
11 12 8 5 10 13 1 14 7 9 6 3 15 2 4
4 9 8 7 13 15 1 3 2 5 6 10 12 14 11
8 6 9 11 3 1 2 12 7 10 5 4 14 13 15
9 10 2 7 5 13 1 12 4 15 11 6 14 8 3
3 6 11 9 2 10 7 1 14 15 12 8 5 13 4
4 8 15 6 13 9 7 3 14 1 2 10 12 5 11
8 6 9 11 3 1 15 7 13 5 2 10 12 14 4
11 12 2 6 10 9 8 7 4 1 5 3 14 13 15
1 8 15 9 3 13 7 12 14 10 2 6 5 4 11
4 12 8 5 11 10 1 13 7 14 6 9 15 2 3
3 8 11 7 2 5 15 1 13 9 12 6 10 14 4
3 10 15 6 13 5 7 1 4 9 11 8 14 2 12
4 12 9 7 2 1 8 3 14 10 5 6 15 13 11
9 6 11 2 10 15 1 7 13 5 12 8 14 4 3
11 9 15 2 5 13 7 12 4 1 6 8 10 14 3
4 6 9 7 11 5 8 13 14 1 12 3 10 2 15
3 10 11 5 2 1 8 7 13 14 6 9 15 4 12
11 8 2 7 3 10 15 1 13 9 5 6 14 4 12
9 12 11 6 13 1 7 3 4 5 2 8 10 14 15
8 6 9 7 5 10 1 12 13 14 2 3 15 4 11
1 10 15 5 2 13 8 3 7 9 12 6 14 4 11
4 8 2 11 5 10 7 12 14 1 6 9 15 13 3
