119148 94616 68463 62518 68463 43227 50545 39886 43227 36420 34452 29225 26153 25841 21333 21505 17307 17268 15660 14687 11554 10628 9486 8299 7989 7556 7556 7458 6818 6480 5661 5169 3872 3998 3751 3449 3550 3374 2962 2581 2387 2008 1721 1827 1485 1163 1222 1113 1116 997 987 926 860 778 786 709 681 549 544 448 389 424 361 334 313 273 303 266 235 217 194 166 177 157 137 120 134 99 93 90 73 76 71 72 66 54 54 46 47 43 45 36 34 28 28 26 23 21 19 16 17 13 15 11 13 10 10 9 9 8 7 7 7 5 5 5 4 4 3 3 3 3 3 2 2 2 2 2 1 1 1 1 1 1 1 1 1 1 1 1 1 1
16 21 3 9 28 7 10 27 14 11 13 17 6 15 5 18 31 12 30 25 8 22 4 19 26 1 29 2 32 24 20 23
16 11 27 30 5 31 18 22 6 20 9 8 25 12 1 2 24 28 14 19 3 10 13 4 32 17 15 23 29 7 21 26
2 12 17 11 26 8 19 7 5 28 14 22 27 21 31 18 29 6 30 10 25 32 4 16 24 15 23 9 3 13 20 1
26 14 17 25 23 11 28 32 19 22 29 8 20 4 31 30 15 7 10 18 24 3 12 6 13 16 5 1 2 9 21 27
18 7 22 24 5 4 9 27 6 30 25 17 14 21 20 32 2 28 8 19 23 10 26 13 16 15 31 12 3 29 1 11
13 12 10 30 17 2 19 4 15 32 22 14 27 25 8 18 29 6 9 16 20 5 31 24 3 26 21 23 28 11 7 1
16 4 1 12 2 5 23 32 24 21 13 3 25 15 22 6 7 26 19 10 9 11 18 30 8 28 20 17 29 27 31 14
28 27 4 31 26 8 22 5 14 32 18 30 24 20 17 13 11 7 12 25 21 19 23 29 9 16 15 1 2 10 6 3
12 9 6 32 11 31 17 7 1 29 25 14 10 8 28 22 26 19 27 23 3 5 4 2 18 24 30 13 15 20 16 21
15 14 27 23 7 24 2 22 20 3 9 11 31 12 5 16 18 29 8 19 26 10 13 4 32 17 6 30 28 25 21 1
6 21 5 1 9 16 18 10 23 22 17 8 7 29 25 2 24 15 13 20 32 3 26 12 11 14 19 27 28 31 30 4
13 6 28 8 23 30 1 4 11 20 10 17 25 5 22 26 21 12 14 24 15 31 16 7 27 19 3 2 32 9 29 18
29 16 11 4 12 21 10 26 19 9 22 18 27 24 17 30 23 14 15 13 8 32 31 6 25 20 28 1 2 7 3 5
2 11 17 25 19 8 30 21 1 26 28 15 24 32 4 3 31 10 16 18 20 23 12 14 7 22 5 9 29 13 6 27
18 19 2 21 20 11 32 1 13 28 14 16 10 4 5 17 12 6 31 29 27 30 15 9 8 25 23 22 7 3 26 24
32 4 9 3 26 2 19 5 24 31 29 22 14 28 23 13 7 17 10 20 25 21 30 1 6 11 16 12 18 27 8 15
19 12 4 11 17 22 23 32 16 14 27 3 20 31 8 18 29 7 2 13 6 30 9 24 5 26 21 28 25 15 1 10
26 13 1 12 25 17 22 4 15 11 10 30 31 8 16 6 20 27 9 18 2 19 32 21 24 3 29 5 28 23 7 14
21 29 10 18 28 4 17 24 3 1 30 22 15 25 20 27 2 14 19 16 8 32 23 7 31 5 6 12 13 11 26 9
18 5 12 27 4 1 11 32 17 2 7 8 13 20 15 16 22 26 29 25 31 21 10 19 9 14 24 23 6 28 30 3
10 11 3 9 5 27 1 29 20 31 12 30 6 4 13 17 14 19 2 24 15 22 18 16 26 28 21 8 32 25 7 23
12 25 5 19 2 7 32 27 28 9 22 11 8 23 1 30 15 29 14 10 26 31 16 13 3 4 20 17 21 24 6 18
26 23 28 4 17 3 2 19 11 25 29 18 30 32 6 13 10 12 20 24 27 5 15 9 21 22 14 31 16 7 8 1
2 27 11 8 13 17 30 10 23 5 14 3 22 25 20 21 28 15 9 19 32 1 31 24 12 26 16 4 18 6 29 7
29 13 31 32 26 11 25 7 27 14 28 16 18 24 1 20 21 6 15 23 9 8 12 5 19 17 30 22 2 10 3 4
13 8 2 31 12 26 17 21 7 20 11 14 32 4 28 3 24 10 30 19 25 27 9 29 16 22 18 1 15 6 23 5
28 12 23 1 22 24 21 26 29 15 18 30 20 5 8 17 4 6 31 27 2 10 14 11 3 25 19 13 7 9 16 32
16 32 28 19 24 4 23 1 14 26 2 17 5 31 27 22 18 20 8 12 3 30 29 6 11 13 10 9 25 7 21 15
19 29 4 22 21 14 16 12 26 5 17 11 18 9 15 27 31 28 10 13 6 23 30 1 8 24 2 25 32 3 7 20
21 14 5 25 7 2 3 19 13 22 29 15 10 23 12 6 27 31 16 17 11 18 32 4 26 20 24 30 1 28 9 8
25 4 10 21 16 9 7 22 6 3 30 31 8 2 24 14 12 19 11 28 23 5 13 20 32 18 1 17 26 15 29 27
22 3 6 5 11 21 15 27 14 23 9 18 7 20 17 30 29 4 2 25 8 26 10 16 24 28 12 31 13 1 32 19
32 16 3 11 18 30 1 7 27 21 14 12 15 8 22 20 17 26 6 10 31 24 4 25 9 5 28 2 29 19 13 23
15 6 27 29 20 7 17 24 11 9 4 16 22 25 13 10 28 30 26 5 2 31 18 19 12 21 23 8 3 32 1 14
20 27 29 12 25 22 18 10 19 14 21 9 28 31 30 2 8 17 13 32 26 1 23 7 15 4 16 5 6 24 11 3
10 13 22 9 4 17 30 29 7 2 18 5 6 8 11 26 23 16 12 20 32 15 14 21 19 27 3 24 28 25 31 1
28 24 17 3 15 11 19 4 16 20 23 12 7 29 31 32 2 8 9 18 21 22 25 14 13 26 30 27 10 1 6 5
8 7 19 15 1 25 2 20 9 30 27 3 24 5 6 13 11 29 14 31 12 32 28 22 21 17 10 23 18 4 26 16
15 11 26 31 5 19 1 7 17 32 20 28 30 24 4 29 14 10 18 27 9 2 6 12 25 21 23 22 16 13 8 3
13 8 3 29 18 1 10 21 20 7 28 14 25 15 9 26 17 12 6 24 27 19 31 5 16 4 32 2 22 23 30 11
32 6 12 11 19 3 7 2 30 31 4 8 15 27 28 21 22 26 29 16 20 24 23 9 25 14 5 17 1 10 13 18
29 5 9 22 13 27 17 26 28 1 21 18 20 12 32 2 10 30 31 19 3 8 16 24 15 23 14 4 6 11 25 7
20 4 31 25 28 16 11 1 15 22 7 27 8 32 13 17 12 14 30 10 26 3 9 29 19 18 2 24 5 6 21 23
12 3 2 27 9 8 22 24 26 25 14 15 6 16 23 30 31 28 20 29 4 10 17 7 21 11 18 5 13 19 32 1
22 10 11 8 17 14 32 29 31 28 30 12 18 2 6 16 23 19 13 15 25 21 4 20 26 5 1 27 7 24 3 9
2 32 31 21 22 17 15 27 7 3 11 16 14 4 25 10 8 12 19 29 6 23 18 30 13 20 5 9 26 28 1 24
3 21 29 14 24 26 18 32 20 5 2 17 31 12 30 22 4 7 1 28 23 11 16 13 6 27 19 8 25 15 9 10
32 16 24 1 13 5 2 10 3 21 17 9 30 20 22 6 14 31 26 23 15 27 12 25 8 19 29 28 18 11 7 4
26 12 6 18 2 7 30 22 13 11 9 14 25 21 27 29 28 4 8 5 24 3 10 19 31 17 20 1 15 32 16 23
10 13 12 5 19 30 21 2 29 23 7 31 15 4 9 14 20 17 16 18 27 8 6 11 24 26 28 22 3 25 1 32
21 14 24 12 4 2 25 7 30 15 18 8 22 27 17 10 31 29 19 20 6 26 9 1 16 3 32 13 5 28 23 11
13 25 17 21 11 14 15 5 23 28 4 27 10 29 1 26 24 20 6 16 8 2 18 9 32 19 12 30 22 3 31 7
25 4 26 1 7 8 32 29 28 2 22 18 5 23 16 20 17 27 10 19 11 30 13 12 3 15 14 31 21 9 6 24
16 24 1 9 28 27 19 10 6 7 17 30 14 32 11 3 29 26 15 25 12 20 31 5 13 22 18 4 2 23 21 8
3 8 10 32 15 9 18 1 17 26 20 5 31 25 24 14 21 4 11 27 2 22 30 29 12 28 19 23 6 13 7 16
8 29 6 14 16 19 23 26 7 22 27 17 18 12 25 21 11 31 13 15 9 1 4 2 5 24 30 28 32 10 3 20
11 9 3 8 5 4 22 12 27 31 14 26 24 32 6 17 2 28 30 10 20 18 23 21 15 13 16 25 7 19 29 1
28 21 10 2 12 17 16 20 31 3 23 22 8 4 13 30 18 7 1 29 32 24 19 11 9 27 15 14 26 6 25 5
10 6 11 12 21 14 17 8 16 1 25 28 26 9 31 27 32 29 7 24 5 19 15 13 22 18 3 2 4 20 23 30
19 3 31 27 25 15 7 4 11 32 21 9 20 23 22 6 8 30 12 28 17 2 14 16 5 26 10 1 29 24 13 18
16 7 4 22 17 26 11 2 29 25 31 14 30 24 3 28 12 6 18 32 21 23 8 1 19 20 5 27 13 15 9 10
15 32 26 29 23 16 20 24 3 30 7 11 28 21 12 13 18 19 31 17 25 27 10 22 6 14 1 5 2 9 8 4
13 10 1 15 18 22 3 21 9 2 11 16 6 20 30 29 4 17 26 31 23 8 12 19 24 5 28 27 7 25 32 14
22 5 9 19 24 3 2 32 6 7 30 31 15 29 16 27 10 12 1 20 26 18 17 25 8 28 14 4 21 11 13 23
26 14 29 31 17 27 18 20 1 21 9 12 25 16 4 10 23 15 2 19 3 11 6 7 13 22 24 8 28 32 30 5
28 16 22 25 20 5 10 19 15 11 2 3 7 24 13 32 14 27 8 23 4 21 26 30 31 17 12 9 29 6 1 18
32 10 12 11 1 7 3 27 30 23 21 15 22 25 8 2 31 20 18 5 9 26 28 14 16 4 29 17 13 24 6 19
2 6 19 9 18 25 15 10 20 26 27 8 5 31 1 30 28 14 13 16 17 32 29 12 22 23 21 24 3 4 7 11
21 11 28 5 7 30 19 24 23 31 4 22 14 2 6 17 20 16 12 29 32 15 25 9 8 3 18 13 1 27 26 10
19 21 31 14 23 11 17 7 24 20 30 18 10 27 12 3 29 6 16 28 2 1 8 4 26 25 32 22 5 13 9 15
8 5 4 27 21 2 30 26 29 1 11 28 14 12 3 6 22 17 9 13 23 24 18 19 32 20 16 31 10 15 25 7
15 29 9 18 2 17 11 8 13 22 25 14 19 4 31 26 7 12 20 24 21 23 16 5 3 27 10 28 6 32 30 1
29 14 1 4 12 8 25 5 21 3 23 27 18 9 32 28 24 15 7 17 11 22 19 13 6 26 20 2 31 10 16 30
10 26 29 3 5 21 16 4 28 25 2 12 6 24 1 7 17 14 18 27 20 31 13 15 9 19 23 30 22 11 32 8
3 12 22 25 24 4 23 32 7 5 18 11 28 29 17 20 2 27 30 10 6 19 9 14 31 21 15 8 26 13 1 16
26 4 27 17 25 15 7 3 11 28 31 9 10 2 30 22 21 19 29 32 12 8 23 1 13 5 14 6 16 20 24 18
13 19 12 29 28 11 20 26 31 32 9 30 22 23 27 16 14 7 8 18 3 10 4 25 24 17 2 5 15 6 21 1
28 7 6 2 4 5 21 1 27 15 22 3 30 32 9 29 24 16 10 25 26 20 13 11 19 14 12 17 18 23 31 8
16 27 17 5 9 19 22 7 6 1 14 18 20 4 13 21 23 26 31 10 8 24 15 2 11 25 30 12 28 3 29 32
2 32 11 21 16 30 20 24 17 26 31 28 15 27 4 14 12 8 6 23 25 3 10 29 22 18 5 9 1 19 13 7
22 9 26 19 13 3 32 10 16 28 17 31 5 15 11 2 8 29 6 24 23 27 30 21 12 20 18 1 4 7 25 14
12 3 28 31 11 15 18 19 23 20 22 17 7 21 25 13 32 6 2 29 8 30 14 16 5 27 1 4 10 24 26 9
11 13 1 27 25 22 2 20 9 30 7 8 26 15 16 32 29 17 31 12 5 21 18 4 19 24 10 14 6 28 3 23
22 32 24 18 4 2 7 21 13 15 9 16 25 5 6 26 17 30 10 31 20 8 12 14 3 19 28 1 29 27 23 11
29 16 6 11 17 9 19 1 24 2 25 5 18 31 22 21 10 28 13 27 4 3 26 30 15 23 14 12 7 20 8 32
16 14 27 15 5 17 22 12 3 21 20 26 31 25 24 28 7 8 29 32 2 23 9 19 6 11 1 13 18 4 30 10
28 7 17 32 16 19 21 29 26 5 14 22 10 20 23 6 18 4 1 13 27 30 31 9 8 3 12 25 2 15 11 24
15 13 10 19 24 25 32 8 29 3 2 31 5 16 28 27 4 14 11 17 23 20 6 12 9 26 18 22 21 7 1 30
10 27 19 17 2 5 25 3 13 1 18 14 15 21 8 22 11 6 20 24 12 26 4 7 31 28 30 23 16 32 29 9
8 29 22 9 18 7 11 2 6 31 23 16 14 12 3 20 28 10 27 5 17 19 30 1 26 15 32 4 13 25 24 21
32 5 12 21 28 27 30 7 24 23 11 3 25 2 17 10 20 29 8 16 6 1 15 13 18 22 14 9 26 19 31 4
19 4 9 1 13 24 23 27 20 30 31 17 7 25 11 29 26 12 16 18 2 10 8 5 22 21 28 6 15 3 32 14
3 8 5 12 9 26 10 1 23 29 17 28 14 31 6 2 27 19 7 25 11 18 32 4 16 13 20 30 22 24 21 15
18 9 27 14 4 2 17 19 29 11 30 31 6 32 28 3 21 16 1 10 26 24 25 22 12 13 15 8 5 23 7 20
21 11 6 15 23 3 16 32 17 22 7 18 26 4 9 14 8 20 30 29 25 27 19 12 31 28 10 24 2 13 1 5
26 10 4 27 7 14 32 24 1 25 22 5 31 29 16 3 12 15 11 23 21 18 13 30 19 17 2 28 6 9 20 8
28 12 11 31 5 8 15 29 16 32 27 9 30 20 22 13 4 7 2 19 26 10 23 21 24 14 1 17 3 25 6 18
12 19 29 11 1 30 7 26 15 2 25 8 20 24 23 28 32 31 13 27 3 22 17 9 6 18 5 14 4 10 21 16
29 3 10 32 25 4 2 22 27 28 30 26 18 12 8 17 7 14 20 13 5 15 16 19 9 23 24 31 21 6 11 1
2 16 19 5 13 17 18 20 31 25 11 22 15 9 3 6 28 10 30 12 4 24 14 29 32 26 21 8 1 27 23 7
10 9 1 19 18 21 11 5 30 2 20 14 22 27 12 32 24 4 6 17 8 31 28 16 26 25 15 13 7 3 29 23
21 26 24 4 12 25 22 19 9 3 2 18 28 15 13 29 17 27 8 31 6 23 10 14 5 11 16 1 32 20 30 7
18 3 17 14 11 22 19 10 26 29 23 27 5 21 30 16 31 6 9 32 12 20 25 15 8 24 2 4 13 28 7 1
8 19 31 12 17 24 23 32 3 1 14 9 30 5 4 20 21 26 29 10 2 27 6 7 13 15 18 22 28 11 25 16
3 29 22 27 24 26 17 12 30 32 18 14 10 4 25 7 11 16 31 28 5 1 19 13 15 21 20 6 2 23 9 8
13 10 1 31 2 17 16 20 28 7 14 22 6 29 24 30 26 8 18 12 21 19 9 25 11 3 5 27 15 4 32 23
11 8 26 15 9 3 10 2 27 31 21 12 22 32 1 6 20 19 7 5 25 30 28 14 16 23 29 17 4 24 13 18
2 13 28 1 23 8 21 22 7 14 31 26 20 25 6 10 29 15 16 18 4 32 17 11 12 27 19 30 3 9 24 5
15 12 24 5 21 30 25 29 13 22 4 8 28 9 27 17 10 31 2 19 20 26 18 1 32 11 16 23 6 7 3 14
22 16 9 18 1 14 10 4 31 21 2 11 19 5 13 20 28 29 12 25 6 27 23 7 3 17 30 24 26 32 8 15
19 10 6 4 7 25 2 8 15 26 20 5 31 12 32 27 18 17 30 24 3 23 16 21 9 22 28 14 29 13 1 11
21 4 26 29 5 2 15 3 1 30 28 22 7 27 24 16 8 12 6 23 17 19 14 9 13 25 10 31 18 11 32 20
12 26 3 17 13 19 18 21 16 11 22 31 10 2 4 28 23 27 20 32 9 8 29 30 24 14 1 6 5 15 25 7
29 8 4 21 18 24 22 26 9 5 17 14 20 16 12 13 2 7 27 31 23 30 32 25 11 19 15 1 10 28 6 3
2 32 10 31 17 9 30 24 3 23 11 8 14 15 1 7 27 26 18 16 25 20 6 13 22 5 21 12 28 19 29 4
28 19 29 12 16 21 7 5 17 31 30 9 15 23 25 3 4 14 1 27 20 26 8 11 6 18 24 2 22 10 13 32
11 24 12 8 9 7 25 19 23 15 14 17 18 21 3 29 32 6 13 28 2 22 10 4 31 26 20 5 1 27 30 16
10 11 27 18 2 8 16 32 9 14 7 30 26 25 6 22 12 4 29 13 23 24 31 15 5 17 19 28 21 20 3 1
22 12 31 32 11 15 19 27 26 7 25 16 30 23 8 2 14 20 29 10 9 1 4 5 18 3 28 17 13 6 24 21
15 14 28 17 25 27 21 1 7 5 18 12 6 9 23 10 20 30 8 19 11 31 13 29 26 4 2 22 32 24 16 3
8 27 19 1 12 4 23 7 29 30 17 28 25 20 22 32 2 16 31 24 3 10 18 14 9 15 5 13 26 6 11 21
29 9 1 11 4 5 2 8 28 26 27 3 31 32 30 14 18 7 12 10 6 15 17 16 19 24 21 25 22 13 23 20
16 13 2 14 24 17 11 3 6 21 31 27 7 15 12 29 32 8 9 23 26 5 28 25 22 19 30 1 10 4 20 18
18 32 29 4 2 3 17 5 23 28 9 26 20 16 13 30 14 19 27 25 8 10 6 21 31 22 15 12 7 24 1 11
3 24 11 9 16 30 22 20 7 32 18 5 19 25 6 10 26 17 8 31 4 27 14 29 12 13 23 2 1 28 21 15
26 3 4 19 25 9 15 21 6 11 23 12 14 2 24 7 28 10 20 18 17 32 29 22 13 5 1 30 16 27 31 8
13 8 31 29 11 19 10 2 26 1 7 17 15 12 3 20 27 6 30 5 25 24 32 9 18 4 14 22 28 23 21 16
10 12 6 5 13 2 25 22 1 23 28 26 30 27 9 32 8 31 11 16 21 19 4 14 15 3 18 17 29 7 24 20
19 24 12 21 17 15 18 10 29 25 20 16 6 4 27 22 26 14 13 28 11 30 31 1 8 23 2 9 5 3 7 32
8 14 19 31 24 26 3 32 13 22 2 18 28 21 25 30 23 12 29 17 27 1 16 7 6 11 10 5 15 20 9 4
22 13 17 8 4 19 2 1 31 15 25 30 10 5 32 14 7 20 18 24 12 3 23 21 16 26 29 27 28 9 6 11
18 10 5 27 21 8 7 19 15 2 20 11 25 16 17 3 4 28 1 13 23 26 9 29 31 24 14 12 22 6 30 32
8 27 12 32 18 21 19 4 24 11 2 3 28 23 13 14 20 26 7 17 6 22 10 15 5 25 30 31 16 9 29 1
15 11 9 19 7 4 3 24 16 28 22 14 20 5 25 2 17 12 10 29 8 30 31 21 26 27 1 6 13 32 23 18
26 4 11 9 17 3 16 10 13 22 14 8 25 20 27 29 7 30 18 12 6 31 15 5 19 23 28 2 32 24 1 21
13 24 27 21 5 14 18 8 28 7 17 9 10 2 4 22 12 29 6 31 3 23 26 16 32 25 20 30 1 19 11 15
2 10 5 8 21 7 17 12 20 29 25 15 19 4 32 30 26 27 31 28 11 18 23 1 13 14 24 22 6 3 9 16
11 14 22 12 28 9 21 32 3 25 4 30 18 29 24 26 31 17 1 27 2 15 10 13 6 19 23 5 7 20 16 8
12 19 2 27 1 24 30 26 23 20 31 28 5 32 17 6 14 16 29 18 4 3 13 25 11 22 15 9 21 10 8 7
19 16 10 31 23 25 32 20 29 30 21 11 26 12 22 27 4 14 7 24 17 1 8 9 5 13 2 28 18 15 6 3
28 32 29 15 24 27 22 1 31 14 30 16 6 21 8 17 23 19 2 25 12 20 9 4 3 18 10 13 26 11 7 5
22 29 28 32 12 30 23 27 17 26 9 18 31 25 1 10 2 15 13 19 5 24 16 7 8 11 21 4 3 6 20 14
