9028 7230 7507 7750 6970 6748 5865 6031 5344 5003 4505 4063 2921 2787 1747 1879 1709 1501 1217 949 1138 903 683 712 622 627 590 515 421 388 325 290 230 245 166 172 169 144 109 100 89 86 60 52 49 42 43 34 31 28 27 24 21 15 14 11 9 8 8 7 5 4 4 3 4 3 2 2 2 2 1 1 1 1 1 1 1 1
2 10 13 5 8 6 3 7 9 12 11 1 14 4
4 3 5 9 7 12 1 13 14 11 10 8 2 6
12 9 14 7 3 5 6 10 2 4 8 13 1 11
1 5 8 14 11 13 4 3 9 2 12 10 6 7
7 12 11 13 14 9 2 8 4 10 1 6 5 3
13 8 3 11 1 2 10 14 12 6 5 7 4 9
3 6 13 1 2 8 12 9 7 5 14 4 11 10
10 1 4 8 13 11 14 6 5 7 3 2 9 12
8 7 2 12 10 3 9 5 6 14 4 11 13 1
11 2 1 6 12 7 5 4 13 8 9 3 10 14
9 11 6 10 4 14 13 12 1 3 7 5 8 2
14 4 9 2 8 1 7 13 10 11 6 12 3 5
5 14 12 4 6 10 11 1 3 13 2 9 7 8
1 13 7 9 5 4 8 11 3 12 10 14 2 6
4 9 10 3 7 8 6 2 11 5 13 12 14 1
4 3 10 1 9 2 7 5 14 6 8 11 12 13
6 10 5 4 2 9 12 7 11 1 13 3 14 8
6 14 1 12 7 5 8 3 2 9 10 4 11 13
13 3 4 8 6 14 2 12 10 5 7 9 1 11
2 12 11 6 8 3 5 13 14 7 1 9 10 4
14 9 5 10 3 7 1 11 8 4 2 6 12 13
12 5 2 7 9 8 14 4 3 10 11 1 13 6
9 13 14 3 5 11 10 1 7 2 6 8 4 12
8 4 9 11 1 3 7 6 10 13 12 5 2 14
5 1 10 2 13 6 11 12 4 9 3 14 7 8
3 12 1 13 11 14 6 8 9 7 10 2 5 4
7 8 3 5 9 11 4 14 12 10 13 1 6 2
2 13 11 6 7 4 5 1 3 8 14 12 10 9
4 2 8 3 6 13 12 5 7 14 1 9 11 10
12 5 13 10 2 9 1 6 8 14 4 7 3 11
9 4 6 12 1 7 13 10 5 2 11 8 14 3
13 10 14 4 5 11 2 12 6 9 7 3 8 1
6 14 7 11 8 1 2 10 4 13 3 5 9 12
5 7 9 1 4 13 11 8 14 12 6 10 2 3
7 9 4 8 11 6 13 3 2 5 12 14 1 10
8 11 2 3 12 7 1 4 9 10 13 5 6 14
2 1 4 12 3 8 14 9 13 6 10 7 5 11
4 9 7 13 6 5 12 11 2 8 1 14 3 10
3 11 5 10 2 9 13 14 4 7 12 6 8 1
12 8 9 1 13 3 6 7 10 2 14 11 4 5
13 14 6 2 4 11 5 3 1 9 7 8 10 12
6 13 10 7 8 1 2 5 3 4 11 9 12 14
4 7 10 14 5 11 8 12 9 13 6 2 1 3
14 12 3 6 11 1 13 9 5 2 8 10 7 4
12 10 13 7 2 9 11 8 4 6 14 3 1 5
8 2 13 4 9 6 14 10 11 5 3 1 7 12
5 9 3 2 12 14 8 6 7 10 13 11 4 1
1 12 5 6 3 7 11 4 10 13 9 2 8 14
13 2 14 3 10 4 5 12 1 6 7 8 11 9
3 4 5 8 7 13 6 14 11 12 1 2 9 10
8 2 13 1 11 5 12 6 14 7 4 9 10 3
4 13 9 10 2 3 1 11 5 8 12 7 14 6
2 8 3 5 12 11 13 1 9 14 6 10 7 4
1 9 14 8 5 7 11 4 13 2 10 6 3 12
14 1 13 6 9 8 2 10 11 4 7 3 5 12
12 9 10 14 13 6 4 8 2 7 3 1 11 5
12 10 14 6 7 13 2 5 4 9 11 8 1 3
5 12 4 2 3 6 8 11 1 13 9 7 14 10
1 10 6 4 8 3 2 14 5 7 13 11 12 9
12 1 5 2 6 7 13 9 11 4 10 3 8 14
3 9 7 13 11 14 5 1 2 6 12 8 10 4
14 10 12 3 7 9 1 8 13 2 6 11 4 5
14 2 7 1 8 4 11 12 13 5 9 6 3 10
5 14 2 13 4 8 12 11 3 9 10 7 6 1
8 12 7 5 2 14 1 4 9 13 11 10 6 3
3 1 10 4 11 13 8 5 2 14 7 12 9 6
4 13 5 8 10 3 6 9 11 2 14 1 7 12
9 8 2 13 7 4 11 10 3 12 1 6 5 14
14 2 4 1 3 9 12 6 8 5 13 7 10 11
5 13 2 4 10 1 6 14 12 7 3 11 8 9
2 10 12 3 4 7 13 9 14 8 6 1 11 5
1 14 12 10 2 3 5 11 13 8 7 9 4 6
1 2 14 3 11 4 13 5 8 9 12 7 10 6
3 8 7 2 6 13 5 1 4 12 10 9 11 14
14 4 5 1 3 6 2 12 9 10 7 11 8 13
9 1 14 5 13 8 11 10 3 2 6 7 4 12
2 10 13 8 4 3 12 9 11 6 14 1 7 5
12 14 10 13 7 5 8 11 2 4 1 6 3 9
