9042 8848 8369 7383 7231 6783 6400 5426 4930 4479 3641 3525 2805 2726 1680 1791 1538 1515 1510 1436 1296 1071 927 849 559 565 488 493 272 323 285 280 224 181 155 144 124 104 92 76 60 47 49 40 30 32 24 22 16 18 13 12 10 9 7 7 6 5 4 4 2 3 2 2 2 2 1 1 1 1 1 1
1 5 11 2 12 6 10 9 4 7 8 3 13
10 9 1 11 13 12 2 8 5 3 7 6 4
2 10 9 8 6 11 1 4 3 5 13 12 7
6 4 8 9 2 10 13 3 7 1 11 5 12
4 6 10 7 11 5 3 1 8 13 12 9 2
12 11 13 6 5 8 7 2 10 4 1 3 9
3 8 7 2 9 1 4 13 11 12 5 10 6
7 12 2 3 10 9 5 11 13 6 4 8 1
13 5 3 12 7 4 8 10 6 9 2 1 11
5 7 6 4 8 13 12 9 1 2 3 11 10
8 1 5 13 4 7 11 12 2 10 9 6 3
9 3 4 5 1 6 10 7 12 11 13 2 8
11 9 12 1 10 3 6 5 7 8 2 13 4
4 2 5 11 13 12 9 8 3 1 6 7 10
1 13 4 10 2 11 6 12 9 3 7 8 5
12 9 2 1 7 8 3 5 4 6 10 11 13
2 13 1 8 3 10 11 6 5 12 9 4 7
1 7 6 5 12 11 2 10 9 8 4 13 3
6 3 10 9 11 2 13 5 4 7 8 1 12
12 1 7 13 8 4 6 11 3 5 10 9 2
7 8 3 11 1 5 4 9 2 12 6 10 13
8 4 9 10 12 7 5 6 11 13 3 2 1
9 13 12 4 7 10 8 2 5 3 1 6 11
11 10 8 1 2 13 12 3 9 4 7 6 5
5 2 13 12 11 6 7 4 10 1 9 3 8
5 13 9 3 4 6 1 8 10 7 11 2 12
9 2 6 8 3 4 10 12 11 1 13 7 5
3 9 1 12 6 8 2 10 7 5 4 13 11
2 11 13 9 10 3 5 1 8 6 7 4 12
13 5 2 10 9 12 6 11 4 8 1 3 7
4 7 8 3 5 13 9 1 2 11 12 10 6
6 11 4 7 12 3 8 2 10 13 5 9 1
7 10 6 9 13 11 4 12 5 2 3 1 8
5 12 13 6 11 2 7 1 4 3 8 9 10
8 4 3 11 10 12 9 7 2 6 1 13 5
4 1 10 7 8 9 5 6 3 12 2 11 13
13 2 9 5 6 10 12 11 8 4 7 1 3
5 8 13 9 4 3 10 12 7 11 6 2 1
8 5 6 12 3 11 4 10 9 1 13 7 2
2 12 7 3 5 13 9 1 10 8 6 4 11
6 9 2 8 3 1 13 4 5 12 11 7 10
11 13 12 1 4 9 5 8 3 6 7 10 2
3 11 4 10 9 2 7 6 8 12 1 13 5
5 8 3 12 6 9 2 7 10 4 11 1 13
12 10 9 13 8 11 1 4 7 6 5 2 3
6 13 4 9 10 12 5 1 2 11 8 3 7
13 3 7 1 6 4 8 10 5 2 12 9 11
5 3 9 12 7 13 2 11 4 1 6 10 8
11 9 10 7 4 3 12 6 8 5 13 2 1
12 8 13 10 5 1 4 3 7 6 11 9 2
3 7 2 13 12 8 1 9 10 4 6 11 5
4 11 12 2 8 10 13 9 3 1 7 6 5
12 4 9 8 11 6 10 7 2 5 13 1 3
8 5 7 9 13 3 1 6 4 11 12 2 10
2 13 6 8 7 1 12 4 10 3 5 9 11
11 9 12 5 6 4 10 3 8 2 7 13 1
6 7 4 1 11 9 2 3 5 8 12 10 13
9 12 10 13 8 2 1 4 5 3 6 7 11
13 3 1 2 9 10 12 4 7 6 5 11 8
5 10 2 9 12 8 7 6 3 11 13 4 1
11 8 13 10 9 12 5 1 6 4 7 3 2
9 4 7 5 6 13 8 3 10 11 12 1 2
11 12 6 10 13 1 5 9 8 4 2 7 3
13 8 4 7 10 9 12 11 2 6 5 3 1
5 3 13 9 7 12 10 4 6 2 1 11 8
4 7 12 13 8 10 2 11 5 1 3 9 6
8 11 10 5 12 6 7 9 4 3 2 1 13
12 10 9 3 11 5 7 1 4 8 13 6 2
13 12 9 8 11 3 5 6 2 4 7 1 10
12 9 6 5 13 4 1 2 10 8 7 3 11
11 10 4 7 5 1 12 9 8 3 6 2 13
9 11 10 2 12 6 8 1 7 5 13 4 3
