0.18405461447949834 0.14123122233991633 0.14279112750607814 0.11382376826853578 0.0966221917654898 0.04885768607759348 0.02959398697836398 0.030497676324842227 0.041512458662074266 0.043713988455139276 0.014717980478686655 0.02787101049464956 0.016211788434728355 0.019829086544460195 0.011420101193512002 0.009057130158968361 0.012907672350810195 0.007209661377958573 0.008076848108694443
3 1 4 2 7 5 6
1 2 6 7 3 4 5
2 6 4 1 5 3 7
4 7 5 3 6 1 2
7 5 1 6 4 2 3
6 3 2 5 1 7 4
5 4 3 1 2 6 7
1 3 7 4 6 2 5
1 2 3 6 5 7 4
3 7 1 2 4 6 5
2 4 7 6 3 5 1
7 4 3 5 1 2 6
4 2 5 3 7 6 1
5 6 4 2 3 1 7
2 3 1 7 6 5 4
3 6 2 4 7 1 5
7 2 4 6 1 5 3
4 3 1 7 2 5 6
1 4 5 3 7 2 6
