0.1657958590770432 0.12730988266983403 0.12466557522905726 0.09550880251065813 0.09755238516823189 0.024348885785966553 0.048373103605210604 0.042640283640720006 0.05426263419660689 0.04388606488249732 0.03618102845668898 0.011285161954469693 0.021206114383541835 0.02459064588801098 0.022338806386491383 0.011813402517190598 0.017458423467722476 0.011259523532686649 0.010561142910645607 0.005572491254205706 0.0033897824825202955
6 3 4 1 2 7 5
3 7 2 6 4 5 1
7 2 1 3 5 6 4
4 1 7 5 3 2 6
1 6 5 4 7 3 2
5 3 6 2 1 4 7
2 4 3 7 6 1 5
6 5 7 2 1 4 3
3 4 5 6 1 2 7
5 1 2 6 7 4 3
4 7 6 3 5 1 2
5 2 1 7 4 6 3
7 6 4 3 5 2 1
6 4 1 2 3 5 7
1 2 7 3 4 6 5
7 5 3 1 4 6 2
3 2 1 7 5 4 6
7 1 6 4 2 3 5
4 3 2 5 7 6 1
7 3 4 6 1 5 2
5 7 4 2 1 3 6
