0.19390216521498627 0.16621473297584005 0.10260940112828844 0.11540874687102604 0.08190216499769712 0.032237208242406945 0.06500506583400116 0.07009344341298326 0.02927147199579767 0.03609463408551373 0.028053041648616713 0.019707687176914977 0.021799896986124605 0.014717819284808477 0.01196312941067101 0.006513121283192622 0.004506269451130976
3 2 4 5 1 6
5 1 6 3 4 2
6 5 3 4 2 1
1 4 2 6 3 5
4 5 1 2 6 3
2 6 5 1 3 4
5 3 4 2 6 1
3 6 5 4 1 2
6 3 1 2 5 4
6 1 4 3 2 5
2 1 3 5 4 6
1 5 4 6 2 3
2 5 6 3 1 4
3 6 2 5 4 1
5 4 3 1 2 6
4 1 6 5 3 2
6 1 5 2 3 4
