0.22290777524143782 0.22453463605153845 0.21892909440579708 0.10080992396009429 0.0054155103164507026 0.004519643561011855 0.03295272497836884 0.005946467572535522 0.004281406218755084 0.06181628054894994 0.027676694825417687 0.02958479432616046 0.030421534363757333 0.03020351362972492
4 1 8 3 2 7 5 6
5 3 4 7 8 6 2 1
8 3 2 6 4 5 1 7
3 7 8 1 6 2 5 4
5 1 6 3 8 7 2 4
3 1 4 5 2 7 8 6
5 1 7 3 4 6 2 8
5 4 2 3 8 7 1 6
2 1 4 3 8 5 6 7
3 1 8 4 2 7 5 6
5 1 2 3 6 7 8 4
3 2 7 1 8 5 6 4
3 7 2 1 4 5 8 6
5 1 4 3 7 2 6 8
