2003 1286 1347 1084 887 646 512 417 432 349 171 184 166 142 113 89 41 28 23 24 11 13 9 7 5 4 3 2 1 1
4 3 7 5 1 6 2
1 4 6 2 5 3 7
6 1 5 4 7 2 3
5 2 3 7 6 4 1
7 4 2 3 5 1 6
3 5 6 1 2 4 7
5 1 4 6 7 3 2
3 6 7 5 4 2 1
4 2 1 3 6 5 7
1 4 2 5 7 3 6
5 3 7 6 4 1 2
5 7 4 1 2 6 3
3 7 5 4 6 1 2
2 3 5 6 4 7 1
4 3 2 1 6 5 7
7 6 4 5 3 1 2
1 7 6 4 2 3 5
1 7 4 6 2 3 5
2 4 3 6 7 5 1
7 5 2 1 6 3 4
2 7 6 1 4 5 3
5 6 2 1 4 7 3
4 3 1 6 2 7 5
2 3 4 6 7 5 1
2 5 1 6 3 7 4
7 4 6 1 2 5 3
7 6 2 1 3 5 4
4 2 6 5 7 3 1
4 5 2 6 7 3 1
7 4 1 6 3 5 2
