9437 8093 8535 7340 7093 5849 6174 6243 5081 4449 3894 3247 3154 2671 2191 1670 1818 1529 1307 1270 1079 846 1002 815 706 525 489 472 386 349 324 261 259 152 161 144 140 118 90 89 70 69 41 48 46 34 29 27 27 21 21 19 15 12 13 10 7 6 5 4 4 3 3 2 2 2 1 1 1 1 1 1 1 1
4 11 7 1 2 13 9 10 8 5 6 3 12
7 3 9 13 11 2 10 1 5 12 8 4 6
1 13 12 6 7 10 8 4 9 5 2 11 3
10 9 5 4 3 12 6 13 11 2 1 8 7
9 11 8 10 2 5 12 7 13 3 4 6 1
12 3 10 11 4 1 2 6 7 8 5 13 9
11 8 2 7 10 9 5 3 4 1 13 12 6
5 7 13 3 6 4 11 1 8 10 12 9 2
2 12 3 9 5 7 1 11 6 13 10 4 8
13 4 6 1 8 3 7 5 2 12 9 10 11
8 1 9 2 13 11 3 12 10 6 7 5 4
6 2 4 8 9 5 13 10 1 11 3 7 12
3 13 11 12 1 6 4 9 7 8 5 2 10
6 10 1 4 12 13 7 2 3 9 8 11 5
9 6 10 5 4 8 3 2 12 7 11 1 13
7 5 8 11 13 2 1 12 3 4 9 6 10
3 9 5 8 11 1 6 10 12 2 4 13 7
4 13 6 11 10 9 2 8 1 5 7 3 12
2 5 1 12 8 4 9 6 13 10 3 7 11
11 1 9 7 2 12 10 5 4 3 13 6 8
12 2 3 1 7 10 13 4 5 11 6 8 9
8 9 2 4 3 1 5 11 6 12 7 10 13
7 10 6 2 9 13 3 8 11 4 12 1 5
6 12 8 10 1 9 5 4 2 13 11 7 3
3 5 4 6 11 12 9 13 8 7 1 2 10
13 6 2 7 5 8 11 1 9 12 10 3 4
5 11 13 9 7 6 10 12 2 3 4 8 1
2 7 12 5 10 4 1 9 3 6 8 13 11
4 13 5 3 11 2 12 10 6 1 9 7 8
8 6 2 11 5 10 1 3 4 9 7 12 13
12 1 3 9 4 6 7 5 13 8 11 10 2
9 8 1 5 12 11 13 6 7 10 3 2 4
4 12 9 2 8 1 11 13 5 7 6 3 10
6 5 12 3 7 8 4 11 2 10 13 1 9
11 4 13 6 3 2 5 10 8 12 7 9 1
13 2 5 7 8 12 6 11 9 1 4 10 3
2 6 10 3 1 4 7 13 11 5 12 8 9
8 5 2 10 11 6 4 1 3 12 9 7 13
9 4 12 11 3 8 6 5 7 10 13 1 2
7 11 4 8 2 10 13 12 9 6 3 5 1
11 9 3 5 7 12 10 6 2 8 1 13 4
5 8 13 6 9 11 1 3 12 2 7 4 10
3 13 5 7 10 8 2 1 6 4 12 9 11
5 2 9 3 12 10 11 6 8 7 13 1 4
2 1 12 10 7 8 5 11 3 4 6 13 9
3 6 2 7 4 13 10 12 5 1 8 9 11
8 13 1 2 5 11 12 9 6 10 4 7 3
9 8 10 6 7 11 2 5 13 12 4 3 1
11 9 4 8 1 12 13 3 7 6 2 10 5
13 11 3 7 4 6 10 9 1 8 12 5 2
3 2 8 11 12 10 6 13 5 7 1 4 9
13 5 9 6 2 4 1 12 3 10 7 8 11
7 1 6 2 10 12 11 4 8 13 5 9 3
4 10 8 9 7 11 12 5 13 1 6 3 2
7 12 3 8 5 13 4 1 6 11 2 10 9
11 4 10 5 1 12 3 6 7 9 13 8 2
4 13 2 10 11 6 7 5 1 8 12 9 3
2 6 10 5 12 4 8 11 3 13 9 7 1
12 8 9 7 4 11 3 6 5 2 1 13 10
8 6 12 2 11 4 7 9 1 5 13 3 10
5 11 2 9 10 8 12 1 13 6 7 3 4
3 13 4 10 2 6 11 12 8 7 9 5 1
9 2 10 3 11 12 8 4 7 1 6 13 5
2 8 6 7 4 11 5 9 1 12 13 10 3
9 11 3 5 12 6 1 13 8 2 7 4 10
3 5 9 11 1 6 7 10 13 12 2 8 4
5 13 12 2 7 8 11 4 6 1 3 9 10
2 1 8 5 9 4 12 10 6 7 3 13 11
8 6 12 2 4 13 3 9 5 11 1 7 10
8 6 2 9 4 11 5 3 12 7 13 10 1
12 13 4 3 2 8 11 5 6 1 7 9 10
13 1 9 8 5 6 2 4 3 10 12 7 11
9 12 8 7 11 10 3 13 1 2 6 4 5
11 2 6 10 7 4 12 1 13 8 9 5 3
