0.15148706361975242 0.13726289301262196 0.10977173861990264 0.09909598238244773 0.07587310665106865 0.07187310164120807 0.0625783409379351 0.022211567584107923 0.035064765869189836 0.03897167127880472 0.04046553455267123 0.02500838369926464 0.011782534141531523 0.019083690352738224 0.010705176260030196 0.018860691606190902 0.015883774044641082 0.011175206632741075 0.010675426475489396 0.00809202284699517 0.006153555818950481 0.0066935097600737585 0.004773700815544717 0.003639016776997361 0.0028175446191012494
8 2 3 5 1 6 4 7
4 3 2 7 5 8 1 6
3 6 4 2 7 5 8 1
5 1 8 4 6 7 2 3
2 5 1 6 3 4 7 8
7 8 6 1 2 3 5 4
1 4 7 3 8 2 6 5
6 7 5 1 4 8 3 2
7 5 2 8 1 6 3 4
3 2 5 7 6 1 4 8
4 6 3 2 1 8 5 7
5 8 1 6 3 7 4 2
1 2 8 4 3 5 7 6
7 2 6 1 4 5 8 3
6 5 7 2 8 3 4 1
5 6 2 4 1 3 7 8
2 3 5 6 7 8 4 1
4 5 8 1 2 6 7 3
8 5 4 3 1 7 2 6
3 8 1 2 4 5 6 7
8 2 7 1 5 6 3 4
7 1 3 2 6 5 8 4
1 5 2 4 3 6 8 7
7 4 8 6 5 2 3 1
7 2 4 1 3 8 6 5
