12309 8749 8417 8976 6888 7141 6297 5656 5290 4716 3713 2624 2823 2085 1876 1590 1315 1318 984 946 830 612 500 487 534 466 482 330 285 241 201 221 171 129 123 112 62 63 63 59 47 38 33 32 21 19 18 18 14 13 9 8 8 7 5 5 3 3 3 2 2 2 1 1 1 1 1 1
10 9 4 11 2 7 12 3 6 8 1 5
1 6 8 10 4 3 5 7 11 2 9 12
6 2 1 3 12 9 11 8 10 4 5 7
2 10 12 7 11 1 9 8 4 5 6 3
11 8 5 1 3 4 2 10 7 12 9 6
4 1 10 5 9 6 3 7 12 11 8 2
1 5 9 2 10 12 7 11 3 6 4 8
7 8 11 4 1 2 10 6 5 3 12 9
12 7 3 9 6 5 4 2 8 1 11 10
3 11 2 10 8 9 6 12 1 7 5 4
10 12 7 6 4 11 5 1 2 9 3 8
5 3 6 8 7 10 1 4 9 12 2 11
11 4 8 3 5 2 12 9 6 10 7 1
9 3 6 11 7 8 1 5 2 4 10 12
8 4 10 1 12 11 7 5 6 3 2 9
5 7 2 6 3 12 10 1 9 11 8 4
9 6 11 2 5 4 8 12 1 7 3 10
10 12 1 8 11 3 6 2 7 4 9 5
7 5 9 4 12 2 3 8 11 1 6 10
12 11 5 1 2 8 4 9 3 10 7 6
3 2 7 12 9 10 8 1 6 5 11 4
2 1 11 5 7 3 6 4 9 12 8 10
8 9 3 6 4 7 2 12 11 1 10 5
6 3 5 11 12 4 9 8 1 7 10 2
2 10 9 3 11 5 1 7 4 6 8 12
8 1 10 5 9 6 11 2 3 12 4 7
6 4 11 1 5 9 7 8 2 10 12 3
10 7 4 12 2 1 8 3 11 9 6 5
7 2 10 8 3 4 5 12 6 11 1 9
3 12 7 9 4 8 11 6 1 5 10 2
5 6 7 8 2 12 1 9 11 10 3 4
8 5 2 6 11 1 9 4 12 3 7 10
12 10 1 7 3 5 2 4 9 11 8 6
10 9 5 11 1 2 12 3 8 6 4 7
3 4 8 2 10 7 6 9 5 1 11 12
7 2 9 12 8 6 11 3 1 10 5 4
2 6 10 11 7 9 1 4 8 5 3 12
10 5 8 9 4 7 12 2 11 1 3 6
12 6 4 8 1 9 2 5 3 11 10 7
5 7 10 11 12 4 8 2 6 3 1 9
2 5 10 4 7 11 1 8 12 6 9 3
3 12 8 9 4 2 6 7 11 1 10 5
6 4 5 7 8 10 2 3 11 9 1 12
3 2 4 6 10 12 11 8 5 7 9 1
12 10 7 2 5 6 8 4 1 11 3 9
2 7 1 5 4 11 9 6 12 3 8 10
10 6 2 7 9 1 11 12 8 4 5 3
6 9 11 1 10 5 8 2 3 4 12 7
10 12 5 2 7 4 6 3 1 11 8 9
7 10 8 9 12 6 2 4 11 3 5 1
1 4 2 5 3 11 9 6 8 7 10 12
10 1 4 6 8 9 12 3 2 7 11 5
8 4 11 3 9 10 1 12 5 6 7 2
1 5 8 2 7 4 11 6 12 9 3 10
6 10 1 5 4 7 9 2 8 11 3 12
10 1 4 6 12 5 8 7 3 9 11 2
7 6 2 9 5 11 12 8 3 1 10 4
10 9 4 8 7 11 6 3 2 1 12 5
6 12 5 4 1 9 2 8 3 11 7 10
2 5 7 11 4 6 9 12 8 1 10 3
5 10 1 7 8 9 12 4 2 6 11 3
2 1 11 3 5 9 6 7 12 4 8 10
7 2 5 8 9 6 11 4 1 3 10 12
10 6 9 2 8 7 4 3 1 11 12 5
2 10 8 1 4 6 9 12 5 3 11 7
5 4 2 11 9 12 1 3 8 6 10 7
10 2 1 9 12 7 4 6 11 3 8 5
6 9 7 2 1 11 8 4 5 10 3 12
