1555 1307 1148 1004 826 616 564 502 321 284 284 263 206 207 134 119 117 90 72 68 58 53 40 30 22 23 16 14 14 10 5 7 4 5 3 3 1 1 1 1 1 1
3 7 9 2 5 1 4 8 6
6 4 3 5 1 8 7 2 9
5 6 1 9 2 7 3 4 8
4 3 8 7 6 2 1 9 5
1 7 5 6 4 9 8 3 2
3 5 2 4 8 6 9 1 7
2 1 7 3 9 4 5 8 6
1 9 4 8 6 5 2 7 3
8 2 6 5 7 9 4 3 1
9 1 4 2 3 8 6 5 7
5 2 6 1 3 9 8 7 4
4 6 5 8 2 7 1 9 3
7 5 3 9 4 2 6 8 1
7 4 2 5 8 6 3 1 9
9 8 7 3 1 5 2 4 6
5 1 3 4 7 8 9 6 2
8 2 9 1 4 3 5 6 7
6 8 7 3 9 4 1 2 5
4 3 9 2 7 5 6 1 8
8 5 3 2 6 7 9 4 1
4 7 6 3 1 9 5 2 8
5 6 7 4 8 1 9 2 3
6 7 9 5 3 8 1 2 4
9 3 5 7 6 8 2 4 1
6 1 2 5 4 9 8 3 7
8 9 7 2 3 1 6 4 5
9 5 2 4 1 6 3 8 7
6 1 5 9 7 3 2 8 4
4 3 2 8 9 6 5 1 7
7 6 4 1 2 3 9 8 5
5 6 2 3 7 9 8 1 4
9 4 5 7 2 1 8 6 3
5 7 9 2 3 8 6 1 4
8 9 7 2 4 3 1 6 5
5 8 2 1 7 9 6 3 4
5 7 4 3 1 9 2 6 8
7 3 5 8 9 6 2 1 4
8 5 2 3 7 9 6 1 4
6 4 5 2 9 3 1 8 7
5 7 2 1 3 9 6 8 4
9 4 5 8 6 7 2 1 3
4 3 2 7 9 1 8 6 5
