53365 52661 49841 44417 35516 34820 35516 33530 30649 31487 27991 28075 24878 21717 21301 20631 20746 20350 19221 19100 18556 16209 16419 15631 13870 12457 13768 11217 11217 11217 9954 9868 8901 8932 8196 8190 7828 7226 7178 6088 6086 5771 6047 5539 5197 5274 4914 4854 4630 3775 4134 3949 3868 3515 3854 3189 3027 2999 2671 2719 2654 2420 2567 2233 2137 2181 1913 2071 1985 1839 1774 1701 1528 1603 1358 1313 1426 1288 1320 1243 1259 1149 1127 1021 971 977 935 897 802 791 805 716 702 679 681 655 586 526 583 509 526 504 457 461 436 407 387 377 349 372 338 318 320 301 271 259 241 254 220 202 194 211 180 196 163 167 173 166 158 148 153 144 143 133 122 117 119 111 111 102 93 88 86 88 84 79 76 74 70 61 62 55 59 55 55 49 51 44 44 40 42 39 39 36 35 33 34 29 26 27 28 26 26 23 22 23 22 22 19 18 16 16 17 15 16 14 14 14 14 14 13 11 11 11 10 9 10 9 9 9 8 8 7 7 7 6 6 6 6 5 5 5 5 5 4 4 4 4 4 4 3 3 3 3 3 3 3 2 2 2 2 2 2 2 2 2 2 2 2 2 1 1 1 1 1 1 1 1 1 1 1 1 1 1 1 1 1 1 1 1 1 1 1 1 1 1 1
26 38 60 57 10 20 64 30 14 40 36 35 28 47 25 6 49 1 31 45 61 24 15 21 23 29 50 12 4 32 22 34 37 59 13 41 51 46 19 53 11 56 52 39 54 44 5 3 9 17 43 33 55 18 62 48 42 63 7 58 16 2 8 27
16 4 23 2 59 20 17 46 1 40 43 39 36 44 51 14 45 42 41 15 37 21 53 10 6 24 52 64 19 12 22 55 49 11 33 50 60 54 9 8 34 13 47 57 62 7 58 28 56 25 61 3 48 5 30 18 32 63 27 29 38 35 26 31
51 32 6 16 48 8 40 35 42 21 2 57 24 29 11 17 10 33 54 7 64 50 4 60 59 15 56 30 9 49 47 44 13 46 5 39 62 28 43 52 63 45 34 18 23 12 61 14 22 3 38 1 36 25 27 19 53 58 37 31 41 55 20 26
11 46 54 53 24 58 18 61 22 59 37 10 3 9 57 43 62 50 1 45 30 34 25 6 23 19 48 64 38 28 16 21 51 15 13 41 39 63 52 40 47 31 55 20 14 8 44 29 56 17 12 7 42 5 60 2 49 26 33 35 32 4 27 36
33 44 49 15 62 64 31 8 13 43 18 40 55 54 32 60 19 58 7 25 28 42 11 30 24 35 45 17 20 59 56 12 38 1 61 46 50 27 48 22 57 41 21 14 4 53 16 5 9 36 6 51 26 10 37 47 63 52 23 39 3 2 34 29
46 57 27 37 54 38 61 58 2 6 55 48 62 42 4 19 53 1 31 15 39 33 8 3 43 24 10 63 56 36 32 7 47 18 26 45 60 28 23 30 41 51 52 17 44 59 20 25 11 22 9 49 29 34 21 14 50 5 16 13 40 35 12 64
15 49 63 24 3 8 56 29 19 22 35 13 28 58 62 12 9 31 41 45 7 47 20 48 26 61 4 40 32 27 44 50 53 54 17 36 51 33 21 57 14 6 59 16 1 55 5 10 64 2 46 43 11 37 25 34 42 39 60 23 38 30 18 52
32 17 16 52 10 59 55 22 15 18 8 51 45 4 31 60 35 38 28 58 3 24 61 14 37 56 13 39 64 30 42 54 26 33 43 23 40 34 19 44 20 21 36 1 9 49 27 62 47 6 29 41 50 11 48 5 46 25 12 7 2 53 63 57
36 2 42 38 32 20 25 37 64 30 40 4 24 53 10 51 23 34 9 63 16 35 47 21 55 12 62 28 49 48 11 59 3 22 39 13 50 58 17 8 5 19 61 27 18 1 54 44 46 57 43 52 33 26 56 60 31 14 6 15 41 7 45 29
61 10 46 11 57 14 54 21 51 49 52 56 22 37 27 59 20 4 60 17 31 25 32 7 29 41 45 30 63 15 24 48 16 34 13 9 36 6 47 42 40 58 44 12 35 2 55 43 19 38 23 5 26 28 64 62 50 3 8 39 18 1 33 53
26 64 48 10 35 5 59 30 63 42 37 33 11 24 39 3 16 20 61 25 23 6 2 57 50 44 8 32 54 40 43 45 34 17 14 7 38 46 1 58 36 9 21 19 12 62 49 53 41 27 28 29 52 51 13 22 18 56 15 31 47 60 55 4
21 38 33 14 1 6 64 16 32 24 62 9 37 20 25 56 13 51 47 26 49 19 5 4 60 31 36 17 59 28 7 35 29 11 41 53 22 3 57 52 48 63 10 42 54 50 46 34 2 58 44 23 55 12 8 27 40 15 30 43 39 18 45 61
17 58 14 15 52 61 31 59 26 10 34 22 25 35 7 32 12 36 13 3 4 39 42 49 62 24 63 38 40 41 48 21 46 44 64 37 56 8 60 53 33 28 23 54 2 47 5 11 18 45 6 16 50 20 9 30 43 57 55 29 1 51 19 27
55 43 59 13 30 33 52 1 11 3 18 14 60 23 38 35 50 19 26 22 39 2 8 15 54 10 6 20 53 42 40 27 41 25 4 29 17 63 64 9 57 47 56 7 24 37 44 28 36 21 46 12 49 5 16 45 32 51 58 48 34 61 62 31
33 9 15 10 56 42 41 34 37 62 6 30 47 25 45 52 59 12 38 7 51 55 58 11 43 27 50 57 24 29 2 36 1 60 31 17 5 54 28 39 64 21 26 48 49 18 8 40 22 35 32 3 20 13 61 46 4 14 23 44 16 19 53 63
46 39 27 38 47 51 61 42 22 35 40 49 62 9 14 57 54 50 15 28 64 5 60 41 45 20 21 36 19 59 8 34 25 29 52 31 11 1 23 6 3 56 58 32 4 17 33 55 44 48 37 43 12 63 18 2 16 30 13 10 53 24 26 7
25 11 60 64 59 38 39 6 62 19 43 36 23 29 57 18 10 42 52 34 12 14 17 44 28 45 37 40 22 32 26 51 33 1 2 30 7 27 9 13 21 31 46 56 41 24 53 5 20 16 15 49 4 55 54 61 35 63 47 58 8 3 50 48
62 21 49 23 2 55 43 8 9 31 36 18 58 19 1 50 5 46 63 45 10 59 47 30 24 28 48 6 60 12 20 37 40 42 16 41 39 14 32 34 17 4 52 22 27 13 25 54 56 33 11 53 61 64 35 51 7 26 29 57 3 44 38 15
9 26 17 44 25 15 47 46 2 21 51 55 57 18 64 43 11 28 54 42 7 24 50 27 23 29 45 52 8 61 16 20 13 10 6 62 12 39 36 41 49 38 40 1 31 5 3 33 4 37 63 48 35 19 60 14 56 53 22 59 30 58 32 34
1 53 20 57 34 27 36 23 13 6 60 44 3 64 26 30 45 32 2 29 50 21 38 59 11 25 28 58 16 49 51 9 43 46 18 52 8 61 54 56 40 41 62 39 42 15 48 19 10 17 35 33 47 7 63 4 31 5 24 14 12 37 22 55
52 17 34 6 26 64 11 22 1 39 2 21 45 46 54 4 61 43 35 40 31 56 59 36 38 23 42 9 55 5 32 44 14 53 60 24 37 16 41 25 12 15 48 13 50 7 18 29 57 10 28 19 8 30 3 47 27 62 63 20 51 33 49 58
42 13 51 12 29 35 48 64 38 22 46 39 9 36 20 6 18 7 8 24 26 33 31 60 44 15 43 41 34 53 55 16 21 58 30 14 1 56 40 45 10 57 47 37 25 54 52 3 61 5 49 2 63 50 17 32 62 59 11 23 28 4 27 19
11 61 19 2 4 29 17 30 57 43 24 35 55 44 51 26 49 16 45 10 8 50 34 32 33 38 23 48 18 36 63 7 31 39 59 46 40 21 22 28 25 13 20 14 15 41 27 1 54 3 9 6 42 47 62 52 53 60 5 12 58 64 37 56
64 32 38 16 62 5 45 60 56 4 41 53 24 47 35 44 43 3 29 50 37 18 1 19 12 54 34 39 31 27 59 30 58 55 7 42 15 33 52 63 14 36 8 57 23 22 61 49 6 51 40 11 17 48 21 25 28 10 20 13 9 46 2 26
49 31 42 53 19 44 37 21 36 23 45 54 29 32 58 20 62 40 64 1 30 41 61 12 6 7 56 63 38 11 9 39 8 59 33 15 2 28 46 3 5 18 10 35 47 51 16 14 50 25 26 24 13 22 43 48 52 17 27 55 4 60 34 57
21 44 7 36 24 23 22 39 10 14 64 6 15 57 11 63 53 38 27 55 20 42 43 3 26 61 4 56 35 30 37 28 47 51 5 16 50 48 13 8 1 45 54 25 52 33 19 17 32 58 12 18 31 34 41 60 49 29 59 46 40 2 62 9
51 2 63 37 10 7 49 58 3 45 17 8 1 53 32 5 28 31 42 61 35 30 11 34 22 40 12 60 41 29 44 6 24 15 26 50 54 20 48 64 56 46 33 59 62 36 9 4 47 14 55 13 57 25 52 21 19 39 16 38 27 43 18 23
16 15 53 24 63 14 27 57 35 1 8 40 28 61 13 7 51 25 3 60 9 36 54 23 58 17 52 29 12 46 42 32 49 21 47 45 62 50 64 5 41 44 19 6 22 39 20 38 11 30 43 34 33 4 37 18 59 48 26 2 55 10 56 31
61 19 23 31 38 50 13 49 33 12 15 16 36 7 41 24 54 1 20 58 3 5 25 8 10 30 9 28 27 4 22 55 42 18 39 47 35 37 60 44 34 40 56 17 14 53 57 2 63 21 59 51 48 11 46 29 32 52 6 64 26 62 43 45
2 57 44 26 48 46 7 35 42 8 34 14 54 38 31 60 4 64 58 22 16 47 20 10 59 11 6 12 53 50 33 62 51 25 17 39 43 18 28 30 55 61 21 29 1 9 36 5 3 49 56 41 23 37 27 19 40 45 15 32 13 24 63 52
15 46 43 50 18 8 56 42 19 60 40 13 5 25 3 14 1 58 12 59 53 44 26 39 55 10 62 30 20 51 47 31 7 29 2 35 17 24 32 16 11 49 61 48 41 23 37 64 34 38 57 21 4 28 45 54 63 27 52 6 22 9 36 33
36 51 1 63 40 6 42 34 23 30 20 57 25 39 9 12 19 29 38 3 58 2 15 43 16 56 41 26 10 28 62 50 17 33 61 53 60 14 45 35 47 52 37 8 44 64 32 54 46 22 21 5 49 18 55 59 7 24 13 48 31 11 4 27
55 25 48 40 7 3 18 53 64 43 42 4 61 59 30 19 50 17 2 11 22 46 35 21 54 58 24 16 32 8 15 23 52 62 44 29 5 63 41 51 33 47 34 27 28 49 39 9 26 13 31 38 36 10 6 37 45 12 60 56 57 1 20 14
17 24 21 60 22 33 46 59 48 25 4 3 35 15 38 16 6 26 57 7 28 10 53 51 37 47 13 52 49 32 34 27 64 45 56 41 14 54 43 58 36 50 1 40 18 44 62 42 9 19 23 39 29 5 8 2 20 30 11 31 61 55 12 63
58 43 26 35 41 42 40 39 15 46 52 10 47 54 4 17 59 33 49 28 23 6 62 14 61 27 37 20 7 57 24 29 48 51 31 8 64 45 21 11 60 19 25 18 32 50 5 12 56 9 30 1 44 16 38 34 13 63 55 53 36 22 2 3
10 49 6 28 54 15 3 20 26 1 55 24 33 52 27 39 64 19 7 32 18 11 4 38 56 44 48 13 25 42 43 12 37 17 9 23 59 34 50 22 53 51 57 16 2 62 58 47 41 45 29 36 60 31 40 5 46 14 30 63 35 61 8 21
26 10 59 36 42 19 41 29 37 39 9 51 44 58 17 35 2 8 27 15 61 7 47 54 62 31 20 14 24 55 13 21 50 22 23 32 56 6 18 40 64 63 60 5 33 1 25 28 12 57 48 4 52 53 16 30 43 3 46 49 11 34 45 38
25 58 16 20 3 53 33 62 42 14 37 28 22 49 19 52 23 5 54 6 21 35 43 17 13 63 15 27 4 59 41 39 38 2 24 11 47 8 26 46 57 1 12 7 9 40 29 10 31 50 44 45 51 61 18 55 56 64 36 60 34 30 32 48
53 47 24 14 17 26 5 1 56 62 2 19 32 23 18 45 51 9 42 34 22 38 60 41 50 6 63 61 11 31 48 20 27 35 8 12 52 49 10 57 16 58 55 3 54 37 21 44 36 29 39 7 46 43 59 33 4 13 28 40 30 25 15 64
11 46 3 26 47 58 2 55 60 23 62 48 18 4 12 24 31 36 52 21 1 37 17 6 43 35 8 32 40 41 56 7 10 59 33 30 22 39 54 53 63 28 44 27 61 13 42 25 5 64 38 51 20 34 50 9 49 57 45 29 16 19 14 15
22 15 33 34 30 49 58 6 13 18 43 62 56 61 52 51 39 55 1 14 20 25 32 3 24 59 10 38 54 21 2 60 41 36 40 31 11 35 37 23 47 9 45 42 17 28 12 53 63 48 27 29 50 44 19 16 8 5 7 46 64 57 26 4
3 29 18 24 56 20 11 21 51 10 44 22 37 35 41 63 12 23 31 54 49 14 57 64 53 42 17 36 62 48 4 2 39 34 1 6 33 55 52 13 5 60 26 59 8 16 30 40 19 27 43 25 47 32 61 45 50 9 58 15 38 46 28 7
43 44 34 2 35 51 31 46 32 16 18 56 62 20 36 29 9 42 61 37 14 49 58 15 11 19 22 40 26 63 64 38 5 54 12 45 7 48 1 17 41 6 30 53 24 3 60 33 50 28 47 21 13 52 23 39 59 55 8 27 10 4 57 25
44 45 7 30 55 61 52 43 63 17 35 33 42 15 11 3 26 50 22 31 39 34 20 21 28 46 18 51 36 6 40 58 25 60 38 37 29 1 23 41 24 64 53 54 5 57 49 8 4 2 32 48 27 13 56 12 14 59 47 10 62 16 19 9
33 39 5 10 27 38 29 16 2 45 22 30 13 28 14 61 21 20 64 25 4 19 3 42 34 7 35 57 9 40 46 37 53 1 43 15 60 62 44 32 51 41 31 17 49 58 55 48 54 26 24 56 23 50 63 18 52 6 12 59 8 47 11 36
63 14 49 43 2 31 64 48 52 4 6 32 51 60 39 28 33 37 50 24 26 36 11 57 8 15 53 3 61 9 47 45 21 44 7 17 23 58 22 56 38 30 27 16 10 5 19 29 13 62 12 59 35 18 54 25 42 46 34 1 20 40 55 41
35 12 15 58 63 62 55 36 53 21 41 28 44 1 33 14 5 11 6 60 38 42 49 51 30 50 26 59 37 17 10 34 32 39 4 46 3 31 47 52 48 25 64 56 19 8 20 57 29 9 61 24 54 40 13 27 45 22 23 7 43 18 16 2
62 38 19 13 45 5 35 54 8 22 63 6 11 30 56 31 18 61 60 26 3 41 37 50 49 12 10 64 34 24 23 36 29 15 52 42 14 28 46 25 20 44 59 55 4 17 7 58 9 21 16 2 33 47 57 48 1 32 40 43 39 51 27 53
34 51 54 31 5 37 57 8 33 41 23 47 24 22 20 10 16 14 3 6 9 59 2 12 60 30 43 39 58 15 7 44 13 4 62 55 38 27 36 26 42 56 1 52 64 19 28 49 40 18 21 11 17 25 46 32 63 48 29 35 53 45 50 61
21 64 40 52 13 1 25 60 36 31 56 49 20 59 53 4 62 51 29 41 54 55 8 10 45 61 9 17 27 35 26 50 43 46 47 16 15 44 57 30 19 5 23 32 12 14 33 34 22 42 37 63 7 28 48 58 18 39 24 11 3 2 38 6
32 57 6 50 59 46 27 63 48 11 24 45 29 38 3 60 49 62 37 28 30 8 61 4 44 17 21 41 23 52 15 54 42 55 64 14 36 33 53 16 1 39 13 19 25 7 9 40 20 5 51 18 31 12 58 22 35 56 26 2 47 10 34 43
1 11 23 7 24 55 54 64 40 29 21 4 47 57 30 34 35 53 26 8 13 10 5 38 3 27 56 6 22 59 42 16 9 12 41 62 46 50 39 2 33 36 60 25 18 51 37 19 61 15 44 31 43 20 17 52 28 49 48 14 32 58 63 45
42 5 9 37 52 23 48 61 41 38 46 10 36 24 54 43 28 4 15 14 7 39 1 26 33 18 50 12 56 22 32 35 8 64 17 13 57 19 40 34 25 21 44 6 20 47 62 11 2 27 30 49 63 58 45 60 16 29 59 55 51 53 3 31
15 50 51 40 23 35 39 31 57 3 45 16 9 32 25 12 60 7 13 63 8 6 42 11 10 24 17 29 1 18 33 28 19 61 5 52 43 37 2 59 55 34 53 47 26 54 44 62 64 30 27 36 48 4 21 46 41 38 20 58 22 56 49 14
49 55 46 53 17 44 13 30 64 59 12 54 60 47 62 7 43 63 8 38 16 32 15 6 29 25 51 48 28 5 19 31 3 58 18 24 2 56 45 42 37 4 36 50 35 9 52 20 11 22 57 33 27 10 41 14 40 26 61 39 21 1 23 34
51 24 20 63 18 53 32 27 15 12 39 40 19 7 9 16 31 46 45 48 2 44 50 43 26 54 28 38 41 1 22 4 49 21 14 25 17 3 10 62 36 13 30 58 52 23 57 55 34 37 59 47 6 11 60 42 5 61 35 8 29 33 64 56
61 54 16 12 38 29 59 18 11 35 15 30 45 36 21 53 6 41 63 50 28 24 34 52 58 10 42 56 20 7 2 55 47 31 13 9 62 46 48 40 60 43 57 39 17 33 14 44 32 49 23 1 37 22 51 8 27 25 5 64 26 3 4 19
16 4 27 38 36 58 2 49 22 60 64 39 33 25 13 56 11 34 20 45 15 35 17 32 12 44 24 57 19 40 37 52 51 42 59 47 50 14 9 5 3 46 31 8 28 41 54 10 48 55 26 43 61 63 30 21 6 62 18 53 1 7 29 23
48 19 1 11 29 14 40 17 35 41 61 24 15 39 7 32 56 12 43 58 50 46 54 23 59 47 6 34 60 49 18 25 16 10 44 22 5 21 13 28 53 57 52 27 9 42 36 3 30 2 31 38 8 51 64 4 62 45 63 20 33 55 37 26
10 25 63 14 22 42 49 37 19 30 51 62 55 4 15 5 23 1 47 3 64 56 24 17 39 32 52 58 12 46 9 8 20 18 29 6 59 61 21 44 11 45 34 48 50 2 16 28 26 57 38 40 36 7 35 53 41 60 27 31 13 54 43 33
46 21 48 44 2 49 16 4 10 57 41 50 63 56 61 15 59 32 35 17 1 33 62 14 40 28 19 54 8 51 24 27 38 37 9 29 39 45 60 6 34 31 58 18 7 12 3 25 47 13 11 52 42 64 26 30 20 53 22 23 55 43 36 5
17 2 11 54 32 15 18 6 47 31 24 35 4 34 51 44 50 36 56 42 63 14 9 49 55 29 8 41 10 53 59 30 23 62 26 7 64 43 16 3 57 38 45 37 40 39 61 22 46 25 48 5 12 21 27 1 52 58 33 19 28 60 20 13
11 32 44 60 31 2 42 57 23 61 56 53 5 54 58 30 1 43 46 41 4 47 38 19 64 40 36 27 55 26 20 51 10 14 28 59 8 18 52 39 16 50 21 29 22 15 25 9 35 45 6 34 13 3 37 24 7 33 63 49 12 17 62 48
25 26 21 32 19 6 36 45 62 16 59 27 56 44 64 20 61 17 12 11 10 5 31 58 22 35 63 30 51 33 55 9 46 53 60 50 47 23 57 54 49 41 37 40 1 24 42 38 18 28 29 39 14 48 43 34 4 52 7 13 3 15 2 8
55 31 60 64 3 50 7 1 2 19 6 48 28 43 45 57 9 33 63 22 53 40 37 5 16 11 44 20 35 47 56 62 34 29 15 23 61 51 54 21 52 18 41 13 8 25 17 42 10 38 24 46 4 26 49 59 32 27 30 36 58 14 12 39
4 10 17 33 56 9 47 22 43 45 60 51 52 18 42 26 20 5 2 55 6 1 48 36 23 58 54 16 59 61 62 50 31 3 32 38 37 39 49 15 21 28 25 35 63 29 8 53 44 34 46 19 7 30 14 11 13 12 24 40 27 64 41 57
33 61 41 16 24 59 52 9 38 4 44 14 58 3 10 32 39 29 37 56 51 21 35 48 53 63 15 40 50 31 54 2 17 43 46 11 18 34 19 13 64 1 26 12 6 36 5 30 28 42 49 23 47 57 55 62 45 8 60 25 7 20 22 27
52 33 59 17 10 27 46 24 3 11 36 22 18 64 26 19 53 25 20 21 39 48 2 34 45 60 47 32 38 41 13 7 58 42 51 30 1 6 37 8 56 16 49 23 14 40 29 31 5 50 55 44 15 61 62 54 43 57 9 12 4 35 28 63
21 15 50 23 13 8 25 62 5 60 20 57 61 7 32 6 47 9 1 44 55 38 59 54 48 24 45 28 63 36 51 10 14 35 39 31 30 42 43 41 19 22 12 34 4 18 46 64 3 26 17 16 11 37 52 33 49 56 58 27 40 2 53 29
53 43 42 30 25 33 22 63 18 35 62 56 27 37 31 17 10 23 13 29 58 51 26 7 28 20 3 60 40 6 34 54 24 21 41 16 52 19 2 45 59 15 48 38 61 49 39 1 57 64 32 4 50 46 12 5 14 9 36 11 47 44 8 55
34 63 62 2 47 3 31 21 60 18 42 58 32 46 1 27 4 28 26 25 54 22 57 8 13 59 48 49 17 11 41 23 50 10 30 44 12 24 36 53 40 29 61 5 33 64 45 43 37 51 39 35 20 16 6 55 19 14 52 15 38 9 56 7
44 13 52 26 18 64 54 42 41 10 8 19 30 29 7 15 22 38 49 1 34 50 5 59 43 57 35 9 27 55 4 37 2 60 33 24 51 56 39 20 36 40 47 14 21 28 48 46 31 58 61 17 23 53 3 45 63 62 12 6 16 11 32 25
9 46 14 58 57 20 17 59 11 29 53 33 25 24 27 44 64 51 12 54 37 7 49 39 38 42 22 43 1 35 40 28 52 30 23 26 56 55 50 61 47 6 62 32 19 41 21 5 36 3 15 13 63 8 48 16 31 60 45 10 2 34 18 4
3 64 26 10 42 15 5 54 19 49 21 36 1 28 17 56 2 50 29 59 35 31 32 60 61 6 37 51 25 12 43 16 48 4 34 46 7 20 30 23 41 47 55 45 62 44 58 57 40 27 14 63 24 11 39 9 53 13 8 38 18 22 33 52
62 49 33 34 30 31 14 36 13 3 26 44 35 42 56 5 54 48 43 15 23 25 53 57 6 19 20 63 41 21 8 55 27 46 40 37 32 50 18 17 11 60 4 52 24 1 51 58 2 29 9 12 59 22 64 47 16 39 28 7 10 61 45 38
22 17 18 24 45 51 55 28 10 23 35 32 13 25 41 16 11 64 31 40 49 37 42 30 54 27 12 36 4 9 38 29 19 59 52 8 60 58 46 56 34 63 20 47 15 62 53 33 61 5 26 7 44 21 43 39 50 6 3 48 1 57 14 2
63 24 43 52 41 6 64 20 1 12 17 45 3 32 14 36 19 58 15 61 18 2 8 10 30 54 26 59 23 42 44 31 40 11 21 53 33 5 13 46 60 9 27 48 47 16 7 34 22 62 35 51 57 28 38 37 56 25 55 29 39 4 50 49
51 11 21 35 4 38 29 31 52 17 23 55 57 36 10 20 62 8 46 13 15 30 54 33 42 61 53 14 9 28 26 39 49 64 1 7 58 37 56 22 24 25 40 18 16 50 27 12 34 6 63 41 48 5 60 2 59 45 47 44 32 19 43 3
32 50 40 63 27 42 43 18 22 14 45 9 37 52 15 4 12 3 6 34 7 24 60 41 55 46 58 13 54 17 49 61 39 31 47 62 11 8 53 57 1 51 59 56 44 20 33 29 10 48 19 2 26 23 16 25 28 5 35 64 36 30 38 21
35 41 51 50 62 30 3 19 36 6 43 49 23 59 24 40 1 26 58 31 48 45 34 29 44 17 5 20 11 57 63 52 16 55 4 22 15 53 10 38 33 61 13 39 12 54 18 14 32 28 47 25 60 42 21 27 46 7 2 8 9 37 64 56
58 9 8 20 34 1 57 60 53 43 63 13 15 39 21 50 56 22 45 7 14 11 3 42 36 10 4 52 61 24 33 35 25 38 2 41 49 44 28 32 17 64 23 40 5 30 16 47 12 55 37 29 54 48 6 31 18 26 46 59 51 62 27 19
36 54 60 57 64 19 37 27 61 21 18 16 51 44 52 43 41 42 38 50 28 49 1 26 59 7 9 3 47 30 48 4 20 62 53 13 35 22 40 25 14 2 63 29 10 6 32 17 56 33 11 24 12 55 5 58 8 46 23 39 31 45 34 15
29 37 3 28 14 35 4 17 15 8 2 18 22 58 55 7 10 39 52 57 50 41 51 32 1 38 13 34 6 48 46 21 61 12 31 25 23 16 20 43 42 5 11 19 30 47 9 54 64 44 27 56 33 63 59 60 62 49 40 45 53 24 36 26
1 45 17 12 23 2 27 58 62 38 39 63 44 61 54 34 13 7 24 40 10 8 15 20 37 31 50 26 53 4 18 32 43 25 59 6 22 49 41 35 51 30 52 57 64 19 28 48 46 21 56 11 55 16 9 42 3 36 33 60 14 47 29 5
2 53 38 7 54 29 32 35 44 59 64 40 24 47 4 10 33 37 25 63 12 60 50 51 39 18 62 56 36 1 22 48 13 61 5 45 3 46 23 52 55 6 21 11 27 42 14 8 41 49 17 58 43 30 26 19 9 15 34 57 28 16 20 31
16 58 44 36 40 5 41 55 8 46 9 51 18 54 53 24 50 17 27 22 61 19 47 4 60 28 10 64 49 52 23 25 32 1 6 15 29 21 34 11 38 13 33 42 45 39 62 2 30 14 43 59 31 7 57 12 20 3 48 63 26 56 37 35
19 51 34 31 5 61 35 64 38 62 52 50 56 21 3 14 7 49 60 24 13 55 10 11 26 2 41 17 20 15 32 6 53 18 28 12 59 33 47 63 48 46 36 27 54 58 44 43 4 9 29 39 37 57 45 40 42 30 22 1 8 25 16 23
26 27 11 16 48 32 58 6 47 30 4 62 63 60 35 31 59 40 34 15 38 21 61 23 24 50 56 39 12 8 42 45 41 51 13 52 14 54 9 28 3 36 64 25 2 22 55 49 44 37 18 1 17 19 7 46 5 53 29 20 43 10 57 33
62 25 63 13 7 20 11 53 35 10 46 8 19 30 33 28 45 23 47 29 26 56 24 17 50 32 61 54 16 6 64 60 42 15 38 39 18 3 48 34 49 43 44 12 31 57 37 40 9 22 59 36 52 4 27 21 1 58 5 2 55 51 14 41
22 19 24 11 36 7 59 15 32 25 40 54 27 56 18 41 26 12 3 42 8 5 43 52 63 57 21 61 37 47 10 38 64 33 60 14 39 1 17 44 53 34 46 50 49 13 30 28 20 2 23 4 35 31 51 48 6 29 16 58 62 9 55 45
53 47 1 37 63 14 33 23 64 4 22 10 28 24 25 48 39 61 8 17 20 46 11 21 49 45 18 29 60 57 7 30 56 36 44 9 43 31 26 51 32 58 34 3 41 2 19 62 5 15 16 13 42 50 40 52 27 38 59 6 35 55 12 54
3 12 42 24 22 37 61 16 48 31 55 39 13 38 9 30 60 29 56 21 1 44 20 27 34 47 53 43 10 28 19 58 52 45 7 50 36 41 8 17 63 40 4 59 26 23 54 25 11 18 49 5 46 51 62 32 35 33 15 14 64 57 2 6
9 31 35 54 52 49 14 61 43 1 23 3 30 18 42 57 16 41 64 55 2 37 58 50 12 6 44 33 7 59 47 34 26 39 46 29 5 63 21 53 11 56 27 8 17 24 36 10 28 19 48 45 51 40 25 62 13 32 20 38 22 60 15 4
15 29 50 44 59 58 39 8 33 19 37 28 55 4 51 61 21 32 9 11 23 40 53 48 10 12 34 41 56 22 54 27 17 2 24 1 6 62 60 16 64 18 45 38 25 7 42 3 13 30 14 47 36 46 49 5 31 52 26 35 57 20 63 43
17 43 14 32 55 23 2 29 63 41 34 24 25 49 12 53 28 36 57 48 16 59 4 44 56 42 51 58 62 31 37 9 10 54 26 47 52 35 1 21 40 22 60 7 18 33 3 30 19 5 39 46 6 20 50 8 45 64 27 13 38 15 11 61
61 5 41 34 29 62 45 9 2 16 6 48 36 1 13 63 4 19 50 54 21 33 17 57 3 60 15 40 28 7 20 10 8 43 56 32 38 51 44 58 37 52 25 53 23 12 27 11 26 42 24 31 47 64 35 22 14 59 18 55 30 46 49 39
10 14 5 30 17 59 57 46 23 22 53 35 11 3 31 60 6 9 41 37 64 32 25 43 33 44 24 63 50 49 4 62 27 29 61 36 2 48 45 54 19 1 20 58 52 15 39 42 18 38 51 7 13 12 55 47 16 8 28 56 21 40 26 34
64 10 20 43 2 50 48 49 52 39 59 13 54 23 11 12 9 55 56 26 31 6 57 5 8 27 47 16 22 42 15 51 37 58 14 35 1 28 32 62 21 45 41 34 24 36 53 44 63 3 46 17 4 25 30 18 40 61 60 7 29 33 19 38
42 13 62 17 27 26 37 48 51 24 60 30 20 57 45 6 5 1 35 56 4 38 2 64 58 15 3 9 31 11 8 44 46 34 40 53 50 18 43 39 41 21 47 16 28 14 49 19 54 25 55 23 29 32 61 33 59 63 52 10 12 7 22 36
55 21 23 52 38 33 56 1 5 11 18 22 35 43 64 27 49 53 7 58 6 48 9 39 62 25 20 60 51 63 40 36 47 30 8 24 46 42 54 59 34 16 19 17 15 3 61 31 57 2 28 41 37 26 13 29 50 12 45 32 10 44 4 14
63 38 54 64 26 46 17 28 40 60 15 4 62 36 32 18 20 34 24 1 37 31 8 49 50 29 5 14 58 21 56 2 7 3 23 11 30 39 22 13 16 47 61 55 42 51 25 57 48 27 44 12 35 10 41 59 53 6 9 43 33 19 45 52
21 2 19 28 50 44 41 34 26 14 12 57 47 7 8 32 31 11 64 25 39 10 42 36 63 35 22 30 56 53 51 60 9 17 15 23 62 6 49 5 59 4 1 13 27 40 52 33 29 45 38 16 46 61 18 37 43 55 24 48 20 54 3 58
33 4 63 40 24 9 18 22 56 59 20 14 45 42 57 17 51 43 2 8 50 39 31 15 41 23 52 36 26 35 55 12 60 21 30 38 61 27 64 3 25 29 48 54 1 13 46 5 47 49 6 44 28 37 58 11 32 10 53 19 16 34 62 7
46 44 16 33 32 8 47 24 45 3 42 21 57 25 41 20 35 38 63 13 51 22 26 60 53 11 54 27 30 18 59 23 31 10 39 37 17 34 48 2 52 19 62 49 6 29 5 55 50 15 40 43 14 58 12 1 4 9 7 36 28 64 61 56
43 11 33 10 41 27 7 37 36 29 56 44 52 34 26 19 61 4 31 45 54 14 48 58 6 20 12 47 55 17 13 32 24 53 51 42 64 23 39 15 5 60 30 1 50 57 18 22 3 21 63 49 8 35 46 16 28 62 59 25 40 2 38 9
58 32 7 63 54 55 27 62 11 1 39 33 9 22 36 23 43 31 8 61 34 50 5 30 16 24 4 49 38 51 2 45 29 42 52 64 47 12 28 40 57 15 56 37 19 25 21 46 6 10 59 35 60 13 3 17 18 48 20 44 26 14 53 41
32 61 48 2 10 15 49 42 13 21 44 47 5 64 14 41 23 25 55 59 1 24 35 34 26 7 43 54 40 33 38 28 51 57 18 16 60 50 19 20 56 39 58 6 62 9 17 53 31 29 11 63 27 52 37 4 46 45 30 12 36 22 8 3
36 58 1 7 57 3 5 21 10 23 51 27 4 15 62 26 39 33 42 28 9 30 54 41 59 40 17 48 19 46 22 31 14 60 64 55 56 43 16 45 20 63 37 52 44 18 12 38 35 6 32 11 61 47 24 34 29 13 8 49 2 53 50 25
4 49 18 50 42 20 32 36 3 39 17 63 29 56 10 28 22 5 15 44 55 25 52 38 24 30 41 33 16 9 62 21 34 59 46 13 23 1 40 6 60 31 26 14 12 8 45 58 54 37 51 48 57 53 19 2 35 7 47 11 64 61 43 27
25 26 35 58 45 49 40 39 51 12 46 18 42 29 17 5 47 16 60 43 53 1 15 8 56 32 23 13 24 61 34 48 2 44 62 31 59 20 41 38 36 50 10 57 64 7 54 14 37 22 21 6 11 28 52 9 19 27 3 63 4 30 33 55
35 33 52 36 30 53 43 20 9 18 64 19 58 46 4 16 45 14 27 31 26 42 62 21 22 44 37 56 7 29 10 38 3 11 41 39 6 61 32 23 51 28 12 55 49 17 60 47 48 34 15 59 50 8 54 25 1 57 5 40 13 24 63 2
2 41 59 23 31 32 52 4 37 46 45 16 60 30 53 29 7 62 54 50 49 47 34 39 40 19 6 12 20 24 43 10 38 15 33 1 22 63 8 61 48 44 13 35 5 64 58 9 57 28 26 36 55 51 14 27 42 25 11 56 3 17 18 21
51 10 27 35 63 7 55 30 22 17 62 8 61 52 54 15 53 37 43 21 20 2 49 19 42 31 50 26 59 12 64 6 41 14 34 44 36 45 47 25 38 46 40 11 16 58 28 48 29 18 9 24 33 3 60 32 56 39 13 57 1 4 23 5
52 54 62 57 40 37 29 31 63 6 2 49 24 21 33 12 13 48 3 42 14 34 1 10 39 61 56 28 4 55 46 30 19 36 9 26 11 41 18 35 64 25 59 23 47 15 51 17 20 50 16 58 44 5 38 45 7 60 22 27 8 43 32 53
1 57 42 60 34 64 3 59 53 45 35 39 33 32 61 48 2 7 47 55 8 36 50 44 54 63 58 40 10 41 24 51 23 4 13 6 37 19 56 62 49 38 46 17 31 22 30 12 28 9 27 25 20 21 43 14 52 5 16 15 18 11 26 29
34 37 20 26 48 9 22 43 44 10 24 53 32 54 27 52 59 55 58 63 7 45 60 64 23 38 21 6 36 4 41 16 50 51 17 8 12 46 30 57 47 13 49 18 40 28 29 2 11 62 31 33 42 25 56 39 5 14 15 1 61 3 19 35
19 24 49 11 55 5 4 27 18 30 61 54 3 60 58 57 51 50 13 1 31 39 20 17 44 2 45 16 35 40 63 29 9 25 28 59 32 21 53 22 14 56 36 8 7 41 48 64 6 33 47 38 52 10 26 42 62 12 23 46 43 37 34 15
44 46 38 54 64 50 36 17 15 49 63 3 23 28 35 30 26 20 52 34 21 11 10 5 43 25 61 27 37 32 55 4 13 45 7 29 39 14 57 41 24 6 62 19 2 42 8 1 18 48 40 53 31 22 51 60 9 58 12 59 47 16 56 33
16 17 15 20 23 44 59 8 35 57 43 22 62 38 30 51 33 4 6 25 64 10 24 27 60 45 48 32 53 9 18 50 56 37 29 52 1 42 34 28 40 5 21 58 41 39 7 54 26 13 61 19 49 63 14 46 3 55 36 12 11 47 2 31
48 53 5 40 4 2 31 16 60 38 26 32 37 47 3 44 54 28 57 41 6 35 43 52 13 18 42 14 11 51 33 58 24 22 59 17 50 39 46 56 21 29 12 7 25 9 36 8 19 30 49 1 23 20 62 55 63 64 34 10 27 61 15 45
62 14 50 31 3 61 56 6 32 16 8 36 22 58 51 24 43 42 25 54 35 7 47 4 37 59 9 34 49 30 44 27 29 1 38 45 18 48 17 63 55 57 64 5 26 2 33 10 41 19 46 52 12 23 39 21 40 15 60 20 53 11 28 13
10 21 24 13 5 19 48 15 2 22 52 50 63 59 7 31 60 62 61 58 18 14 25 12 38 17 35 41 34 49 32 55 53 39 56 47 46 37 23 43 33 9 30 16 4 1 42 28 3 6 44 51 54 11 40 29 20 36 27 8 57 45 64 26
26 50 9 43 14 27 11 35 8 19 40 4 1 49 56 63 20 46 38 60 39 30 32 51 62 6 28 64 23 29 48 12 21 2 47 15 5 53 10 52 42 36 13 34 45 33 16 44 61 58 37 17 24 7 25 54 41 59 3 31 55 18 22 57
16 51 17 44 36 62 35 48 47 14 21 55 29 61 24 50 11 58 22 57 38 25 37 20 30 28 13 9 60 5 15 52 42 46 32 7 3 49 1 8 53 41 23 45 33 12 39 34 63 64 56 2 43 31 59 19 6 26 18 27 10 40 4 54
49 45 60 16 35 33 25 64 42 23 36 6 9 3 39 17 50 22 46 37 28 24 11 57 1 47 18 30 41 7 51 34 10 61 21 14 2 5 13 54 63 15 48 52 8 53 20 40 4 38 27 56 59 12 55 58 31 32 26 29 62 44 43 19
34 19 54 23 47 38 58 61 41 8 55 45 56 1 27 36 64 14 50 7 13 32 59 11 10 15 26 39 18 28 9 25 46 31 5 30 52 62 21 42 17 40 20 3 24 51 53 29 2 44 6 12 63 16 57 4 43 33 48 60 35 22 37 49
55 44 11 38 2 58 13 1 5 29 24 14 23 18 21 60 16 26 57 15 63 22 52 43 28 27 36 59 62 42 40 35 37 33 53 9 17 3 50 39 32 30 10 54 20 6 12 19 47 34 48 45 51 46 49 31 4 8 61 25 7 56 41 64
11 47 43 30 56 31 46 58 40 35 41 10 5 4 18 53 21 63 7 24 15 34 38 59 64 12 52 60 22 6 23 9 20 42 51 25 57 33 44 16 3 2 19 50 54 17 37 49 36 26 39 13 48 32 27 62 8 61 28 45 29 1 55 14
4 31 14 52 13 59 27 45 64 60 63 40 54 37 20 61 41 5 34 56 58 47 62 7 36 57 28 43 51 24 42 39 25 10 1 32 30 22 9 23 11 18 26 38 15 19 44 55 46 3 35 29 12 50 17 48 16 6 33 2 21 53 49 8
64 4 46 11 59 30 57 53 33 41 62 44 55 28 52 34 9 25 45 48 3 56 51 15 8 60 12 61 50 21 26 37 47 29 14 36 58 54 20 32 19 13 63 1 10 24 17 42 31 5 18 39 23 40 7 27 49 38 2 43 22 35 16 6
29 12 16 14 19 1 39 49 61 43 9 62 42 15 55 10 59 40 13 22 2 46 34 50 48 28 4 51 27 17 20 8 32 54 44 35 38 24 60 3 63 21 37 6 18 36 5 53 64 25 30 47 26 58 45 52 41 56 11 7 31 33 57 23
36 27 23 60 38 55 2 46 1 3 51 9 4 64 62 5 53 32 29 26 22 45 61 48 33 50 15 20 47 31 54 7 34 58 40 59 35 43 16 6 37 19 56 42 52 25 49 28 12 13 24 18 17 57 21 8 63 10 30 44 41 14 11 39
19 39 7 2 22 35 64 42 48 45 15 51 63 60 31 28 56 49 3 43 16 11 24 32 23 29 20 17 6 41 38 59 61 34 18 46 8 58 13 21 25 1 33 53 30 50 52 14 9 10 55 44 4 26 54 40 5 57 47 36 12 37 62 27
25 5 44 24 17 29 61 18 43 4 45 47 37 42 57 56 2 41 12 40 10 48 58 33 34 46 51 36 55 59 63 62 8 21 28 50 64 6 26 9 1 39 11 32 35 49 27 30 13 15 14 7 54 19 3 22 31 52 16 23 53 60 20 38
2 43 41 57 7 3 17 9 62 31 6 24 47 25 36 29 13 39 26 10 4 1 60 23 16 42 44 58 11 48 49 61 64 37 52 22 33 51 54 15 34 56 55 59 21 8 32 12 40 14 38 46 27 30 63 18 50 53 5 19 35 20 28 45
15 57 48 63 23 26 33 24 60 39 2 21 20 22 56 7 45 61 43 59 9 38 5 14 6 58 35 3 37 12 62 50 49 17 64 8 51 27 10 44 16 4 1 47 41 40 25 31 28 42 19 53 36 55 52 30 13 29 46 32 11 54 18 34
1 2 26 50 52 14 56 62 53 21 35 48 28 47 64 27 19 31 42 3 51 6 17 30 60 63 10 59 54 22 4 58 7 43 8 55 61 44 40 57 5 38 25 13 45 20 9 11 34 18 12 41 49 37 16 33 29 46 23 39 32 24 36 15
43 25 52 53 62 46 3 54 35 61 12 28 45 57 42 4 6 8 9 13 63 40 50 26 49 23 22 38 10 33 2 20 48 11 60 15 29 16 36 51 21 31 44 39 17 41 18 5 56 37 47 1 59 64 19 24 32 30 7 55 27 34 14 58
48 50 21 7 34 15 54 55 23 25 17 30 35 44 11 26 22 51 58 28 61 10 20 42 45 59 47 29 49 36 41 16 39 57 6 64 62 12 53 5 14 60 40 37 8 18 46 38 32 2 56 33 31 4 24 1 19 27 52 63 13 43 3 9
35 15 6 10 27 20 43 22 36 11 44 58 52 34 39 32 4 28 56 17 55 2 53 49 37 18 19 41 1 26 7 29 51 30 62 42 47 8 23 45 24 61 59 57 12 64 21 25 50 33 63 48 46 13 5 54 14 9 60 40 16 3 38 31
10 45 27 32 59 53 42 29 52 1 37 13 33 23 14 6 61 36 55 44 39 35 54 11 58 50 62 28 17 15 43 34 31 18 26 24 60 56 46 41 47 16 4 40 25 5 19 2 30 21 49 38 57 63 12 9 20 3 8 48 51 64 22 7
26 29 59 64 35 2 37 16 32 24 61 27 60 7 1 63 31 33 6 11 28 42 47 50 13 54 45 52 12 18 15 44 14 22 39 38 43 51 34 56 57 58 21 48 5 62 36 3 41 55 46 19 20 23 30 17 53 25 9 49 40 10 8 4
52 63 40 34 36 44 4 27 38 62 8 50 3 21 26 41 49 9 24 31 1 7 57 59 11 6 13 12 53 61 33 39 17 2 30 45 54 35 43 46 32 28 60 14 22 47 55 10 5 29 23 25 15 42 58 16 56 48 20 64 18 51 37 19
44 41 51 17 42 5 22 46 26 49 64 39 1 59 12 23 10 43 25 45 54 50 4 36 8 19 21 20 38 47 18 35 16 53 61 13 56 34 57 28 52 63 58 27 62 14 33 40 11 30 31 24 55 7 37 60 9 32 29 6 3 2 15 48
62 49 19 20 31 50 14 21 37 10 46 6 18 30 4 40 5 38 47 63 48 33 32 58 29 60 43 39 36 1 44 8 3 25 59 17 23 55 52 64 42 15 12 7 26 28 61 54 57 22 51 56 24 35 9 2 27 45 13 11 34 16 41 53
17 37 50 36 26 58 11 64 18 59 39 53 51 56 9 16 23 29 41 8 13 44 1 21 10 2 5 47 35 28 48 4 27 62 34 12 15 31 45 20 33 57 49 55 30 54 3 22 63 38 6 43 42 61 46 14 40 60 24 32 7 25 19 52
33 61 49 37 18 42 58 6 3 16 26 36 11 43 30 57 47 1 54 29 35 59 10 4 39 45 9 48 60 46 22 25 2 12 24 31 8 63 64 40 17 51 41 5 14 23 32 44 19 27 28 34 7 20 50 21 52 62 55 56 38 15 53 13
11 24 15 31 29 33 5 8 63 18 34 35 44 58 10 12 50 19 27 41 53 60 48 38 55 30 42 64 25 57 56 36 40 59 16 1 2 28 17 13 49 22 61 32 6 3 7 4 54 9 37 45 51 52 39 47 62 14 26 20 21 46 23 43
51 19 5 54 48 30 45 60 33 57 20 63 22 24 7 31 1 46 38 50 37 36 49 27 3 42 53 34 16 8 32 23 10 44 41 6 14 18 56 2 40 25 13 58 47 39 29 64 26 62 9 4 52 21 59 11 28 12 15 35 55 17 43 61
32 9 8 40 7 37 31 35 15 17 36 56 19 38 53 24 20 12 60 26 14 39 11 29 41 47 23 61 4 55 51 27 58 1 21 16 49 33 48 25 59 43 52 45 42 57 54 46 6 28 44 13 63 3 30 34 18 64 2 10 22 62 50 5
3 38 34 33 17 9 59 57 8 6 42 45 36 49 51 19 54 16 35 22 58 32 26 20 61 25 24 30 41 21 40 37 52 31 13 44 12 5 28 63 53 47 64 50 10 7 14 43 18 55 39 23 29 11 56 46 1 15 48 60 62 4 27 2
46 25 18 35 40 64 7 24 45 38 56 57 27 29 32 59 12 3 1 61 34 37 42 54 62 17 48 51 30 4 13 52 26 14 9 39 11 41 21 22 60 36 47 23 28 15 20 8 10 50 16 5 44 53 43 58 6 49 33 31 2 19 63 55
42 53 20 26 55 32 25 34 41 12 40 54 24 1 35 18 51 11 2 37 64 30 43 57 28 15 56 63 50 48 8 9 23 4 33 52 6 27 19 17 38 44 36 49 7 22 62 58 61 21 29 31 14 10 60 5 46 13 45 59 39 47 16 3
21 4 63 23 3 38 29 42 13 41 43 22 57 52 33 50 26 32 64 60 8 5 59 51 24 27 36 16 31 9 34 54 14 55 56 37 18 19 1 11 20 40 46 12 2 58 28 62 44 48 17 6 61 47 35 25 7 39 53 15 10 30 45 49
49 10 60 13 4 23 48 45 42 1 22 16 15 32 58 44 11 50 8 25 31 24 3 52 40 35 26 56 9 6 20 51 38 17 62 41 7 39 2 34 55 64 53 54 33 29 27 47 30 19 21 36 28 46 18 37 43 5 59 12 14 57 61 63
4 21 33 12 47 35 16 63 10 22 53 32 58 46 3 36 28 43 50 38 6 42 51 48 1 44 37 60 59 52 9 30 56 39 23 62 5 54 49 26 25 34 20 8 24 13 45 17 41 14 15 2 11 31 61 19 27 7 40 57 64 18 55 29
9 55 62 43 57 53 52 15 44 23 4 49 25 36 17 61 64 63 22 48 18 6 31 5 38 46 41 13 51 11 24 10 60 3 32 26 35 1 20 28 56 30 45 40 21 14 37 19 29 42 27 58 50 16 12 39 8 59 34 2 47 7 33 54
64 13 54 44 24 31 18 59 11 19 55 10 32 3 20 17 33 53 46 56 22 1 35 43 12 40 58 52 23 63 37 38 51 60 15 7 30 6 47 41 14 50 25 34 4 62 39 9 2 29 26 16 48 28 5 8 42 36 61 49 57 45 27 21
43 32 11 38 63 14 35 31 5 21 51 40 56 39 13 60 49 22 26 24 3 50 2 34 6 57 54 17 20 7 19 12 48 61 46 29 37 53 18 59 41 52 1 42 15 28 44 33 36 64 30 47 27 23 25 16 45 10 58 55 4 9 62 8
53 26 42 16 64 19 17 4 40 8 52 27 9 54 18 10 39 7 55 29 51 31 38 15 36 11 6 32 22 24 62 48 21 33 5 47 59 37 41 63 57 28 23 56 20 2 60 34 46 58 35 44 43 50 13 45 14 30 12 1 61 3 49 25
52 46 63 58 2 49 13 37 9 25 41 19 62 29 61 27 60 39 31 7 15 40 17 12 53 38 18 43 34 26 64 28 1 45 47 23 32 24 50 51 21 16 10 14 54 5 48 20 4 44 59 11 33 55 57 42 35 3 36 8 30 22 56 6
1 17 27 12 13 59 3 19 56 11 6 33 30 37 25 7 43 34 45 15 10 22 49 14 54 24 20 57 47 51 26 31 46 35 38 50 62 23 9 58 48 41 63 52 16 44 53 42 5 2 61 39 60 32 21 4 28 8 18 40 36 55 29 64
25 47 60 30 38 7 39 28 62 16 63 13 36 49 41 20 35 58 15 10 21 19 9 32 44 29 34 54 56 17 42 2 27 46 12 14 51 50 37 61 3 5 26 11 18 53 8 1 40 6 24 59 23 48 52 55 4 33 22 45 31 43 64 57
36 29 44 28 22 46 2 53 64 60 12 57 52 43 15 34 5 25 6 55 7 39 37 33 42 31 62 27 61 59 23 21 19 10 51 32 50 58 8 54 49 9 56 18 1 41 16 48 63 45 11 17 47 13 40 24 3 14 30 38 26 20 4 35
34 39 1 57 10 26 42 61 2 3 62 14 15 20 21 45 9 64 56 54 4 51 5 7 16 23 17 63 40 35 47 60 13 30 44 11 36 48 52 38 59 6 19 27 31 50 25 55 22 28 49 18 8 43 37 53 32 58 29 46 33 24 12 41
3 50 15 40 56 62 46 55 48 35 21 4 54 42 53 14 41 36 61 34 16 59 57 29 26 20 5 60 18 32 43 27 7 1 6 30 38 45 19 13 64 39 49 47 23 51 17 25 11 10 28 63 37 22 24 31 52 12 9 58 8 44 2 33
10 51 26 35 14 55 61 39 52 46 56 8 57 18 45 29 7 42 47 21 49 60 53 27 30 2 54 3 24 31 38 59 20 36 64 16 43 62 28 32 37 4 48 6 41 33 58 22 50 25 23 13 17 5 19 9 40 15 12 44 1 11 34 63
26 33 50 36 30 29 41 58 61 62 2 55 44 4 54 23 16 51 25 3 13 34 60 64 48 12 9 28 19 53 59 45 24 31 17 22 39 42 43 56 1 21 37 38 27 47 5 10 20 35 18 52 63 40 8 14 6 49 46 11 32 15 57 7
58 43 54 53 45 27 33 62 47 61 37 56 20 25 11 51 23 4 41 40 38 44 42 17 34 50 18 36 16 12 10 6 32 21 14 55 57 28 1 22 24 2 13 3 35 15 60 8 48 5 39 31 49 30 26 59 9 46 52 7 64 19 63 29
48 31 18 11 64 3 14 49 51 4 36 24 60 61 35 43 50 29 7 63 2 25 1 19 33 10 6 41 34 42 13 62 47 37 52 39 17 21 22 45 16 56 8 12 40 20 55 58 32 27 9 46 44 26 23 30 59 38 5 15 57 53 28 54
61 54 9 14 13 1 36 48 26 31 24 63 58 23 27 6 21 41 43 45 53 2 35 10 49 28 4 51 11 40 7 32 8 60 15 42 64 22 56 5 47 46 33 16 44 30 29 62 37 3 19 38 57 12 55 17 18 52 59 25 20 34 50 39
2 27 49 31 19 61 43 59 15 30 8 21 3 32 42 53 10 9 63 11 35 46 47 26 60 18 37 12 22 5 41 7 50 38 13 45 23 20 44 62 34 36 55 1 54 24 52 4 57 58 14 25 6 51 17 39 29 64 28 48 40 33 16 56
16 44 52 24 54 31 59 9 22 43 23 51 55 56 32 41 12 28 27 60 20 10 4 8 13 47 61 6 53 15 49 50 37 18 29 38 58 3 2 46 5 63 11 45 17 40 42 30 64 33 48 21 36 57 7 1 62 25 34 19 39 35 14 26
51 14 40 54 63 20 55 15 38 49 22 32 47 46 8 5 6 62 42 1 9 21 59 41 29 45 53 16 23 36 2 61 34 57 60 24 52 39 48 35 11 18 12 50 28 25 30 17 56 64 44 58 26 4 3 33 19 27 7 31 43 10 37 13
32 5 8 63 23 46 31 18 13 59 21 16 4 39 24 26 1 61 9 41 28 47 50 54 64 7 3 33 27 22 42 55 17 53 30 25 12 51 10 40 60 45 52 48 20 57 19 43 44 34 38 6 15 37 49 2 35 29 58 14 11 62 56 36
42 11 48 50 5 8 29 17 63 10 61 18 27 24 14 59 35 20 34 44 6 36 31 30 22 56 51 32 4 33 15 12 49 43 28 9 1 54 16 53 19 38 60 23 64 13 21 40 46 26 55 7 52 58 41 37 45 39 47 57 62 2 3 25
19 45 23 37 22 15 27 29 3 57 39 10 18 30 62 60 31 5 24 8 14 7 61 49 12 42 43 9 6 28 54 4 2 11 32 44 46 55 26 25 40 1 21 34 52 17 36 33 47 50 16 51 59 64 38 58 53 48 13 63 41 56 20 35
62 2 41 13 57 5 7 30 11 24 40 28 32 60 26 52 4 14 22 17 31 35 8 23 37 61 50 29 59 49 46 21 64 58 53 12 33 43 20 9 42 34 44 19 25 39 54 47 6 15 56 48 55 63 16 27 1 45 36 10 18 51 38 3
15 12 5 23 24 59 57 27 10 8 51 36 1 7 58 32 28 26 3 13 50 37 48 17 54 6 45 38 55 41 34 31 61 14 4 46 60 63 30 2 52 44 20 53 19 29 49 64 35 18 47 43 33 42 9 25 56 62 16 39 22 40 11 21
55 15 46 2 41 32 18 36 1 12 44 54 24 21 25 4 61 17 52 28 26 33 10 60 23 59 58 56 62 30 63 45 40 22 31 7 49 16 64 57 51 47 34 5 27 6 39 11 9 37 35 53 20 19 50 48 42 13 3 43 29 14 8 38
46 63 17 7 50 2 35 1 18 38 26 22 19 59 20 24 60 8 64 57 48 49 11 41 33 44 36 58 12 32 37 54 42 51 40 62 14 6 21 39 53 13 25 56 5 16 61 9 28 30 15 29 4 3 45 34 31 55 27 23 10 47 43 52
35 43 14 60 52 44 40 57 19 39 64 33 5 58 51 36 47 28 1 56 21 38 25 32 11 15 24 54 17 42 55 10 16 59 26 30 29 18 49 34 20 50 41 13 45 7 62 3 31 9 37 12 46 8 27 22 63 61 23 6 2 4 53 48
44 19 59 30 47 35 25 63 61 46 43 45 42 54 1 56 39 12 50 31 51 21 20 34 3 57 48 14 26 4 9 37 53 2 41 13 15 33 36 52 17 58 55 11 23 18 28 38 10 29 40 49 8 32 62 60 7 6 24 64 27 16 22 5
64 9 34 52 29 55 33 22 23 25 42 30 56 28 57 40 19 38 43 50 1 11 26 44 6 35 13 61 41 51 7 27 10 39 16 32 17 49 45 8 63 21 36 37 14 3 46 2 54 48 12 5 24 31 58 62 20 53 60 59 47 18 15 4
25 53 43 16 10 37 4 35 48 6 9 27 11 38 3 15 45 5 13 61 22 32 54 20 62 63 34 17 36 1 51 28 41 42 23 59 47 58 40 44 33 31 64 39 7 12 8 46 18 14 24 19 29 30 49 52 50 56 26 60 21 57 55 2
4 13 20 32 27 26 64 55 36 19 17 47 25 15 9 63 22 16 12 21 10 56 34 48 43 30 23 39 1 24 40 52 60 62 46 31 57 35 18 11 38 29 61 54 49 58 14 44 3 45 6 59 28 50 41 42 5 7 2 53 51 37 33 8
21 4 6 64 38 23 37 31 53 17 52 48 45 47 12 10 54 41 35 26 3 14 24 42 50 58 20 13 51 7 43 8 39 44 18 55 59 56 57 15 32 22 33 27 1 28 9 49 19 62 11 2 60 25 63 5 16 36 40 46 61 30 29 34
17 27 38 44 62 14 46 24 45 30 35 53 28 42 13 16 51 1 29 43 18 36 15 33 26 11 56 34 58 61 10 6 25 4 59 37 32 21 50 64 52 57 47 8 31 49 20 54 2 5 63 23 48 40 39 19 3 9 22 12 7 60 41 55
11 57 33 10 2 19 5 4 32 49 63 44 51 25 56 43 21 37 46 58 34 7 62 26 48 31 28 40 35 59 20 39 3 15 9 47 36 50 17 6 24 64 52 42 41 22 55 12 29 27 30 16 23 53 13 45 14 60 8 1 38 54 18 61
48 5 16 43 40 50 11 37 9 61 15 35 22 1 18 44 64 3 60 29 55 49 51 57 10 24 26 47 20 63 4 62 32 33 39 6 56 42 41 17 21 19 8 59 2 54 58 34 12 28 31 45 7 52 25 46 13 38 53 36 30 14 23 27
55 32 24 20 4 27 16 1 41 22 53 50 9 57 10 19 2 40 42 59 7 25 3 49 34 54 52 48 47 18 62 44 21 12 56 29 51 37 23 26 5 60 58 38 15 64 30 31 36 13 17 39 11 61 35 14 8 6 33 45 28 46 63 43
9 49 42 58 45 38 3 62 56 14 6 19 37 22 55 50 13 33 27 24 39 46 32 4 36 25 17 30 60 57 18 29 31 34 61 23 54 44 8 20 1 43 10 52 40 16 53 5 48 21 59 11 51 28 26 47 41 63 15 35 12 64 2 7
29 10 19 26 30 3 17 34 60 11 55 39 1 20 21 28 33 32 54 37 63 47 15 51 42 23 41 52 49 9 64 2 16 35 8 50 43 12 46 58 25 40 48 57 24 62 5 14 4 44 38 36 31 22 7 59 27 53 18 56 13 45 61 6
26 61 11 33 56 64 13 54 44 43 4 62 5 3 52 7 1 19 8 34 38 37 25 39 58 20 15 36 31 40 59 51 24 29 14 35 50 22 60 41 53 28 63 18 10 2 49 42 57 6 48 47 12 23 55 21 46 27 30 32 16 17 45 9
3 25 5 17 52 7 56 53 37 35 45 40 55 44 33 31 59 29 41 42 28 8 10 6 39 50 13 64 38 27 23 36 49 21 47 11 22 24 54 63 16 15 26 58 18 9 12 57 34 19 51 1 61 43 60 30 32 46 48 20 4 2 62 14
32 38 3 53 18 49 55 19 8 62 34 16 23 52 7 12 20 61 31 40 64 51 43 27 41 17 42 28 30 48 26 25 56 54 24 1 39 45 13 22 59 9 37 6 35 14 60 44 5 10 29 33 50 46 21 2 63 57 11 58 36 47 4 15
44 58 62 28 50 9 48 16 35 18 20 55 56 64 24 34 6 14 1 7 15 31 42 29 45 60 53 27 61 12 13 59 52 38 33 22 37 19 47 39 3 51 30 32 21 23 17 2 11 25 26 4 63 10 8 54 43 5 46 49 41 40 36 57
1 33 14 38 7 2 45 27 64 60 37 21 25 36 17 18 26 51 9 55 54 44 61 10 8 32 62 41 50 35 22 30 58 39 5 15 23 31 43 59 63 6 4 3 12 57 48 28 20 42 46 56 49 47 24 11 16 13 29 40 34 53 19 52
15 63 7 24 26 62 22 49 52 3 36 58 27 34 31 20 5 42 25 54 37 10 51 50 30 46 21 33 9 6 19 48 47 57 1 8 38 41 32 2 60 61 40 17 16 44 39 53 56 35 55 12 43 13 23 18 28 59 45 11 14 4 64 29
46 26 27 34 29 30 54 61 2 59 60 32 19 15 64 17 50 25 52 22 8 45 48 36 1 40 47 6 10 5 44 16 20 62 21 24 49 23 9 43 56 13 12 14 33 51 37 31 63 38 18 41 42 35 3 39 4 58 28 7 55 11 57 53
35 50 17 36 62 29 39 60 40 31 24 3 61 59 1 45 23 34 26 48 4 2 54 30 49 10 44 63 37 47 8 55 7 53 51 64 58 28 21 32 11 25 46 13 42 15 52 19 41 22 14 18 6 57 16 12 9 56 5 38 43 20 27 33
2 51 46 13 5 1 36 15 43 10 41 22 30 61 27 14 60 26 55 63 58 59 11 7 53 6 3 57 18 21 56 23 50 45 62 42 35 16 34 38 40 52 19 47 4 24 25 9 32 37 44 17 54 48 12 8 49 29 20 39 31 33 28 64
58 41 35 14 27 42 47 36 13 23 2 24 51 21 32 48 11 4 12 57 61 34 59 19 29 44 43 56 7 17 38 50 60 25 26 39 6 62 22 5 64 46 45 55 28 40 9 20 31 30 16 63 52 37 54 1 18 33 15 8 3 10 53 49
33 14 51 63 24 58 43 6 62 21 46 49 3 18 4 27 41 36 7 11 13 56 50 15 12 19 48 59 40 53 47 32 23 64 30 17 52 5 28 54 57 45 1 37 20 8 42 55 22 26 39 44 35 25 38 16 29 10 61 60 2 9 34 31
25 21 40 52 3 33 14 43 5 39 62 8 47 58 42 30 12 64 45 10 20 35 26 38 44 57 18 16 1 11 24 7 37 22 17 41 2 63 46 51 19 36 13 56 31 6 29 54 61 9 28 34 27 53 50 4 59 55 60 48 32 15 49 23
43 29 48 11 63 20 42 64 33 4 15 54 60 28 30 23 39 50 58 25 1 38 34 59 22 7 12 32 31 52 41 35 46 51 40 13 14 55 10 21 47 18 56 49 8 36 45 3 44 2 37 24 57 5 9 17 6 61 16 53 27 19 62 26
19 44 6 2 14 27 41 30 15 45 22 28 20 4 11 40 9 62 63 13 64 50 58 21 61 29 23 54 24 26 32 34 25 17 59 38 5 48 57 52 51 60 49 39 35 42 3 43 46 55 12 53 47 16 18 33 56 8 7 31 10 1 37 36
16 37 21 54 57 64 29 58 47 62 34 44 24 43 45 51 10 20 61 1 53 32 31 8 28 59 36 3 55 22 33 60 2 46 38 12 30 18 49 42 14 41 23 5 50 25 7 48 35 15 9 13 4 26 17 27 40 39 52 6 11 56 19 63
10 12 34 50 4 37 31 28 1 23 26 56 29 7 35 57 61 63 64 3 2 21 47 54 13 15 24 43 60 36 22 9 39 58 16 14 62 6 18 40 48 5 11 53 52 41 44 42 30 33 19 59 17 32 46 25 20 49 27 55 8 51 38 45
49 46 59 17 36 5 27 63 18 38 55 10 4 32 20 6 7 16 34 41 48 22 52 12 24 35 42 13 56 28 64 61 51 14 44 15 11 1 50 57 37 2 25 54 33 30 19 8 9 3 21 29 26 31 45 47 53 62 58 23 40 60 43 39
51 33 8 44 45 23 47 57 63 25 4 50 32 46 41 5 13 9 35 42 21 24 62 43 60 28 56 26 12 30 19 38 10 59 31 7 18 3 40 53 49 39 36 17 14 1 16 11 37 58 61 6 55 20 27 34 52 48 2 15 22 64 29 54
4 24 16 60 41 44 52 18 35 1 21 9 45 37 51 63 56 49 47 15 14 11 20 64 23 38 58 39 19 55 48 12 40 2 6 32 61 43 54 34 17 29 59 27 42 33 62 30 28 10 46 5 36 3 57 31 50 26 22 25 53 7 8 13
52 17 49 16 19 61 57 42 64 35 6 36 11 54 25 39 43 7 13 28 18 60 1 14 59 63 22 38 27 32 37 58 53 10 23 26 8 45 30 15 20 56 34 48 44 47 21 12 3 5 40 31 50 55 51 9 46 33 24 2 29 62 4 41
34 25 41 57 10 42 59 45 38 12 35 6 18 56 36 31 19 22 2 50 49 48 24 58 11 17 9 20 30 51 8 29 27 43 28 64 60 53 16 44 32 1 4 55 47 39 46 5 54 62 15 33 37 7 61 40 13 52 23 14 26 3 63 21
62 2 63 32 30 38 18 22 10 11 64 19 42 47 7 45 28 53 27 40 9 5 60 43 6 12 37 58 51 33 26 25 31 44 15 35 57 46 48 23 41 50 49 3 54 20 61 17 29 34 56 21 24 8 52 55 1 14 13 59 39 16 36 4
17 31 20 37 34 7 43 19 23 4 45 53 36 39 64 16 22 58 38 24 3 10 57 21 62 2 6 9 35 49 41 32 61 30 52 50 29 8 1 56 59 44 60 12 15 13 27 46 26 42 51 25 14 28 40 48 5 55 18 63 47 54 11 33
53 39 52 33 23 19 2 31 40 60 9 27 58 38 17 26 16 42 54 37 6 46 32 51 41 61 20 14 50 35 4 30 34 15 29 1 12 28 8 13 25 22 47 49 5 62 36 10 18 21 55 43 59 63 56 24 3 7 11 64 57 44 45 48
61 15 23 64 38 53 40 48 42 43 39 33 57 30 58 41 51 8 31 45 35 34 9 4 54 56 17 60 7 24 2 44 3 29 46 25 1 27 13 11 47 63 26 52 6 50 14 49 10 18 28 16 20 19 59 62 32 36 55 12 21 37 22 5
55 32 18 26 48 15 16 17 8 41 44 4 52 29 14 7 33 46 3 56 51 25 5 36 38 45 50 12 62 9 49 59 39 11 64 31 54 19 43 28 34 30 37 47 24 58 20 40 6 27 23 1 60 21 63 22 42 10 53 57 13 35 61 2
64 13 42 12 55 59 17 43 22 3 61 30 37 60 9 53 31 39 6 21 34 36 52 19 56 10 5 28 20 1 47 27 2 54 4 45 32 49 26 25 33 16 46 40 23 29 18 38 48 57 14 11 44 50 62 58 41 63 7 35 51 24 15 8
11 27 35 40 2 46 41 39 32 19 36 47 25 64 8 29 54 17 60 22 4 51 34 23 24 7 15 30 26 48 18 20 42 14 53 62 3 44 45 9 63 43 10 6 49 5 55 1 50 13 59 52 28 61 21 37 31 58 16 56 33 57 12 38
21 11 60 7 22 50 13 29 37 6 20 14 33 52 55 34 47 12 24 59 54 39 62 44 36 25 45 61 49 15 23 51 38 4 18 42 17 41 2 35 5 31 40 57 10 8 28 64 19 48 27 63 46 58 9 53 1 3 26 32 43 30 16 56
43 38 33 23 52 26 22 9 60 39 53 35 44 24 15 50 20 51 25 29 10 45 8 30 42 58 34 48 47 27 63 16 19 37 61 11 59 56 36 64 1 57 21 32 4 40 17 14 2 55 6 41 31 12 13 54 28 5 3 46 62 18 49 7
29 58 50 31 47 3 61 55 53 57 56 51 28 36 12 20 64 11 63 54 15 44 37 52 16 40 13 26 38 5 24 62 17 43 9 30 22 34 19 8 42 21 41 1 18 14 48 25 6 2 35 4 49 10 23 59 7 60 33 45 39 46 32 27
42 54 38 30 13 14 45 62 56 21 12 48 61 23 57 52 39 37 50 55 63 2 58 10 33 32 43 16 17 31 59 9 7 35 8 22 64 24 44 20 11 40 53 18 28 41 3 34 47 19 29 36 51 4 6 60 5 15 46 1 26 25 27 49
16 57 9 58 18 55 39 6 19 10 42 63 23 20 33 12 11 34 29 44 28 7 1 27 37 54 41 32 24 4 62 36 13 2 40 8 14 35 17 21 38 64 30 59 25 3 45 47 26 50 31 49 61 51 60 5 52 46 48 43 53 22 56 15
4 10 44 11 25 31 3 57 51 17 63 28 9 34 53 24 13 33 26 7 22 8 20 32 30 18 19 14 61 59 56 48 58 12 16 29 39 37 60 46 64 15 45 50 40 1 42 62 41 35 49 38 43 52 54 21 6 27 5 36 2 47 23 55
32 24 19 35 27 5 7 54 2 18 41 39 3 44 62 15 43 53 56 11 26 6 42 59 49 47 61 33 10 63 9 31 51 30 13 37 50 23 64 22 57 38 1 58 21 12 60 28 36 25 48 34 29 46 55 16 8 45 52 20 40 17 14 4
15 49 20 2 56 32 27 59 26 22 17 45 24 28 21 18 7 4 41 25 37 14 35 12 3 31 51 64 6 40 13 55 61 34 39 52 46 54 53 62 60 47 48 23 1 42 8 44 9 29 38 58 63 43 16 11 19 57 30 10 36 33 50 5
51 41 24 10 17 20 55 60 44 59 40 18 62 32 13 56 4 29 9 31 38 47 53 8 64 46 28 34 16 57 48 54 25 21 15 23 35 50 49 52 14 2 61 42 19 36 12 43 5 22 37 7 26 30 27 33 63 39 45 58 11 1 3 6
33 4 5 20 54 35 64 63 43 14 37 49 30 22 61 28 1 31 57 34 55 42 26 60 29 27 36 17 40 52 38 23 56 51 6 44 3 39 32 58 24 41 13 16 12 18 19 11 50 45 21 46 48 47 7 62 53 25 59 15 8 10 2 9
35 31 43 63 5 29 14 28 48 46 2 21 55 3 10 32 49 19 42 57 8 38 59 7 50 30 6 51 23 47 40 34 37 15 60 16 58 20 52 17 41 44 56 39 45 54 33 9 4 26 11 24 12 22 25 1 27 13 36 53 18 62 64 61
2 9 21 17 36 49 42 35 13 16 8 53 54 25 3 6 22 26 55 63 50 32 4 38 58 15 24 41 37 12 10 7 31 45 52 46 11 51 34 59 40 19 23 14 27 30 62 1 28 44 39 18 57 5 61 48 43 29 47 56 20 60 33 64
52 21 26 44 2 8 35 31 5 30 36 24 1 43 56 4 45 38 46 41 39 33 54 50 60 57 15 27 12 42 32 37 20 11 53 59 51 22 48 6 16 34 25 13 14 64 61 3 19 28 17 47 29 23 58 18 49 9 40 55 10 7 62 63
19 2 6 14 30 46 4 22 36 49 17 8 11 18 13 5 9 25 45 10 7 31 24 29 28 50 37 43 58 41 20 35 53 60 32 26 23 42 64 63 3 1 33 34 16 51 21 48 54 38 47 39 15 12 52 55 40 62 27 59 61 44 57 56
21 29 41 53 40 50 25 45 33 22 43 35 4 39 52 14 5 62 27 48 6 11 38 3 8 19 13 63 36 18 26 60 24 59 23 47 2 12 1 54 37 58 20 7 17 9 49 55 10 30 16 44 42 64 51 31 56 61 15 46 32 34 28 57
11 14 59 34 3 33 54 21 2 31 24 22 20 37 41 27 10 16 7 1 13 35 50 5 6 28 23 36 18 26 15 12 8 25 51 17 49 43 9 61 32 30 64 58 42 39 52 4 44 29 63 19 47 46 38 53 62 56 60 40 57 45 55 48
9 5 3 37 63 30 2 49 62 45 23 58 47 21 32 59 41 28 8 43 16 24 10 15 13 12 20 64 1 7 44 6 60 4 31 55 52 61 56 53 51 50 11 38 54 25 39 33 18 22 26 17 46 40 57 42 35 14 29 48 27 19 36 34
10 47 48 43 14 27 13 36 52 24 51 16 15 30 26 60 35 7 2 38 58 5 32 6 45 61 62 29 59 21 33 50 46 42 56 39 1 63 28 57 49 31 55 11 20 22 54 64 40 3 44 23 8 37 19 4 18 12 9 25 34 17 53 41
36 53 54 32 41 3 48 24 1 61 52 40 22 64 31 44 28 5 34 42 2 37 25 59 12 60 21 58 9 11 55 10 47 17 26 6 7 62 50 51 20 39 63 19 15 23 27 57 30 13 18 56 33 35 45 46 29 49 8 14 4 16 43 38
58 61 63 35 7 62 56 18 53 8 60 54 27 49 21 48 23 36 52 26 1 59 15 57 64 42 47 3 55 17 51 39 50 10 38 46 43 31 41 45 25 28 44 12 5 6 30 20 11 33 24 2 14 16 37 40 4 32 13 19 22 9 34 29
48 25 33 31 24 2 52 30 22 1 45 55 51 7 62 10 54 49 58 13 38 56 60 36 39 63 42 47 53 15 43 61 14 18 44 11 5 16 40 41 21 46 19 37 8 57 32 17 29 6 9 4 28 50 35 34 20 26 59 23 3 64 12 27
49 63 24 60 64 1 37 58 45 12 53 62 19 54 33 17 21 61 13 8 15 50 51 42 29 44 26 39 56 6 32 52 41 31 5 38 46 3 10 43 55 9 23 27 14 20 16 47 34 28 35 36 4 22 18 30 59 48 40 2 7 57 11 25
25 10 51 31 7 29 18 64 9 14 62 30 5 46 20 23 59 63 1 3 28 34 57 4 39 6 52 13 27 53 22 2 32 44 38 41 36 55 47 42 48 43 33 54 35 24 37 40 12 50 15 45 11 58 26 17 16 8 61 60 21 56 49 19
62 51 11 16 64 53 14 8 18 17 21 50 45 36 24 26 31 58 63 41 20 46 43 23 44 2 5 52 19 40 38 4 49 35 33 47 6 48 57 32 42 25 56 3 1 28 7 10 37 9 61 34 60 30 39 27 13 59 55 12 29 54 22 15
53 38 49 50 52 20 22 42 37 21 2 39 19 47 18 56 43 1 25 29 55 10 11 12 62 44 48 33 35 36 24 7 40 34 28 30 61 41 23 26 60 15 45 57 64 16 5 54 3 58 51 46 31 63 17 59 9 6 13 8 32 4 27 14
51 46 35 28 17 62 29 63 23 25 20 32 54 60 11 15 19 58 22 10 7 56 31 33 36 2 3 39 38 49 43 21 27 14 4 44 64 34 53 5 24 57 40 18 41 13 9 30 50 42 16 48 59 61 8 37 1 52 47 6 12 55 45 26
42 33 8 36 23 32 27 39 61 3 37 6 30 28 15 19 16 9 57 13 4 22 59 38 11 35 44 47 49 17 7 52 26 21 18 25 60 51 2 43 41 5 10 45 12 64 29 46 48 14 40 53 24 20 56 34 31 55 58 63 62 1 50 54
43 41 16 40 26 37 36 29 10 30 8 9 27 49 14 34 4 32 35 11 50 21 15 48 3 31 52 17 25 6 18 2 23 46 47 42 38 24 20 5 19 51 61 13 28 12 60 44 22 62 56 7 63 57 55 54 59 58 53 45 1 33 64 39
29 12 50 35 34 2 42 37 44 18 43 27 24 22 17 32 7 4 60 15 9 36 3 21 62 11 48 38 26 28 19 61 14 51 46 31 5 58 30 23 16 6 13 56 8 54 25 49 63 10 59 1 20 47 39 33 53 57 45 64 55 40 41 52
33 27 20 30 13 15 11 4 32 16 62 10 25 29 21 18 31 22 56 60 8 19 34 50 59 42 12 43 17 53 46 35 26 3 64 9 6 5 54 41 1 61 44 14 52 57 7 58 28 48 38 2 23 55 40 24 63 45 36 39 47 51 37 49
35 49 17 10 45 14 7 15 47 8 6 44 33 4 12 48 23 3 13 57 54 38 5 43 24 29 28 56 40 46 9 30 41 61 60 32 59 20 16 22 21 63 64 1 19 42 37 62 2 55 39 58 26 51 50 27 31 53 52 36 18 11 34 25
17 44 52 54 47 7 46 8 51 19 53 18 3 15 10 16 56 20 9 58 21 33 11 14 43 45 26 6 60 61 13 36 32 39 41 50 22 23 57 64 63 38 1 59 49 62 30 5 29 34 24 12 55 42 27 25 28 48 2 31 40 37 4 35
15 13 38 20 18 26 37 16 19 11 4 3 32 57 7 28 59 12 58 40 31 39 61 8 22 6 9 51 55 24 63 62 50 64 30 14 54 1 23 42 5 56 60 53 10 2 17 25 47 27 48 41 52 43 35 45 49 36 34 44 21 46 33 29
3 17 14 33 62 23 43 35 15 39 44 36 28 54 55 40 47 49 24 8 53 6 4 27 61 7 34 60 16 63 10 58 51 30 59 1 57 50 13 56 25 64 12 42 2 5 20 19 11 9 37 52 31 48 21 22 45 29 46 38 41 18 32 26
53 24 40 38 22 19 5 18 9 49 64 14 51 44 27 4 21 17 12 37 39 32 47 7 23 58 61 34 56 57 48 31 10 1 62 52 15 54 41 11 59 60 20 16 45 30 33 42 46 6 55 63 28 3 13 2 50 8 26 35 36 25 29 43
44 15 7 23 27 49 41 58 26 6 40 45 55 32 4 29 33 14 46 25 61 60 57 30 50 63 56 54 10 1 59 51 42 43 34 62 35 48 22 13 64 9 52 8 24 53 16 20 3 21 47 5 17 31 37 12 19 39 18 11 38 2 28 36
32 54 34 12 50 5 33 48 11 4 42 55 60 38 53 45 64 9 61 63 10 14 62 17 1 56 22 40 24 59 23 39 21 58 29 13 18 44 47 15 57 36 41 7 27 28 46 2 37 35 31 6 51 25 3 52 16 26 30 49 8 43 20 19
62 11 46 60 56 38 31 27 42 10 26 54 1 61 58 63 12 41 15 45 22 47 35 64 53 23 17 59 6 30 2 20 34 57 13 37 50 55 18 39 14 52 21 48 25 16 44 43 36 5 29 51 49 8 7 40 4 3 24 32 28 9 19 33
49 50 43 7 31 9 55 64 63 1 39 4 29 24 8 41 2 61 42 22 35 25 60 57 10 59 58 3 51 48 62 34 38 54 52 15 37 16 17 40 56 47 53 6 44 13 5 12 32 45 21 11 36 28 26 19 14 46 33 23 20 30 18 27
64 58 63 13 48 59 40 30 41 60 12 19 42 7 25 53 61 50 31 56 14 1 51 10 34 27 43 57 62 32 4 54 17 18 5 35 47 22 49 2 52 45 36 39 21 6 55 38 9 37 11 29 44 26 16 8 46 15 28 20 33 24 3 23
61 37 8 2 24 53 59 60 3 46 41 49 36 43 62 57 54 63 29 31 1 48 42 58 44 20 50 52 47 27 51 38 64 33 6 16 30 56 40 45 55 28 19 5 4 15 32 34 12 26 9 18 14 10 17 39 13 25 23 7 22 35 11 21
46 43 19 52 38 44 45 28 40 57 56 63 62 58 61 36 51 42 1 54 26 59 31 60 49 47 5 12 41 35 64 55 3 37 17 23 29 39 32 34 48 2 11 50 18 33 14 53 4 25 27 21 6 7 24 30 9 13 20 8 10 22 16 15
58 39 23 64 4 1 56 61 43 62 63 47 5 59 57 50 60 46 41 24 3 45 48 52 42 38 51 30 53 55 54 28 40 44 32 22 33 31 10 26 34 29 49 37 16 36 8 14 35 18 6 25 27 21 12 17 20 9 11 19 13 15 2 7
34 4 27 58 57 61 64 62 60 38 55 51 56 52 36 39 1 29 50 59 63 40 53 54 26 25 42 9 30 33 41 37 49 31 44 24 12 14 45 35 17 21 48 23 5 18 28 8 20 2 19 47 7 16 46 11 43 32 22 6 3 10 15 13
1 63 60 57 54 58 52 59 56 41 46 62 44 42 45 61 49 53 55 34 48 51 26 39 64 30 47 13 50 31 37 23 27 10 15 29 43 35 21 38 40 22 25 32 33 20 36 28 5 19 17 24 11 4 18 9 8 6 16 2 7 3 12 14
48 61 62 63 55 35 57 54 53 59 60 33 58 56 64 51 50 1 52 26 37 42 43 44 28 46 45 41 31 47 40 25 23 29 39 7 17 21 36 32 38 18 30 49 6 24 9 22 34 15 12 13 4 19 8 16 27 5 3 10 11 20 14 2
