0.19054813960229486 0.1676253467206305 0.12699627723177587 0.046243439726471075 0.05490870309637191 0.061811768140776775 0.05476809335934178 0.0667145886692607 0.0562813594921899 0.053887054359701925 0.03670023760856001 0.007691727099182413 0.031632849436831666 0.013445647667194607 0.013713397973853595 0.008833622834786406 0.008197746980776162
8 2 7 3 5 1 6 4
4 6 3 8 1 2 5 7
5 4 8 2 3 6 1 7
2 7 1 3 8 5 4 6
2 5 6 1 7 3 8 4
8 7 2 5 3 1 6 4
5 6 7 3 8 1 2 4
2 5 7 3 8 1 4 6
8 7 2 3 5 6 1 4
2 4 8 3 5 1 6 7
8 6 7 1 3 5 2 4
3 5 1 2 7 4 6 8
8 7 6 2 3 1 5 4
4 5 8 3 1 2 6 7
4 5 3 2 8 1 6 7
2 5 7 8 1 3 6 4
8 5 1 3 7 2 6 4
