0.15250138004330258 0.11784311172794401 0.1038800463934473 0.08369443398446082 0.0689751719112731 0.061210405921465705 0.060598466035257016 0.027444935895372582 0.03283773711292968 0.025659032529308335 0.02357605209887852 0.0395849376179639 0.02392008298363779 0.02568905015340895 0.00830685201639024 0.020433484959211705 0.029196350384868112 0.020805536906235916 0.018436965525340947 0.016663860068958602 0.0097366180504118 0.011393741031187692 0.008795039229912564 0.00493383334443437 0.003882874074397687
5 1 4 8 3 6 2 7
3 4 7 1 2 5 8 6
2 6 8 7 5 3 4 1
1 2 6 3 4 8 7 5
7 8 1 6 3 2 5 4
6 7 2 5 1 4 3 8
4 6 5 2 8 3 1 7
8 5 7 4 6 1 2 3
1 3 4 5 7 6 8 2
8 5 6 1 3 7 4 2
2 6 3 4 8 5 7 1
8 2 7 4 3 1 5 6
5 8 4 7 1 2 3 6
1 4 5 3 8 6 2 7
7 5 4 2 1 3 6 8
6 8 7 1 2 5 4 3
7 4 1 6 3 8 2 5
1 6 2 5 4 3 8 7
2 5 6 1 3 4 8 7
5 1 7 4 2 6 3 8
6 3 8 2 4 5 7 1
7 6 4 3 8 2 5 1
3 8 4 5 1 6 7 2
4 2 6 7 3 5 1 8
8 2 4 6 1 5 7 3
