13033 10498 10417 8305 8134 7356 5666 5514 5105 3181 3295 3423 2353 2164 1788 1853 1628 1056 1044 733 637 561 502 329 305 175 179 151 101 93 72 51 51 49 38 23 27 24 15 16 11 8 8 6 5 4 3 2 2 1 1 1 1 1 1
3 4 2 7 8 9 1 5 6 10
10 5 4 8 7 1 6 9 3 2
5 3 8 6 9 2 7 10 1 4
4 1 7 3 2 10 5 8 9 6
9 7 6 2 1 3 10 4 8 5
8 6 3 9 4 5 2 1 10 7
3 2 1 10 9 8 5 6 7 4
7 8 9 5 10 6 1 3 4 2
2 6 10 1 3 4 9 7 5 8
1 10 5 4 8 7 6 2 3 9
4 1 6 7 5 10 8 9 2 3
6 9 4 8 7 5 3 2 10 1
1 5 2 3 6 8 4 7 9 10
9 5 8 4 7 3 10 6 1 2
2 10 1 7 5 9 8 3 4 6
7 3 5 9 10 2 4 1 6 8
3 2 9 10 8 1 6 5 7 4
8 1 3 6 9 7 2 4 5 10
4 7 9 3 1 8 10 6 2 5
1 8 5 7 2 6 9 10 4 3
6 10 5 4 1 9 3 7 8 2
2 9 3 7 10 5 4 8 1 6
9 7 5 1 6 10 2 3 8 4
3 1 10 8 5 2 6 7 4 9
1 8 3 6 5 7 10 2 9 4
6 2 1 8 9 4 7 5 10 3
7 5 1 4 6 3 2 8 10 9
6 2 3 4 10 8 7 5 1 9
4 2 6 8 5 3 9 1 7 10
2 5 10 8 9 6 4 3 7 1
3 7 10 6 5 8 9 4 1 2
8 10 1 4 6 5 3 7 9 2
7 1 8 6 10 4 3 5 2 9
2 3 1 10 4 9 6 5 7 8
1 7 6 3 8 5 9 2 4 10
3 1 6 8 5 10 2 7 9 4
8 2 3 7 9 5 4 10 1 6
3 10 1 9 5 4 6 2 7 8
4 3 10 8 6 9 7 5 2 1
7 5 8 1 6 10 3 2 9 4
4 3 6 7 9 8 2 5 10 1
1 8 3 6 5 4 7 10 9 2
8 2 10 9 5 7 3 6 1 4
2 8 5 10 6 3 1 7 4 9
4 7 9 6 3 5 1 2 8 10
1 2 8 9 5 4 3 10 7 6
7 10 6 1 5 8 9 3 2 4
8 7 1 6 9 5 2 3 10 4
8 3 5 1 6 4 2 7 10 9
3 5 8 7 6 4 9 10 1 2
4 7 1 9 5 8 3 6 2 10
3 10 8 1 9 5 2 6 7 4
4 3 1 10 5 9 7 6 8 2
2 5 8 7 6 3 9 10 1 4
3 7 5 6 9 8 1 2 4 10
