38045 36246 35826 36408 34758 33901 34412 31621 32128 29796 30661 29128 29711 28757 27604 27141 26892 25582 25766 26114 25749 24727 23077 21996 21286 21012 19913 18483 17551 16013 14749 7312 5999 6017 6123 5943 5575 5079 5252 4738 4591 4878 4533 4131 4619 3921 4189 3832 3569 3550 3294 3263 3183 2890 2746 2655 2390 2261 2246 2060 1928 1839 1633 1580 1477 1362 1248 1155 1094 1073 1052 943 977 815 914 774 727 748 742 619 599 608 575 505 516 426 423 384 384 326 354 347 305 269 290 260 265 247 243 212 214 192 199 167 189 174 148 154 137 126 123 120 104 95 102 93 84 88 78 77 68 64 51 58 59 53 42 44 41 39 39 33 34 34 31 32 29 27 25 23 23 20 21 18 17 16 15 14 13 14 12 11 10 11 9 9 9 8 8 7 7 6 6 6 6 5 5 5 4 4 4 4 3 3 3 3 3 3 2 2 2 2 2 2 2 1 1 1 1 1 1 1 1 1 1 1 1 1 1 1 1 1 1 1 1 1
19 30 24 6 11 17 12 9 15 16 22 31 1 7 23 3 27 2 25 32 21 18 28 13 29 20 26 10 14 8 5 4
4 18 21 9 1 20 27 19 6 17 7 5 28 2 8 12 23 10 14 22 15 31 24 29 30 26 13 32 16 11 25 3
18 6 11 7 22 26 31 29 12 27 10 24 15 28 25 20 8 23 16 2 4 13 14 32 17 9 1 3 5 19 21 30
16 27 15 13 7 30 26 18 23 29 28 25 9 17 14 8 6 19 21 3 22 5 32 4 24 1 31 2 20 10 12 11
24 17 7 16 29 14 20 12 19 22 18 13 32 30 2 25 28 11 27 26 31 6 5 15 8 3 9 21 10 1 4 23
14 32 17 22 6 5 28 31 24 21 20 11 27 18 9 23 25 1 2 8 10 15 16 12 7 19 30 4 13 26 3 29
20 14 5 18 8 6 22 10 26 23 1 28 13 25 11 9 17 15 3 19 2 32 21 7 27 30 4 29 12 31 16 24
15 11 14 3 23 18 7 8 29 31 27 26 21 19 6 28 1 16 22 10 13 4 9 24 5 17 20 12 32 25 30 2
10 8 25 26 3 2 18 11 17 13 6 30 20 1 27 29 7 31 4 9 14 24 12 22 23 16 15 5 19 28 32 21
26 2 13 23 30 7 3 28 27 32 16 15 29 9 21 1 10 5 31 12 11 25 8 14 4 22 17 6 18 24 20 19
27 26 18 11 13 4 1 2 5 14 29 19 17 24 12 21 15 30 20 16 6 8 10 3 25 32 23 31 28 9 22 7
5 7 16 29 24 27 14 32 10 26 9 22 2 4 15 30 19 12 6 21 28 20 17 31 3 8 11 18 1 23 13 25
8 16 31 1 4 22 5 7 11 6 32 17 12 26 19 15 9 27 13 30 18 2 3 10 20 23 21 25 29 14 24 28
29 15 9 27 28 25 6 5 16 24 17 18 23 32 22 19 31 13 26 4 1 11 30 21 12 7 8 14 3 2 10 20
25 24 29 14 20 21 16 3 22 19 15 9 5 6 4 32 30 26 8 18 7 10 1 23 11 28 12 13 31 17 2 27
17 22 32 5 15 28 2 26 25 8 21 3 10 11 24 13 18 4 19 23 30 14 20 6 1 29 16 27 9 7 31 12
12 4 1 24 27 23 8 30 3 20 31 29 14 16 18 26 13 21 10 7 19 9 2 28 32 25 6 22 15 5 11 17
23 12 10 25 5 15 4 14 28 3 11 1 19 27 16 6 2 18 32 29 24 26 31 30 9 21 22 8 17 20 7 13
30 25 2 19 16 3 32 15 31 1 14 27 4 23 7 10 20 28 17 5 9 21 29 18 13 11 24 26 6 12 8 22
6 10 20 15 2 1 29 13 21 5 25 8 16 12 26 14 22 32 11 27 23 19 7 17 31 4 3 30 24 18 28 9
13 5 4 17 21 31 15 27 18 7 3 20 22 10 30 24 32 9 28 14 12 16 26 11 19 6 2 1 25 29 23 8
32 28 27 31 9 8 25 23 7 30 12 16 18 15 29 4 24 3 5 11 20 1 13 2 6 10 19 17 22 21 14 26
22 19 28 20 31 11 13 24 8 15 4 12 7 3 10 17 21 29 23 25 26 27 18 1 2 14 5 9 30 32 6 16
9 21 26 10 12 24 19 25 13 28 2 23 6 5 1 31 16 7 18 17 3 30 11 27 22 15 14 20 8 4 29 32
2 23 12 30 26 13 10 6 1 25 19 21 3 14 20 22 29 8 7 31 17 28 4 9 18 24 32 16 11 27 15 5
1 13 6 4 18 29 11 22 20 2 8 7 30 31 17 5 26 25 14 24 32 3 23 19 16 12 27 28 21 15 9 10
21 31 8 28 19 32 9 16 30 18 24 10 26 22 3 2 12 17 29 15 25 23 27 20 14 5 7 11 4 13 1 6
11 29 30 2 32 9 24 1 4 10 23 5 25 21 31 27 3 22 12 20 16 7 19 8 28 13 18 15 26 6 17 14
3 9 23 12 10 16 17 20 32 4 26 6 24 13 5 7 11 14 30 1 8 29 15 25 21 27 28 19 2 22 18 31
31 20 19 8 17 10 23 21 14 9 30 32 11 29 28 18 4 6 15 13 5 12 22 16 26 2 25 24 7 3 27 1
28 1 22 32 14 12 30 4 9 11 13 2 31 8 23 3 5 20 24 6 21 17 25 26 10 18 29 7 27 16 19 15
7 3 11 6 25 19 21 17 2 12 5 4 1 20 13 16 27 24 9 28 29 22 14 8 15 31 10 32 23 30 26 18
16 6 3 21 25 17 8 19 29 12 7 4 28 20 13 11 14 2 1 32 27 22 9 5 15 31 10 24 23 30 26 18
7 3 21 24 22 19 4 9 15 12 5 14 8 28 32 16 31 10 1 2 27 17 6 13 30 29 20 23 26 11 25 18
10 18 3 21 1 20 16 17 19 24 22 4 29 7 8 11 14 2 9 28 6 25 31 15 26 12 13 23 27 30 5 32
18 30 13 16 11 9 6 19 31 17 24 14 15 8 28 10 23 20 25 32 27 12 5 26 29 22 7 2 4 3 21 1
19 3 29 7 13 12 17 4 24 9 30 32 8 20 1 6 10 23 16 22 15 18 14 5 31 27 28 21 2 11 25 26
4 18 21 20 17 19 9 31 15 16 26 12 10 6 3 13 30 11 25 22 29 7 1 32 28 8 24 23 14 27 5 2
20 24 16 21 30 17 7 1 6 12 23 14 28 29 2 25 26 22 9 32 4 10 8 27 15 31 11 3 18 19 5 13
26 2 25 29 24 18 12 20 27 32 13 6 15 21 31 30 7 17 1 8 11 3 28 5 22 19 9 4 23 16 10 14
14 1 15 22 25 5 3 19 10 26 29 2 7 18 24 23 13 6 12 28 16 20 11 9 17 21 32 8 31 4 27 30
19 12 18 30 11 27 21 29 23 4 5 7 2 9 20 32 1 24 16 10 17 8 22 31 13 14 15 28 6 25 26 3
24 9 3 12 29 16 1 32 28 11 8 4 26 19 7 27 18 23 21 2 30 13 10 20 14 25 22 15 5 6 17 31
16 7 31 28 14 21 27 8 3 18 12 15 1 2 25 29 23 19 30 17 26 5 4 22 32 13 6 11 9 10 24 20
18 21 10 25 6 11 32 17 4 8 9 26 31 30 16 28 3 14 22 13 5 27 20 15 24 2 1 23 19 12 7 29
29 16 5 9 26 32 30 28 2 31 4 21 6 13 17 11 14 23 25 3 18 22 15 7 8 24 27 10 1 19 20 12
15 3 14 23 8 24 20 22 19 13 27 1 4 17 9 7 21 10 2 26 25 28 29 30 5 18 12 6 16 32 31 11
4 30 32 26 28 29 2 18 22 25 16 23 11 27 6 8 9 19 7 31 1 24 14 12 10 15 17 21 3 20 13 5
19 22 1 27 23 13 14 21 26 2 31 11 17 25 10 20 4 8 15 9 12 30 7 5 18 28 16 29 32 24 3 6
3 8 26 14 12 28 11 10 9 6 21 31 20 22 13 16 25 2 27 15 32 4 23 24 1 5 18 7 17 30 29 19
28 26 30 19 20 2 22 12 16 1 5 18 3 32 14 21 6 25 24 29 13 31 27 11 4 7 10 9 23 15 8 17
27 11 9 18 32 10 13 14 12 28 15 3 30 26 5 1 8 7 31 20 24 29 16 19 21 17 23 4 25 2 6 22
8 27 24 3 9 7 28 6 15 29 32 5 10 23 22 31 19 16 1 18 2 26 13 14 20 12 4 17 21 11 30 25
17 10 7 4 22 6 25 30 21 27 23 8 24 20 26 14 11 31 12 19 28 15 5 29 9 16 3 2 13 1 32 18
7 31 5 1 3 19 18 26 17 23 2 29 12 24 4 22 20 21 9 25 27 6 30 10 11 32 14 16 15 13 28 8
26 13 15 17 7 25 24 2 23 22 14 27 18 31 32 9 12 11 6 8 10 1 3 16 30 19 29 20 28 21 5 4
25 32 17 6 5 4 31 19 14 3 11 20 9 8 18 2 30 1 23 24 7 12 26 28 15 10 21 13 29 22 16 27
10 25 11 2 15 5 26 7 30 20 1 14 13 12 28 19 29 24 18 32 3 21 17 6 16 9 31 27 22 8 4 23
12 23 28 32 21 31 19 13 25 14 6 9 27 16 29 4 5 20 10 1 15 2 18 3 26 30 8 22 24 17 11 7
31 6 12 13 4 14 27 3 32 10 18 17 19 28 21 23 15 26 29 7 20 5 24 25 2 11 30 1 8 9 22 16
24 20 21 10 31 22 29 25 11 15 7 30 14 4 8 26 32 17 16 27 19 23 12 2 28 6 13 18 5 3 1 9
11 4 20 31 16 1 5 24 29 19 25 13 32 3 2 17 23 15 30 12 22 9 21 18 6 8 28 26 27 7 14 10
20 29 8 5 1 26 12 9 13 7 19 22 23 11 30 15 16 4 32 14 21 18 6 17 25 3 24 31 10 27 2 28
23 18 31 8 27 12 21 16 28 26 17 32 22 1 24 6 10 30 25 2 5 11 9 13 3 4 20 19 7 29 15 14
13 15 25 11 10 20 16 9 8 30 22 2 21 29 3 24 4 6 17 28 23 31 5 1 12 27 19 32 14 26 18 7
32 28 13 29 24 31 6 7 27 17 3 16 2 14 5 18 26 12 21 22 8 20 25 4 19 1 10 30 11 23 9 15
16 24 6 21 29 1 23 15 26 9 20 12 8 2 10 13 28 18 31 17 14 32 7 3 22 11 5 25 30 4 19 27
14 2 18 22 26 30 4 3 9 32 11 8 29 10 15 5 24 27 20 6 31 13 19 21 17 23 25 1 7 28 12 16
27 20 5 24 18 8 1 4 2 16 12 22 15 7 31 26 25 28 13 11 3 10 32 17 23 21 6 14 29 19 9 30
8 18 20 1 30 4 22 26 10 24 5 28 16 19 12 17 2 13 15 23 27 14 3 32 29 9 31 11 25 7 21 6
4 28 27 30 14 10 17 19 1 21 13 25 26 11 6 9 31 29 8 16 20 3 2 5 12 7 32 15 22 18 23 24
15 31 11 12 19 7 2 13 3 4 29 5 28 6 1 10 8 32 14 21 26 16 17 18 30 24 27 22 20 9 25 23
29 14 16 20 2 5 9 28 24 11 26 23 7 21 25 31 6 22 27 10 4 17 15 1 19 32 3 18 13 30 12 8
21 29 3 15 11 6 30 8 18 10 32 20 5 13 26 23 14 28 7 12 9 1 4 22 16 2 17 31 19 24 27 25
10 23 7 9 27 25 15 18 6 1 31 21 22 16 17 32 13 12 2 28 29 19 30 24 11 20 14 26 8 3 5 4
25 32 14 7 17 22 13 30 16 20 19 9 1 31 27 11 18 3 4 26 21 8 12 2 6 29 23 10 15 28 24 5
7 8 17 6 31 12 25 32 19 18 15 27 2 4 13 30 22 14 1 5 10 24 28 26 3 16 29 20 21 23 11 9
12 26 21 23 6 13 11 25 5 3 20 31 8 2 7 1 28 18 24 22 19 30 16 9 32 10 15 27 14 29 4 17
28 4 10 31 13 2 14 21 20 24 30 1 32 3 23 29 17 6 26 11 22 9 8 7 25 15 16 19 27 5 18 12
31 27 29 28 23 19 3 10 13 15 2 30 14 12 20 4 9 7 32 1 8 22 11 6 26 5 21 25 24 17 16 18
3 16 32 8 4 14 23 11 31 19 1 26 9 25 21 22 24 20 10 30 7 29 27 12 5 6 18 28 17 15 13 2
20 24 12 21 25 3 7 29 32 31 17 11 28 5 9 14 8 13 23 4 15 6 18 30 27 19 2 16 10 1 26 22
18 7 2 5 24 32 28 14 15 27 23 4 6 17 11 8 31 1 29 3 12 21 26 25 9 13 20 30 16 22 10 19
26 19 25 10 3 20 31 17 11 29 4 6 23 32 16 27 7 8 28 15 1 5 14 21 2 22 13 9 18 12 30 24
19 20 9 11 21 29 10 24 22 23 12 3 17 14 18 2 25 31 30 16 13 27 6 4 15 26 1 7 5 32 8 28
14 2 21 24 32 8 12 20 30 22 18 17 19 28 29 15 27 26 25 9 5 7 31 16 10 3 4 13 23 6 1 11
31 22 1 29 9 18 8 6 24 12 5 15 16 10 26 19 11 25 4 7 2 23 13 27 28 14 30 3 32 20 17 21
21 1 11 16 22 26 32 31 12 25 7 18 5 20 17 24 30 19 14 6 28 4 23 29 8 27 9 2 3 10 15 13
25 6 3 17 29 9 5 22 4 30 16 13 21 1 24 7 14 23 26 2 18 15 19 10 20 28 12 31 11 27 32 8
8 25 4 2 26 21 6 12 5 32 9 14 31 7 28 18 3 11 15 27 20 16 10 17 13 30 24 29 1 19 22 23
3 15 10 13 8 24 11 2 17 7 22 28 29 18 4 16 32 30 12 14 23 26 25 20 1 5 19 6 9 21 31 27
16 10 29 27 1 4 2 15 23 6 8 12 24 19 14 25 18 28 9 21 32 7 22 13 31 17 11 20 30 26 3 5
17 13 30 22 10 31 15 4 7 9 3 24 12 11 8 6 1 27 18 29 14 2 21 28 5 23 25 32 20 16 19 26
26 30 32 4 7 19 1 9 18 16 29 20 15 8 2 21 6 17 22 23 3 12 27 5 10 24 31 13 28 11 14 25
27 9 22 25 15 12 26 10 21 13 14 29 3 30 19 28 23 4 1 32 31 20 5 11 8 18 17 7 6 24 2 16
11 3 15 26 12 30 4 23 28 5 21 7 18 27 22 19 2 10 6 17 24 13 32 14 16 20 1 8 29 31 25 9
12 11 18 32 5 28 13 6 14 20 24 17 27 1 31 4 9 16 8 26 7 29 23 3 21 10 30 25 19 2 22 15
4 7 14 3 31 16 21 29 2 12 6 13 30 18 27 20 28 15 24 5 9 25 17 10 26 11 22 19 23 8 1 32
24 27 8 22 19 17 25 26 31 14 11 15 4 12 32 13 5 3 20 7 1 9 28 21 2 16 6 23 10 18 29 30
23 29 28 24 16 14 3 17 6 21 1 2 10 26 12 7 22 18 13 20 25 4 11 27 19 30 5 15 32 9 8 31
18 8 31 14 17 25 30 22 16 28 26 5 1 4 3 11 20 2 32 12 21 24 9 29 6 19 13 27 15 7 10 23
29 2 17 10 30 13 18 24 3 22 20 16 11 23 15 8 26 32 7 31 27 1 4 5 12 21 9 28 25 19 6 14
32 21 16 20 14 6 12 30 19 23 15 18 26 31 11 27 29 7 2 25 10 5 3 17 22 28 8 9 1 13 24 4
10 26 24 15 11 5 16 20 25 30 32 31 13 29 1 18 19 14 21 9 8 23 7 12 27 22 28 2 3 4 17 6
28 31 5 2 20 21 17 11 8 32 9 27 19 15 30 24 4 6 10 1 16 22 12 18 3 29 23 14 7 25 26 13
7 30 26 12 24 2 9 3 32 31 13 14 20 17 25 5 21 23 22 6 19 8 16 15 29 27 10 18 11 1 4 28
19 25 20 32 6 9 23 8 22 4 27 26 7 13 21 1 10 12 31 15 30 14 2 16 28 3 29 11 18 24 5 17
14 22 12 28 32 10 8 21 1 25 24 3 9 5 20 15 7 29 18 23 2 19 26 4 13 6 16 17 27 31 30 11
20 14 24 27 3 18 10 16 7 19 22 6 30 25 13 31 12 11 1 32 26 17 15 28 9 2 4 29 5 8 23 21
24 28 7 31 22 3 14 19 20 17 29 11 4 10 9 26 13 30 25 5 15 27 18 32 23 1 2 6 12 16 21 8
25 1 14 16 5 8 20 31 26 9 7 32 23 3 10 22 17 19 27 28 12 15 13 6 4 24 18 21 29 30 11 2
23 4 28 3 1 20 22 9 5 8 19 12 11 32 6 29 30 17 14 31 13 2 24 25 18 15 7 26 21 10 27 16
29 19 31 17 18 32 16 7 30 27 14 21 12 28 23 10 6 25 8 3 4 26 22 11 24 13 20 1 9 2 15 5
17 12 32 13 9 26 29 2 23 10 3 4 22 19 7 6 1 8 24 20 5 11 25 31 15 14 21 30 28 27 16 18
8 9 27 4 26 22 31 25 11 3 6 1 10 7 5 2 18 16 15 17 14 21 30 19 20 23 12 32 24 28 13 29
27 5 17 29 7 24 3 12 10 15 25 9 1 6 18 21 2 22 28 8 23 16 19 20 13 31 14 4 30 11 32 26
19 24 6 11 21 1 28 32 18 5 23 8 29 13 20 30 3 26 4 10 22 7 14 9 27 2 15 16 17 12 31 25
11 23 22 5 4 30 7 14 28 29 8 16 31 19 13 17 15 3 9 27 25 18 2 26 1 20 32 10 6 21 12 24
10 15 8 25 12 16 32 20 21 28 2 30 18 29 1 7 23 4 26 9 3 6 31 14 17 13 27 22 24 5 11 19
21 6 20 30 29 17 1 18 4 16 31 28 26 8 15 23 13 27 7 14 24 12 10 3 25 5 19 11 22 9 2 32
26 13 16 8 23 4 6 17 14 7 21 24 2 32 25 10 20 1 12 29 18 30 5 27 28 11 31 3 9 15 19 22
7 25 15 26 16 19 4 9 24 6 11 2 27 5 22 14 29 8 23 13 31 10 32 1 30 3 21 28 20 17 18 12
15 19 1 6 8 11 25 24 12 26 18 23 17 10 2 29 9 28 20 21 4 7 13 30 16 22 5 31 32 3 14 27
4 10 30 1 18 31 29 19 27 14 12 25 15 7 3 20 5 21 2 22 16 11 6 13 9 17 24 8 28 26 32 23
3 24 2 22 11 12 18 4 15 19 5 31 21 20 14 1 27 10 13 26 32 30 8 29 23 25 7 17 16 6 28 9
13 16 18 24 17 14 10 15 29 22 12 26 3 9 31 19 28 20 6 25 8 21 27 11 4 1 2 7 5 32 23 30
32 22 4 29 31 13 23 3 20 21 16 27 24 28 11 26 10 19 8 2 9 6 7 30 5 12 1 15 17 18 25 14
18 6 15 30 2 28 12 13 3 26 20 7 32 23 10 5 22 14 11 4 1 19 17 16 8 24 29 9 25 27 21 31
12 20 1 4 13 25 21 31 23 10 17 11 8 6 7 28 14 15 30 16 27 18 9 19 24 26 3 2 29 22 5 32
28 2 30 17 7 9 22 11 10 6 13 14 16 21 19 4 32 26 31 1 23 25 29 5 3 8 18 20 12 15 27 24
20 26 5 11 14 24 9 8 18 30 1 21 28 25 27 6 19 2 15 12 10 31 16 17 32 23 4 29 13 7 3 22
21 14 32 31 10 5 6 30 16 28 18 17 13 3 23 24 26 25 1 7 29 20 11 2 22 15 8 27 19 4 9 12
14 4 22 6 1 8 28 29 21 31 7 20 5 2 9 17 27 23 24 11 13 26 19 32 12 30 15 25 18 10 16 3
15 31 28 27 5 10 14 16 19 7 25 4 24 17 6 21 11 1 20 23 26 3 18 12 2 29 9 32 30 13 22 8
18 15 20 13 25 32 7 22 5 27 21 30 3 31 8 16 24 9 29 2 19 12 6 28 11 14 10 4 23 17 1 26
12 1 8 10 9 13 20 23 17 4 6 24 18 30 32 27 5 22 26 21 2 14 3 7 19 16 28 31 11 29 15 25
23 28 7 5 19 31 2 24 26 8 9 32 16 14 21 13 6 11 4 25 12 1 22 10 29 27 20 30 15 3 17 18
24 32 29 25 21 18 17 7 31 11 2 3 14 26 12 22 9 20 10 13 5 27 28 4 30 19 16 6 1 23 8 15
10 5 16 2 31 26 30 32 7 20 23 8 27 13 28 11 15 12 21 17 22 24 4 9 18 6 25 1 3 19 14 29
29 9 11 26 30 22 3 6 25 23 31 15 2 20 18 8 4 19 12 32 28 16 5 14 17 10 24 21 27 1 7 13
32 12 6 13 3 11 1 10 28 9 19 2 7 4 31 30 20 17 25 26 15 23 14 18 5 29 22 16 21 8 24 27
16 8 17 32 12 28 31 21 11 1 4 5 22 10 2 18 23 7 27 9 30 15 13 25 3 24 14 26 20 6 29 19
17 5 3 14 16 2 25 13 4 15 29 9 11 28 7 31 19 27 23 20 21 8 24 26 22 12 32 10 6 18 30 1
25 19 31 1 27 30 15 3 12 14 22 23 20 2 11 13 7 4 32 8 9 29 26 6 16 28 17 18 10 24 21 5
19 30 12 28 23 4 32 17 20 16 27 31 8 9 5 25 21 14 7 15 13 6 29 1 10 22 3 2 24 26 18 11
3 23 18 21 26 9 16 11 24 12 8 1 15 6 19 32 14 30 28 10 29 4 7 31 2 25 5 22 13 20 27 17
20 6 24 29 8 19 11 18 1 5 15 25 26 32 16 2 28 9 30 14 17 7 10 13 31 3 27 21 22 12 23 4
28 29 26 4 13 12 8 9 27 21 32 6 1 7 30 24 17 16 18 2 14 10 25 20 15 23 31 3 5 11 19 22
7 14 4 8 20 25 13 28 30 22 11 26 5 3 9 16 1 32 6 29 31 17 21 27 24 15 18 23 19 2 10 12
11 20 27 30 15 5 4 29 16 24 3 7 17 26 23 18 10 28 9 22 19 2 32 14 8 1 13 6 25 21 12 31
31 28 2 11 22 6 26 16 32 12 19 18 13 23 3 8 29 15 1 7 4 20 27 10 9 30 21 14 17 5 25 24
4 3 17 31 7 24 18 22 12 25 14 11 32 10 27 20 26 13 8 16 23 19 15 2 29 6 30 1 21 9 5 28
13 24 18 16 4 20 8 14 3 19 5 12 28 25 1 15 22 29 21 11 27 6 23 30 32 2 10 9 7 26 31 17
17 32 12 15 2 14 16 26 29 7 23 18 10 30 20 6 25 3 22 4 5 1 11 24 27 19 8 28 9 31 13 21
16 22 14 5 26 17 15 31 30 1 8 13 21 27 4 11 18 2 20 28 7 24 12 6 25 10 29 19 23 32 9 3
24 4 6 10 9 29 20 19 2 32 13 17 31 21 15 23 1 26 27 5 22 16 25 3 30 12 7 18 8 28 11 14
25 13 30 3 12 1 6 24 23 16 11 20 29 18 21 9 32 19 14 27 15 17 31 5 4 8 2 10 28 7 22 26
10 25 31 26 32 12 5 8 1 15 21 27 9 14 13 22 24 17 11 6 3 23 7 16 19 28 4 30 29 20 2 18
8 27 22 25 20 5 21 18 15 23 4 7 13 1 14 30 2 12 31 3 17 26 16 19 10 24 9 29 11 6 28 32
29 2 32 27 13 16 11 30 19 28 15 14 6 31 25 21 17 7 10 12 26 22 9 4 23 5 24 20 3 18 1 8
27 9 20 24 8 26 31 23 6 17 7 28 1 5 18 4 22 10 29 14 30 3 19 13 11 21 25 2 32 12 16 15
19 15 4 3 22 10 13 17 25 20 2 6 21 16 29 31 27 23 24 9 8 11 26 18 12 14 30 7 1 5 32 28
32 8 29 17 23 3 22 20 24 9 18 11 5 7 10 19 4 21 12 1 2 30 14 28 31 16 6 15 27 25 26 13
23 1 11 6 2 4 28 21 20 14 31 24 32 19 8 17 7 16 25 10 13 18 22 9 15 26 29 27 12 30 3 5
13 31 28 32 10 19 3 25 11 5 12 21 17 6 16 20 15 27 23 29 1 9 8 26 24 2 14 4 30 22 18 7
21 6 16 23 18 22 9 10 14 13 32 15 26 3 12 27 30 20 2 5 28 7 24 1 29 25 31 8 17 11 4 19
18 12 26 4 16 9 30 19 2 21 6 1 22 8 29 15 14 11 13 28 25 31 3 7 20 27 17 32 10 24 5 23
4 23 24 5 7 18 32 12 21 31 22 26 8 29 14 25 28 2 6 3 9 27 30 20 19 17 1 16 15 13 10 11
31 18 29 1 4 20 7 32 5 30 19 25 3 17 28 8 11 22 12 2 10 15 13 27 21 23 9 26 6 16 14 24
20 3 15 31 19 2 25 7 27 11 29 8 24 13 6 28 26 32 18 17 21 14 10 12 9 30 5 22 16 1 23 4
28 24 14 15 30 25 2 6 3 29 5 13 20 9 21 16 23 4 26 11 7 12 27 32 17 22 10 19 18 8 31 1
26 19 17 8 27 14 1 24 18 4 16 23 28 15 30 11 13 20 22 32 12 21 29 3 2 6 7 31 5 10 9 25
11 26 8 10 1 30 17 31 7 19 27 5 9 2 4 22 32 14 29 15 24 12 21 6 13 18 28 25 20 23 16 3
16 27 1 13 11 24 15 20 26 22 9 12 29 32 2 5 17 30 21 8 18 10 6 25 28 14 4 23 7 3 19 31
24 10 7 30 3 6 12 28 22 8 14 31 23 4 13 18 29 25 32 26 5 20 15 17 16 1 2 9 19 21 11 27
14 28 27 16 31 11 4 22 1 10 13 2 15 17 32 26 6 19 24 7 3 8 12 20 18 5 23 21 29 9 25 30
7 12 18 17 24 21 5 30 16 26 20 27 14 8 15 9 10 13 11 23 4 25 31 2 6 19 22 3 28 32 1 29
8 2 20 28 1 13 6 17 32 27 3 14 11 16 12 10 18 7 15 25 31 29 4 5 30 21 24 26 23 19 22 9
10 13 6 11 21 29 9 15 26 3 4 30 18 28 25 7 5 12 8 27 22 19 23 31 20 16 32 17 1 2 24 14
16 30 5 24 14 28 18 3 8 20 27 17 10 31 11 4 19 23 7 6 29 22 2 1 12 15 13 25 9 26 32 21
3 9 11 14 15 20 13 29 28 17 7 32 6 5 1 24 27 10 31 4 23 16 19 30 8 12 18 2 21 25 26 22
29 22 31 26 23 12 8 18 4 32 2 25 15 6 10 30 21 28 1 20 27 14 9 19 11 3 16 7 13 5 17 24
17 29 22 2 7 10 11 8 25 6 5 16 31 20 23 14 9 1 27 12 24 4 18 15 32 26 21 30 3 28 13 19
28 25 4 6 5 32 7 23 30 1 19 20 16 13 9 21 24 15 18 22 10 3 26 12 31 27 8 14 11 29 2 17
11 18 2 5 22 31 30 4 20 9 14 6 19 26 8 23 7 3 25 21 17 15 10 24 13 29 28 1 32 12 27 16
20 4 28 23 19 17 22 14 12 25 9 3 26 21 5 32 2 31 30 16 15 6 11 18 10 1 13 29 27 7 24 8
26 8 32 25 30 18 29 16 5 14 15 4 24 19 22 13 2 21 28 6 3 11 7 9 23 10 27 20 12 31 17 1
12 13 30 29 15 26 20 11 14 22 21 18 23 7 3 2 28 27 10 9 19 5 17 32 4 25 16 8 6 24 1 31
32 20 16 1 8 19 31 12 24 21 11 5 18 3 22 10 4 17 14 15 7 27 6 2 28 26 9 29 25 23 13 30
26 1 22 27 18 17 16 14 19 10 9 2 3 15 31 5 13 12 4 20 21 7 28 29 25 24 6 11 8 30 32 23
27 31 16 20 10 5 3 6 14 13 11 15 7 17 19 21 12 4 23 2 25 24 9 26 8 30 32 22 18 1 28 29
27 4 12 15 19 13 17 10 6 3 8 7 5 14 18 20 11 16 2 9 29 30 32 31 23 24 21 28 1 22 25 26
7 29 11 14 16 6 20 3 15 17 25 13 9 12 4 22 19 2 31 5 1 24 23 30 18 8 10 32 27 21 26 28
21 6 5 11 14 9 10 15 19 8 12 3 26 2 13 7 23 31 29 4 32 22 16 28 17 1 18 27 30 20 24 25
20 13 15 3 2 4 25 7 10 14 21 12 6 29 11 31 5 32 26 1 22 19 30 16 24 28 8 9 17 18 23 27
15 20 3 13 9 24 28 16 18 12 4 26 2 7 31 6 32 29 30 8 23 5 14 27 10 25 1 17 21 11 19 22
19 9 26 25 4 29 2 13 22 5 15 11 31 1 3 32 14 30 7 12 28 10 24 6 20 18 27 23 8 16 17 21
14 8 6 10 13 11 9 20 2 26 3 17 32 31 5 30 29 27 4 28 12 7 19 1 16 23 25 21 15 24 22 18
3 16 8 29 11 20 15 31 12 30 13 4 17 32 6 24 1 22 28 26 9 27 2 25 21 14 23 19 10 7 18 5
29 26 24 27 20 2 22 32 5 7 6 31 28 4 1 18 30 25 8 23 19 9 21 11 15 16 17 3 13 10 14 12
12 15 28 26 29 19 32 11 3 20 31 24 1 30 7 4 10 23 21 22 8 6 27 17 9 5 2 18 25 13 16 14
18 31 30 24 25 22 26 29 7 19 32 1 10 27 2 28 6 21 20 16 14 23 15 5 12 17 13 8 9 3 11 4
24 32 1 22 12 30 21 19 31 23 18 8 29 28 25 27 26 14 13 15 5 2 17 10 11 3 7 16 20 6 4 9
32 22 31 23 27 16 1 21 24 25 29 30 8 19 28 9 20 17 10 6 18 26 11 7 4 12 14 15 3 2 5 13
10 1 29 32 30 28 31 26 27 24 16 23 22 21 20 14 25 19 12 17 7 18 13 4 2 15 5 11 6 9 3 8
31 30 32 1 21 25 29 28 23 16 22 5 24 18 19 26 17 13 14 27 15 11 7 9 6 10 4 20 12 8 2 3
