25141 25995 24492 25135 24297 23159 22578 23040 22266 22422 22117 22290 22182 21828 21818 21027 20697 20392 20396 20471 19229 18792 19139 19573 19031 19211 18381 18394 18181 17782 17719 17487 16920 16498 15793 16304 15387 15804 15668 14037 14494 14253 13332 12239 12234 11165 9128 5360 4267 3801 3349 3048 3035 2933 2733 2474 2634 2522 2401 2285 2386 2219 2244 2078 2084 2072 1976 1939 1888 1779 1798 1777 1733 1640 1693 1576 1618 1544 1407 1404 1292 1326 1221 1250 1189 1084 1074 1134 1000 955 891 687 845 765 698 694 660 617 590 554 533 509 518 505 463 428 426 405 401 388 362 393 384 335 347 338 320 312 300 269 279 250 269 251 256 238 235 242 220 216 211 201 188 174 161 174 156 163 163 148 138 132 124 118 115 113 108 101 94 91 91 87 91 81 79 80 72 75 71 70 66 64 62 61 59 51 52 54 48 49 48 46 39 40 42 37 35 36 33 31 31 31 28 28 27 24 26 24 23 23 22 19 21 20 18 18 17 17 16 15 15 15 14 14 14 13 12 11 11 11 10 10 9 8 9 9 9 8 8 7 6 7 6 6 6 5 5 5 5 5 5 5 5 4 4 4 4 4 3 3 3 3 3 3 3 3 3 3 3 2 2 2 2 2 2 2 2 2 2 2 1 1 1 1 1 1 1 1 1 1 1 1 1 1 1 1 1 1 1 1 1 1 1 1 1 1 1 1 1 1 1 1 1
21 29 16 13 10 2 7 1 9 45 8 18 19 28 32 42 25 33 20 24 5 43 17 37 31 11 22 35 30 38 14 15 44 36 26 12 47 23 39 40 34 27 46 3 6 41 48 4
30 10 21 3 48 46 25 37 22 23 27 41 32 2 34 36 45 44 43 11 38 33 39 28 6 19 29 8 35 13 16 9 14 7 4 24 12 5 15 18 17 20 26 42 1 47 31 40
46 28 13 43 27 6 29 38 44 36 21 35 3 20 24 40 15 9 31 30 39 42 7 45 1 37 47 26 2 41 22 16 18 32 19 8 48 11 14 17 33 5 23 25 12 34 4 10
6 37 41 27 13 32 46 5 28 29 40 14 45 42 22 7 33 19 8 47 43 48 26 44 3 31 17 2 36 39 34 25 4 16 18 23 24 20 12 35 38 9 1 30 11 10 15 21
43 41 25 18 22 15 24 30 35 21 13 10 27 37 36 45 6 31 12 1 46 16 14 19 32 5 42 4 38 48 17 8 40 11 23 3 9 2 29 7 39 28 34 47 26 20 33 44
48 17 15 39 19 18 40 36 29 26 7 11 35 10 42 4 27 43 21 31 13 12 38 41 33 25 3 6 28 34 46 22 23 45 24 2 5 9 32 30 1 8 20 16 44 14 37 47
42 25 17 45 15 20 10 46 7 8 22 40 48 1 31 18 11 37 27 14 34 41 4 30 12 2 43 13 21 44 47 19 29 39 32 36 28 16 35 23 3 38 33 26 24 9 5 6
47 45 40 30 36 7 8 4 10 13 33 12 29 18 25 48 21 24 22 32 23 11 16 2 28 3 31 17 1 46 15 6 39 5 41 34 20 35 26 43 14 44 27 38 9 37 42 19
32 46 36 29 37 26 12 43 23 7 17 20 5 35 1 3 42 6 25 18 19 14 10 4 47 40 9 24 22 21 38 41 15 34 31 39 27 33 28 8 13 11 44 48 16 30 45 2
33 3 14 19 45 23 47 44 4 31 46 29 37 24 10 32 39 1 30 25 28 5 18 6 26 27 35 34 11 12 21 38 42 17 15 43 36 22 8 13 9 48 16 41 40 7 2 20
23 30 27 10 3 38 4 18 36 11 6 13 24 46 29 37 5 42 19 22 21 44 35 14 34 47 26 39 15 28 43 48 17 40 1 41 7 45 31 20 25 2 32 9 8 16 12 33
9 5 48 8 20 22 15 10 1 24 44 17 13 14 37 46 47 2 38 33 40 34 41 12 45 21 11 27 25 23 3 42 26 30 7 35 16 6 19 39 36 43 4 32 28 18 29 31
13 38 35 7 44 37 33 15 5 34 30 46 6 29 17 12 14 27 4 36 25 22 3 20 9 43 21 16 26 32 41 28 45 19 40 1 11 31 18 42 24 10 8 2 48 39 47 23
7 26 28 15 35 29 36 40 45 32 42 9 12 21 18 41 1 20 16 3 14 24 47 17 4 30 48 5 33 43 27 13 10 23 11 46 6 37 44 34 22 25 2 31 19 8 39 38
3 47 46 24 34 41 43 31 26 4 48 2 18 39 20 21 44 30 17 13 15 27 23 25 16 9 10 36 29 42 35 14 12 28 6 37 32 8 40 33 11 45 38 1 7 19 22 5
34 23 6 22 46 4 2 27 38 9 41 37 20 44 7 15 24 10 28 19 11 3 8 21 17 16 40 47 5 18 26 43 48 31 12 29 13 42 33 36 32 35 39 14 45 25 30 1
20 12 45 16 29 25 28 41 40 6 32 26 4 30 14 5 3 47 1 21 42 7 33 43 15 23 46 11 37 17 9 31 2 48 8 18 22 39 10 44 27 34 36 35 38 24 19 13
28 9 5 41 7 30 26 24 39 42 35 43 34 32 13 6 48 46 37 44 20 21 45 29 11 8 19 12 31 16 36 27 1 33 10 38 2 14 22 4 47 15 25 40 17 23 3 18
5 39 12 25 4 3 34 9 18 33 10 19 8 6 41 27 7 23 15 48 2 26 1 32 13 36 37 22 40 31 30 35 43 21 44 47 42 28 45 29 16 14 11 20 46 38 17 24
24 6 18 36 5 33 39 3 16 37 25 21 11 26 48 30 46 38 9 20 12 35 29 8 2 17 7 23 47 27 13 44 22 4 34 45 31 1 41 10 19 32 43 15 14 42 40 28
15 34 44 46 6 31 38 29 17 41 2 45 21 11 8 13 16 40 24 28 9 23 27 3 5 39 33 43 19 20 10 1 7 47 36 26 4 48 30 25 42 12 14 22 18 35 32 37
39 1 10 23 25 48 31 47 20 18 36 42 28 40 27 14 13 16 45 7 32 29 19 9 43 41 38 30 8 4 12 24 33 35 2 17 26 44 11 3 5 22 37 6 34 21 46 15
17 11 32 47 9 28 5 22 43 3 24 31 26 25 30 2 35 14 42 45 6 4 20 23 29 38 39 37 12 40 44 33 46 1 13 27 8 34 16 48 41 18 21 19 10 15 7 36
44 32 33 42 2 10 20 45 30 28 14 22 39 4 11 38 37 26 6 34 24 31 43 18 21 12 23 15 41 47 48 36 25 9 3 5 46 40 17 19 8 1 7 29 35 13 16 27
11 14 23 2 8 34 1 6 31 30 3 25 42 7 45 16 9 12 48 41 36 46 24 39 40 28 4 44 43 15 18 37 32 10 5 22 21 47 27 38 29 26 19 13 33 17 20 35
35 44 19 31 42 1 45 25 14 16 11 15 23 13 26 20 4 32 29 12 7 18 9 10 27 6 34 41 39 5 28 40 8 38 21 48 43 46 47 37 2 33 17 36 22 3 24 30
8 18 26 17 12 21 3 23 2 20 43 36 46 16 6 24 22 15 47 38 31 32 44 1 35 14 41 40 42 37 25 5 34 13 45 33 39 30 48 11 28 19 9 27 4 29 10 7
14 24 11 44 26 17 16 21 47 5 18 1 38 12 43 29 40 3 10 2 8 39 34 33 42 7 32 31 6 19 45 23 28 22 9 25 30 27 36 15 20 4 13 46 37 48 35 41
22 7 1 11 28 12 48 17 32 19 5 33 36 34 3 23 30 21 46 39 44 20 42 38 8 24 18 9 27 26 40 47 6 25 16 15 10 29 13 2 35 37 41 4 31 43 14 45
12 2 9 32 16 40 37 8 24 35 45 5 15 33 19 47 43 4 18 46 1 36 13 48 7 42 25 28 20 14 29 34 31 41 22 21 44 10 38 26 23 6 30 17 3 27 11 39
18 27 39 9 38 35 19 34 37 43 4 8 47 22 46 11 26 5 41 6 33 40 31 13 14 10 15 7 32 30 23 17 20 12 25 16 45 3 24 28 21 29 42 44 36 2 1 48
10 15 24 21 17 5 42 2 19 47 39 28 40 36 38 31 8 7 34 37 41 1 46 27 18 35 45 14 9 29 32 4 16 44 48 13 33 43 23 6 30 3 12 11 20 22 25 26
19 8 42 14 33 13 30 28 11 39 29 48 31 5 12 44 41 45 26 43 10 38 37 16 22 4 1 18 23 3 2 32 36 20 17 9 34 15 25 24 40 47 35 7 21 6 27 46
45 22 43 38 18 19 23 26 25 46 34 6 2 15 33 39 31 36 40 16 47 17 30 7 10 13 12 20 48 35 24 11 5 3 14 44 1 41 21 27 4 42 29 37 32 28 8 9
40 36 3 26 24 9 13 7 8 22 12 39 43 27 21 28 20 48 33 42 45 47 32 35 41 46 14 10 44 2 31 29 19 6 30 11 38 18 37 1 15 17 5 23 25 4 34 16
36 21 37 1 47 24 41 32 6 40 9 30 33 45 39 43 23 29 14 17 48 19 15 34 46 18 2 25 16 8 4 20 3 26 27 28 35 38 5 12 31 7 22 10 13 11 44 42
16 48 47 20 14 36 32 12 46 17 28 3 41 38 5 9 18 35 39 10 4 30 40 15 44 29 13 19 34 11 33 2 24 27 43 7 25 21 1 45 37 31 6 8 42 26 23 22
29 43 31 35 40 27 21 33 15 38 1 24 30 17 16 22 34 28 3 23 26 2 11 36 19 45 44 42 10 6 20 7 47 8 46 14 37 25 4 9 18 41 48 5 39 12 13 32
38 35 22 40 43 39 44 11 41 2 26 16 7 47 4 33 10 18 36 5 30 8 6 24 23 48 27 45 14 25 37 3 21 46 42 32 17 19 20 31 12 13 28 34 15 1 9 29
37 42 29 48 30 14 18 19 13 12 23 27 1 3 44 17 32 8 5 9 35 25 28 47 36 33 20 38 4 10 7 21 11 43 39 31 15 26 2 22 45 16 40 24 41 46 6 34
26 19 20 4 11 16 27 39 33 25 31 7 44 23 35 8 28 41 13 15 22 45 48 40 38 1 5 32 46 9 42 10 37 14 29 6 3 24 34 21 43 30 47 12 2 36 18 17
41 13 2 28 32 47 22 48 21 15 37 38 17 8 40 34 36 11 35 29 3 6 12 42 30 44 16 1 24 33 5 39 9 18 20 19 23 4 7 14 10 46 45 43 27 31 26 25
4 20 7 5 39 11 17 16 27 44 47 23 25 41 28 1 19 34 2 8 18 13 22 31 37 15 36 46 3 24 6 26 30 42 35 40 29 12 9 32 48 21 10 33 43 45 38 14
27 4 34 33 21 8 35 14 48 10 15 44 16 43 9 19 12 13 7 26 17 37 25 5 20 22 24 29 45 1 11 30 38 2 28 42 18 32 6 41 46 23 31 39 47 40 36 3
1 31 8 6 23 42 9 20 34 14 38 47 22 48 2 35 29 25 11 40 27 10 21 26 24 32 28 3 7 36 19 18 13 37 33 4 41 17 46 16 44 39 15 45 30 5 43 12
2 33 30 34 31 45 11 35 42 1 16 32 14 9 47 25 17 22 23 4 37 15 36 46 48 20 6 21 18 7 39 12 27 24 38 10 19 13 43 5 26 40 3 28 29 44 41 8
25 40 4 37 1 44 6 42 12 27 19 34 9 31 15 10 38 17 32 35 16 28 2 11 39 26 30 48 13 22 8 45 41 29 47 20 14 23 3 46 7 36 24 18 5 33 21 43
31 16 38 12 41 43 14 13 3 48 20 4 10 19 23 26 2 39 44 27 29 9 7 22 25 34 8 33 17 45 1 46 35 15 37 30 40 36 42 47 6 24 18 21 5 32 28 11
31 16 38 12 41 43 14 13 3 48 20 4 10 19 47 42 2 39 44 27 29 9 5 37 25 34 22 33 17 45 1 46 35 36 26 30 40 7 15 8 6 24 18 21 23 32 28 11
21 29 4 48 15 44 6 37 9 8 2 18 27 19 32 10 25 33 20 24 13 43 5 22 1 34 47 35 30 38 39 16 14 45 26 12 40 7 42 17 3 36 46 28 23 41 31 11
2 4 17 38 39 46 11 1 7 12 8 34 19 48 23 26 27 35 44 16 32 10 5 45 31 42 28 3 13 22 47 9 29 15 37 24 18 36 14 30 33 20 40 25 6 41 21 43
25 33 16 45 31 43 14 38 9 5 19 44 10 3 32 40 21 13 20 30 4 42 36 11 39 26 29 48 17 46 22 15 23 7 28 8 41 2 35 47 1 27 24 18 6 34 37 12
42 29 13 20 41 18 47 46 12 10 21 27 35 7 28 19 15 22 31 14 34 38 17 4 25 32 6 33 30 45 11 8 2 39 26 36 37 16 9 44 5 24 23 3 1 40 48 43
46 37 30 43 21 15 27 5 29 18 13 32 1 9 34 26 28 17 2 24 44 20 4 11 47 22 8 48 42 7 14 25 41 16 19 10 40 35 6 23 38 39 31 12 45 33 36 3
31 40 27 35 37 6 18 30 23 41 47 34 14 43 15 10 11 39 32 25 45 36 2 22 48 1 3 29 20 21 17 19 4 24 33 7 38 9 26 46 13 8 5 42 12 44 28 16
1 17 34 29 19 20 8 4 45 48 22 47 37 28 24 25 32 41 27 9 38 23 5 30 31 33 42 46 44 36 6 16 18 11 26 2 35 12 39 13 7 40 10 21 43 15 3 14
47 31 15 33 22 11 42 36 9 23 40 18 5 1 44 28 2 29 45 7 10 35 17 26 41 48 30 21 12 34 27 6 14 32 16 13 19 20 3 4 25 38 37 39 24 46 43 8
37 46 36 26 27 43 25 13 48 3 28 4 45 20 22 34 38 16 21 18 17 40 39 5 31 35 29 1 19 23 10 9 42 2 24 44 15 7 12 41 6 11 14 33 8 30 32 47
21 23 16 30 1 8 32 7 5 19 20 34 29 2 9 17 41 28 42 38 48 15 25 31 3 14 44 33 37 13 46 22 26 35 39 18 10 45 43 40 27 12 6 24 47 36 4 11
27 36 37 41 31 23 13 42 35 16 19 47 25 40 5 9 17 48 11 28 43 30 26 46 20 2 22 38 7 1 44 12 15 10 14 4 29 33 8 3 39 21 24 18 6 32 45 34
25 48 10 8 6 9 7 38 1 35 46 39 16 13 29 44 18 15 30 31 47 4 14 40 5 19 24 32 27 33 12 41 45 43 2 11 3 22 28 36 17 20 26 37 23 34 42 21
4 39 42 17 3 48 22 43 10 20 8 38 7 31 27 1 16 33 26 37 29 21 12 32 44 6 13 19 2 11 34 46 40 23 5 30 14 36 45 18 9 24 35 25 41 28 47 15
31 20 4 23 41 36 24 48 22 13 35 32 28 38 2 14 12 25 19 45 39 26 21 3 42 46 47 37 6 18 33 8 11 5 27 16 17 44 1 7 34 30 29 43 40 9 15 10
46 3 18 2 11 14 44 47 36 37 12 4 9 16 40 39 42 8 22 1 23 41 28 19 43 38 17 21 32 35 15 30 7 45 13 24 25 26 10 20 48 5 33 34 27 31 29 6
23 12 14 42 45 47 11 39 34 30 17 10 19 46 1 36 6 40 33 21 16 32 22 35 24 41 20 8 13 9 3 48 27 29 43 31 44 4 37 25 26 15 2 28 38 5 7 18
48 30 45 46 40 42 6 14 4 26 27 7 33 41 23 13 5 11 24 2 21 43 19 47 22 25 36 10 18 16 31 15 9 17 20 8 1 39 29 38 44 35 28 3 34 37 12 32
41 10 29 15 30 46 2 27 33 42 37 23 38 32 25 43 26 9 39 11 1 12 48 21 36 18 8 44 5 24 16 45 13 40 3 20 34 6 31 35 14 22 47 7 28 4 19 17
43 35 40 34 32 39 36 6 18 46 31 3 41 27 37 7 24 14 10 22 19 17 23 9 33 26 12 15 21 28 4 38 5 30 1 29 45 13 11 47 42 8 48 44 16 20 2 25
26 42 25 19 36 4 38 46 39 47 7 35 3 34 15 40 31 12 8 44 41 1 45 43 10 20 14 17 22 2 9 21 48 11 37 28 24 18 33 5 16 29 13 6 32 27 30 23
33 22 38 28 25 17 31 4 26 36 45 11 43 35 42 3 20 5 15 46 18 19 27 16 1 29 6 40 34 12 13 37 44 21 30 23 47 9 32 48 41 7 8 10 14 24 39 2
47 43 44 1 23 31 5 24 20 45 32 40 48 25 36 33 13 21 18 6 46 14 38 29 35 16 2 42 3 15 7 19 12 34 22 17 41 11 30 28 37 9 27 26 39 8 10 4
21 28 5 18 24 12 4 19 17 39 36 14 2 11 32 16 34 1 43 48 22 47 20 7 15 44 30 27 40 10 41 35 33 38 45 46 26 31 13 37 3 23 9 8 42 25 6 29
42 40 20 32 5 13 17 28 2 14 18 45 36 48 39 8 35 34 7 3 27 11 10 6 46 23 43 26 1 38 21 29 41 15 9 37 33 24 16 19 4 31 25 47 30 12 44 22
1 25 31 40 19 10 12 35 23 21 15 42 30 8 13 26 3 36 5 29 6 9 32 34 7 11 28 20 24 39 22 27 17 47 48 41 4 14 44 43 33 18 16 45 2 38 46 37
15 34 3 14 7 24 21 1 27 28 30 46 26 18 33 4 45 37 40 12 9 5 36 41 48 10 38 29 43 44 47 22 23 6 17 42 39 20 2 8 11 19 32 13 25 16 31 35
30 41 43 4 14 28 16 33 47 11 23 24 44 6 12 19 10 32 37 17 2 46 40 31 39 3 27 48 9 20 8 26 1 13 36 25 15 21 22 42 38 45 18 5 29 35 34 7
23 17 7 22 26 35 37 30 45 44 42 36 15 10 21 2 48 18 20 41 5 3 13 14 25 8 1 28 31 4 29 34 24 12 19 38 43 16 46 33 47 32 39 11 9 6 27 40
40 44 21 24 16 5 41 3 12 1 6 28 42 17 30 45 25 7 47 35 33 18 11 15 27 37 20 46 8 29 43 9 36 48 32 26 38 34 39 10 31 14 4 23 13 2 22 19
31 5 12 47 21 37 8 22 7 17 41 15 40 42 38 20 11 26 6 43 35 28 44 25 2 39 45 30 4 48 24 1 16 33 29 3 18 19 14 32 36 46 34 27 10 23 13 9
32 45 17 39 12 40 15 5 9 22 10 18 31 47 41 35 33 27 25 34 7 29 4 30 13 28 3 43 48 36 19 14 37 1 44 6 2 38 8 23 24 26 42 21 20 11 16 46
36 6 28 16 13 3 26 12 48 33 43 44 22 4 31 38 47 45 34 19 11 7 18 23 30 24 25 35 17 37 32 42 29 39 15 40 9 27 41 21 10 2 20 46 1 14 5 8
38 29 8 25 18 15 19 9 3 6 5 48 21 37 35 47 40 4 41 39 26 33 43 42 34 13 22 24 45 31 1 32 10 44 23 27 30 28 20 2 46 16 36 17 11 7 14 12
4 33 2 44 9 34 28 11 16 15 3 6 10 30 14 24 37 38 31 47 36 27 17 13 45 7 8 1 29 22 35 39 19 32 25 5 23 41 18 26 20 48 46 12 21 43 40 42
16 21 6 36 2 19 10 26 32 4 29 5 47 33 28 18 7 8 48 15 14 13 42 11 38 27 24 12 23 3 25 43 30 20 31 9 46 22 34 39 40 37 1 35 44 41 17 45
29 16 26 27 48 45 40 41 11 7 21 30 32 44 24 37 15 6 9 20 3 39 34 38 18 47 42 33 25 46 2 31 35 23 10 43 8 12 5 13 28 1 19 14 17 22 4 36
27 13 30 7 35 32 23 44 21 9 20 16 14 36 8 5 19 17 46 10 31 25 6 2 40 4 29 18 47 34 42 33 39 28 11 1 3 48 38 22 15 43 12 24 37 45 41 26
2 38 48 31 44 29 30 32 22 20 1 23 45 15 18 27 9 42 3 13 12 6 39 10 14 40 5 25 16 21 37 24 4 41 7 33 35 8 36 34 43 17 11 19 46 47 26 28
19 23 47 13 43 27 35 45 14 40 34 31 24 22 17 28 44 3 36 4 42 2 5 37 12 30 18 38 15 26 11 16 20 9 33 39 29 10 25 46 32 6 7 41 8 21 1 48
37 1 9 10 42 26 48 20 29 43 38 33 46 21 34 31 14 15 28 36 8 16 23 4 47 12 32 11 30 6 40 5 7 2 41 45 24 3 27 17 19 25 44 22 18 13 35 39
5 9 35 21 20 8 43 37 31 2 25 27 4 23 16 29 39 41 38 42 30 44 24 46 26 33 36 6 10 17 45 28 32 7 18 12 14 47 19 15 34 13 22 40 3 1 48 11
13 18 23 9 31 41 47 25 43 48 4 7 17 12 46 22 30 39 16 5 28 24 1 45 19 21 44 3 11 32 20 8 34 37 38 14 10 2 40 6 35 36 15 42 26 29 33 27
45 27 32 37 28 21 33 36 40 23 48 9 30 5 6 25 22 10 14 16 20 31 3 1 11 15 17 8 46 19 26 2 47 24 12 35 44 29 42 4 13 34 38 39 7 18 43 41
46 19 39 6 47 18 9 16 25 41 13 29 35 26 45 17 1 2 4 32 34 22 28 3 20 43 31 7 14 5 30 36 38 42 8 21 27 37 48 11 12 44 40 33 15 10 23 24
10 31 13 11 33 7 20 29 44 16 40 25 18 14 48 46 43 24 35 9 23 37 2 36 4 34 41 5 39 8 38 6 21 27 42 22 19 32 26 30 1 28 17 15 12 3 45 47
12 14 22 5 39 20 1 2 19 24 11 37 6 45 4 10 29 47 13 38 25 8 7 27 31 9 35 23 28 41 36 44 15 3 46 34 40 33 21 16 17 42 30 18 48 26 32 43
41 26 20 3 10 22 34 38 37 32 47 2 48 24 44 11 46 16 1 30 15 31 33 12 29 17 4 19 36 27 5 40 43 25 28 8 21 45 6 14 18 39 23 7 35 42 9 13
6 37 2 43 8 16 14 27 1 25 44 38 20 19 22 9 36 28 23 31 24 34 15 48 17 5 47 13 33 42 26 12 46 18 21 32 11 40 35 29 7 10 41 4 45 39 30 3
28 2 24 30 38 44 8 18 46 19 26 13 39 20 43 15 32 11 45 33 27 10 14 17 6 12 34 22 35 7 37 47 3 16 4 23 42 5 9 1 29 41 31 48 36 40 25 21
18 46 38 44 1 30 45 21 5 31 9 26 7 29 19 42 37 22 32 11 12 25 8 33 3 40 16 2 41 14 48 10 6 4 47 15 13 35 43 20 39 27 24 28 23 17 36 34
48 20 32 16 37 25 3 40 41 8 46 34 10 43 11 6 2 23 27 24 17 44 12 39 26 47 30 14 38 45 18 13 28 22 35 31 1 42 4 7 9 21 5 36 19 33 29 15
9 4 15 37 22 1 16 42 10 33 39 6 11 26 23 7 17 35 29 28 38 14 21 19 2 45 13 32 8 25 36 41 18 30 5 24 34 46 12 40 27 3 43 44 47 48 20 31
25 47 44 8 29 6 26 34 13 40 16 11 37 12 27 36 22 14 21 32 20 28 46 5 24 38 19 9 2 1 17 18 35 31 39 4 41 7 45 3 48 33 10 30 43 15 42 23
14 3 42 28 4 43 35 13 34 38 22 19 29 9 5 30 39 33 8 44 40 11 27 24 16 41 26 47 20 23 2 46 37 45 12 48 17 36 15 18 6 25 21 10 31 32 7 1
43 32 19 23 46 11 22 7 6 10 33 39 12 37 9 14 38 17 24 45 35 48 16 21 40 2 15 30 34 13 42 25 31 29 26 20 36 1 28 4 5 47 8 27 41 18 3 44
16 27 34 1 11 33 12 23 30 18 19 32 2 43 7 13 3 48 22 47 14 29 44 26 41 36 9 21 46 24 40 4 39 10 6 35 45 15 17 31 8 20 38 25 37 42 28 5
33 15 1 46 45 37 10 32 38 3 24 4 5 39 47 16 28 29 44 17 26 6 20 9 21 8 14 13 48 40 35 7 11 19 30 12 25 23 42 36 22 2 41 34 27 31 18 43
26 31 4 34 23 46 24 36 35 9 14 45 38 29 12 21 43 25 13 3 6 33 41 22 28 7 27 5 32 10 39 30 40 11 48 19 47 42 18 17 44 37 20 8 2 1 15 16
29 26 5 15 3 14 33 17 36 6 8 12 19 31 40 1 27 30 20 34 45 46 9 35 10 23 7 41 39 28 38 11 25 4 24 37 22 32 47 44 2 42 16 43 18 48 21 13
47 24 36 25 41 23 43 35 15 13 7 44 32 5 2 8 21 46 10 6 31 16 22 20 18 48 39 9 1 19 28 17 27 42 34 4 37 29 3 38 14 40 12 45 30 26 11 33
12 33 29 31 39 26 15 28 4 7 1 22 42 16 3 41 8 44 37 18 19 21 10 40 32 46 23 34 36 38 25 13 45 5 20 30 6 43 11 2 9 17 35 47 48 24 27 14
22 11 12 19 30 20 40 31 13 43 27 5 1 28 42 3 45 10 4 25 2 41 38 16 36 9 6 8 24 33 32 15 44 21 18 34 7 17 14 48 29 23 46 39 26 47 35 37
30 36 26 7 38 28 44 12 39 21 48 14 16 27 15 33 23 9 6 46 29 47 37 32 34 43 11 4 10 2 1 18 42 40 25 22 5 35 31 41 13 45 17 3 24 20 19 8
21 2 25 9 42 12 32 44 23 5 10 17 22 38 4 40 24 37 34 27 46 7 45 1 19 16 28 31 47 35 15 3 43 18 14 11 13 33 41 26 30 48 29 20 6 36 8 39
9 18 16 22 35 10 13 29 20 17 31 40 41 45 30 44 7 19 11 2 1 27 25 47 5 3 37 39 21 12 23 48 46 38 42 15 33 24 4 34 26 43 28 6 36 8 14 32
45 14 31 47 27 36 38 33 41 28 6 42 40 44 43 4 25 39 30 1 21 23 19 18 8 11 12 35 3 32 20 46 22 24 2 48 26 15 16 29 17 13 34 37 7 5 10 9
31 9 6 40 32 22 37 15 5 36 41 3 47 33 18 45 20 21 14 7 28 19 35 8 27 24 17 10 44 11 46 12 48 25 13 1 2 23 30 42 39 34 43 26 29 4 16 38
13 19 8 4 40 18 11 24 1 34 29 9 43 46 39 6 47 32 25 21 33 3 48 44 12 15 2 23 7 20 45 10 16 14 27 41 31 30 37 28 42 36 22 35 38 17 5 26
44 37 45 2 31 21 18 4 46 29 5 10 28 14 26 39 33 24 35 23 42 32 40 36 11 20 25 15 9 30 3 47 6 22 17 16 7 13 34 1 41 8 48 19 12 38 43 27
20 4 3 27 36 6 21 48 26 45 28 18 31 40 1 35 9 5 15 12 7 22 30 17 14 13 8 44 25 37 24 38 32 47 10 29 34 11 19 39 16 41 23 2 43 33 46 42
18 15 14 33 44 35 28 46 24 22 9 48 3 8 11 26 31 13 1 42 36 38 32 12 47 17 40 20 19 39 6 7 29 43 45 2 4 5 10 21 25 16 27 23 34 30 37 41
27 8 35 11 25 24 20 26 37 30 23 15 36 4 29 47 5 40 41 10 43 39 18 33 44 28 32 6 22 34 14 2 13 46 9 17 45 7 48 3 12 1 42 31 16 19 38 21
2 46 40 21 33 11 31 43 34 32 24 28 44 17 10 20 1 26 5 22 16 30 13 48 9 25 7 18 4 45 8 27 47 6 3 23 42 41 38 37 35 39 19 12 14 29 36 15
48 20 47 32 28 5 7 30 33 44 3 13 26 11 6 37 40 42 43 19 41 15 36 29 39 27 23 25 16 9 31 4 10 45 38 24 21 46 8 22 18 14 2 1 17 35 34 12
36 1 17 41 16 43 19 5 27 23 33 11 13 20 8 34 10 6 21 29 22 24 26 2 37 39 45 3 40 42 12 30 4 31 7 18 47 44 9 32 38 46 14 48 25 28 15 35
38 6 48 13 10 25 41 8 44 46 43 47 14 1 33 42 29 12 9 35 3 18 17 5 4 34 21 22 26 23 16 11 19 36 32 28 37 45 27 20 40 7 15 24 39 2 31 30
41 16 9 10 20 32 5 37 40 31 45 38 15 36 34 2 35 27 48 39 8 1 30 24 29 4 13 7 12 17 18 3 21 33 44 46 19 47 43 25 28 6 11 42 22 14 26 23
6 7 39 24 23 38 9 47 43 2 30 35 3 48 25 18 16 45 29 33 13 17 11 41 42 5 15 28 27 26 19 20 14 37 40 32 22 31 36 46 10 4 1 21 8 44 12 34
37 38 43 18 24 31 17 20 10 39 22 16 9 42 7 5 19 1 2 14 34 3 6 25 45 29 11 48 13 41 23 36 15 27 4 47 32 8 44 35 21 26 30 33 28 12 40 46
4 5 18 42 22 44 30 6 15 48 20 24 25 32 23 31 34 36 7 41 37 2 1 27 38 10 35 33 17 16 21 45 12 28 46 14 11 40 26 43 19 3 39 8 9 13 47 29
19 24 13 5 3 7 23 14 38 15 25 30 46 21 37 10 36 11 42 31 18 9 39 28 20 35 34 32 29 44 48 41 2 26 22 8 6 16 40 33 43 12 47 4 1 27 17 45
40 13 28 43 12 29 34 42 18 14 17 1 23 35 3 15 41 8 45 48 5 30 7 19 22 37 4 2 31 24 44 25 26 39 11 21 16 20 32 47 27 33 9 38 46 10 6 36
10 39 41 14 17 34 48 3 28 20 4 46 21 6 47 9 11 22 16 36 38 23 19 42 35 26 43 24 33 30 29 1 5 12 37 31 18 27 2 7 8 15 13 40 32 45 44 25
32 11 15 38 8 33 4 13 36 35 34 21 17 2 46 25 44 7 40 16 47 12 42 30 43 19 29 45 41 48 26 37 28 1 24 6 27 9 5 31 3 10 18 14 23 39 20 22
46 3 10 39 34 1 2 23 6 25 8 4 45 41 36 17 42 33 47 13 11 22 48 43 31 21 19 37 5 14 30 26 38 32 16 9 44 12 7 15 20 27 24 18 35 40 29 28
33 29 23 17 1 16 39 7 19 47 42 2 26 30 13 38 32 34 18 37 9 5 10 8 25 14 27 12 45 15 22 40 20 35 21 43 41 4 24 11 48 28 36 46 44 6 3 31
5 47 33 36 2 41 42 18 35 8 15 29 11 10 24 48 26 23 19 9 30 13 21 16 6 31 20 27 43 46 28 44 34 3 1 40 12 25 22 14 32 38 7 17 45 37 39 4
23 22 4 15 29 40 1 19 30 24 26 37 33 47 17 46 48 18 12 38 10 43 34 39 13 32 14 11 42 28 3 5 41 16 36 45 35 2 20 8 6 21 31 7 27 25 9 44
15 10 38 48 18 17 47 39 29 19 32 45 40 23 16 22 14 41 46 20 25 37 4 6 30 33 26 21 3 1 11 8 24 34 35 27 9 36 12 13 5 31 44 28 42 43 7 2
1 28 30 7 45 3 27 34 12 42 16 48 41 19 14 11 13 20 39 15 32 4 40 35 24 44 22 46 38 43 5 6 23 2 29 33 36 26 21 9 37 18 10 47 31 8 25 17
28 45 22 6 37 8 24 1 2 11 36 34 44 12 35 29 15 38 32 43 16 27 33 20 48 18 31 19 14 40 4 17 30 9 41 26 25 42 39 5 7 23 21 3 47 46 13 10
25 27 46 19 30 42 41 9 17 37 12 26 16 22 48 43 3 35 38 23 45 7 20 47 36 10 5 14 24 13 8 33 18 44 28 39 15 34 29 4 1 2 40 32 21 31 11 6
43 42 34 33 4 39 31 22 16 26 13 6 47 24 20 27 28 2 23 12 41 8 32 40 7 38 37 29 30 25 9 21 3 17 19 35 1 14 45 36 46 11 5 44 10 15 48 18
7 12 32 2 13 4 40 21 31 1 37 3 28 43 44 24 23 48 27 5 8 18 38 14 17 42 9 26 11 36 41 35 33 10 45 30 39 19 46 6 34 47 25 29 15 16 22 20
42 18 20 23 21 47 14 45 25 38 46 44 13 28 32 3 24 4 31 11 39 34 35 12 1 29 16 36 7 27 15 48 17 19 30 10 33 41 6 40 26 9 8 43 37 22 2 5
3 41 12 31 11 30 19 2 20 4 35 10 5 25 22 21 27 47 36 29 43 39 14 23 46 45 38 13 26 7 17 9 16 15 8 42 40 32 1 18 44 37 6 34 33 24 28 48
16 44 5 45 48 13 20 11 6 7 38 27 43 34 9 19 18 14 28 3 37 40 46 22 21 23 42 8 35 10 12 39 1 29 31 25 26 17 33 2 15 24 32 36 4 30 41 47
14 4 16 46 47 23 11 41 32 3 21 12 34 18 19 7 8 26 22 42 2 31 45 9 33 39 6 43 28 20 35 15 36 13 48 5 38 10 25 17 24 44 37 27 30 29 1 40
46 36 44 39 14 9 15 40 45 41 11 25 42 26 2 18 7 28 24 4 13 19 43 31 27 8 12 1 21 5 6 23 29 30 37 20 17 48 35 16 22 32 38 10 34 47 33 3
6 30 29 17 9 37 3 25 23 32 13 19 14 5 31 16 10 34 18 27 42 36 22 46 28 1 41 47 12 35 20 24 44 11 40 7 43 38 15 48 2 39 4 45 26 33 21 8
32 25 36 22 46 27 7 1 48 23 14 40 29 31 41 8 6 15 39 10 4 33 9 21 11 3 18 38 19 12 2 28 45 20 26 37 35 30 13 44 47 17 16 5 43 34 42 24
19 46 35 40 41 43 45 31 13 17 44 15 36 16 5 9 20 10 32 39 33 47 37 7 8 14 30 1 4 29 34 2 22 38 6 12 27 23 3 26 48 42 28 25 24 21 18 11
4 31 3 42 43 35 36 38 9 34 2 39 15 7 27 46 16 25 8 13 21 41 44 18 47 37 28 5 17 19 32 29 40 48 12 11 10 24 1 30 6 20 33 22 14 23 45 26
18 6 40 47 27 32 28 43 4 48 7 22 38 15 42 36 31 30 3 9 34 24 25 44 29 35 2 37 16 8 45 13 11 21 10 19 46 5 26 14 1 12 41 39 20 17 23 33
5 21 14 25 12 34 38 9 7 33 18 17 22 39 30 2 29 19 23 47 20 15 31 45 10 4 1 42 40 11 43 27 6 24 32 48 44 37 28 13 36 26 46 41 8 3 35 16
40 8 21 16 34 11 9 35 25 39 43 32 31 17 12 28 22 44 33 45 18 38 47 4 5 20 3 23 36 37 10 14 27 41 42 15 24 1 2 6 29 46 48 30 19 7 26 13
10 23 8 28 26 1 5 39 29 22 4 18 2 27 40 37 45 46 38 36 31 21 41 17 19 7 47 30 48 33 13 43 25 42 44 16 12 15 11 34 14 6 35 20 3 9 32 24
33 37 17 41 29 44 10 21 40 14 47 4 9 45 28 42 38 6 31 35 22 46 3 13 26 24 39 16 23 34 36 18 12 7 2 32 1 11 43 8 30 25 20 15 48 19 27 5
23 15 24 10 35 39 13 28 43 45 42 5 1 2 36 30 33 29 11 22 44 32 12 34 18 27 40 20 6 31 25 26 14 4 21 41 8 7 47 38 9 16 3 46 17 48 37 19
41 33 45 3 40 4 17 46 36 1 27 28 32 6 38 43 35 13 47 30 23 25 16 48 12 11 42 7 22 26 24 21 31 34 15 29 9 18 39 10 20 19 44 5 2 14 8 37
37 19 18 27 1 23 22 45 33 43 36 31 20 8 46 26 47 21 30 7 15 48 13 29 16 17 5 14 44 39 40 24 10 35 3 2 41 28 6 11 32 4 34 25 9 38 12 42
2 16 39 34 8 47 26 17 27 6 45 46 4 35 48 10 19 40 22 38 28 11 15 37 14 21 13 18 9 3 31 7 1 43 33 23 25 44 42 5 24 41 36 12 29 20 30 32
25 26 10 14 17 24 34 23 41 21 11 13 19 32 15 29 42 39 20 44 36 28 31 33 1 30 27 12 47 2 38 5 8 9 46 6 3 35 45 37 22 40 43 16 18 4 48 7
1 32 27 8 33 6 39 48 18 29 21 7 23 25 13 20 40 36 28 2 19 17 44 15 37 26 10 11 43 38 14 45 47 5 4 34 42 9 30 31 46 24 12 22 35 41 16 3
36 7 19 13 23 3 33 14 34 44 39 24 46 40 21 31 37 38 10 28 9 16 2 26 42 5 8 6 25 18 47 12 48 30 20 22 15 29 32 4 11 27 17 45 41 35 43 1
42 14 26 24 39 30 23 36 15 35 38 2 17 31 29 3 34 5 12 48 7 9 28 32 13 25 45 41 27 22 37 8 4 40 18 44 6 46 20 47 33 21 19 43 16 10 1 11
20 17 9 32 10 46 18 2 14 30 26 47 7 23 22 24 36 37 44 41 3 1 25 43 40 28 34 33 42 21 16 4 15 12 27 31 5 45 48 19 35 8 29 11 39 6 13 38
28 39 31 21 20 40 37 11 30 15 8 42 12 36 35 25 9 33 46 19 1 2 22 27 4 32 24 47 38 45 18 44 13 6 17 43 14 34 5 41 16 7 26 10 23 3 29 48
35 13 47 38 16 48 44 24 2 28 19 29 22 30 26 39 1 4 37 20 6 42 27 8 3 33 14 45 41 17 46 23 32 15 7 9 36 21 10 40 5 34 31 18 12 25 11 43
47 29 1 43 2 42 16 8 10 31 17 25 3 33 20 35 48 12 19 21 40 6 18 24 44 34 7 32 45 23 39 11 46 37 5 14 4 38 36 9 27 28 13 30 22 26 15 41
22 20 7 11 18 5 4 16 23 36 33 35 21 48 10 17 43 24 13 25 12 31 45 41 8 9 28 34 3 44 1 37 2 46 38 42 32 30 15 29 19 14 27 26 40 39 47 6
12 2 48 4 44 8 43 6 19 16 34 11 25 41 28 45 21 35 40 37 29 15 26 39 31 38 30 36 13 42 33 20 3 17 1 46 18 47 24 32 10 9 5 14 7 27 22 23
43 9 42 20 5 33 48 30 17 2 32 1 45 21 31 47 13 7 24 14 22 34 3 36 39 15 29 10 37 41 25 6 19 26 35 18 40 27 28 46 8 11 4 23 38 12 44 16
3 1 6 18 45 17 21 34 35 20 23 38 26 9 37 13 41 32 29 24 5 16 47 31 25 19 4 48 14 11 15 40 43 39 36 8 2 33 7 44 12 30 22 42 46 28 10 27
44 30 13 37 22 10 1 19 12 46 20 21 14 38 47 15 26 18 27 17 11 40 16 23 28 31 35 2 5 48 7 41 34 29 9 4 45 6 25 43 3 33 24 39 32 42 36 8
27 16 41 3 21 19 28 7 46 11 29 6 36 24 23 38 5 42 45 31 43 33 34 2 32 12 15 26 30 14 10 17 9 1 25 39 37 48 22 35 40 47 18 8 44 13 4 20
45 31 15 9 13 16 3 26 37 18 12 33 43 10 41 34 2 28 36 6 20 47 35 21 11 46 38 8 29 25 24 1 42 32 22 17 39 4 27 48 7 23 14 44 30 5 19 40
48 3 23 44 31 41 2 27 45 4 37 9 5 20 17 11 32 8 35 33 28 12 38 1 34 42 43 22 10 46 40 36 26 19 16 30 13 39 21 15 47 18 25 29 24 7 6 14
16 17 43 32 11 29 12 22 26 42 25 3 39 4 14 27 7 45 30 34 23 41 48 6 21 1 20 9 31 13 38 10 35 44 24 5 19 40 8 33 15 37 28 2 36 18 46 47
15 25 3 6 36 22 30 29 28 8 35 37 31 5 11 40 14 23 41 18 19 32 43 10 46 13 26 38 24 7 20 48 44 16 27 45 47 42 33 2 34 1 39 17 4 21 9 12
7 11 34 28 12 31 8 33 5 30 16 48 29 42 39 41 44 1 4 23 15 13 17 19 35 3 9 43 46 6 45 25 21 10 14 20 22 37 18 36 2 38 47 32 27 24 40 26
31 24 25 16 38 37 7 47 22 26 40 14 35 13 32 6 46 27 8 5 4 1 41 42 48 36 17 44 18 12 19 30 45 11 20 15 33 23 29 3 43 10 9 34 21 2 28 39
14 8 19 27 3 38 42 4 11 13 24 12 32 43 9 44 25 20 15 16 45 21 46 30 6 7 23 29 22 5 17 35 18 36 28 47 26 10 40 39 41 48 2 37 1 33 34 31
13 22 33 41 24 20 29 37 44 40 46 16 42 34 19 1 10 48 27 32 36 17 5 47 9 26 6 3 21 8 14 28 11 45 23 35 31 2 12 7 18 43 38 4 25 30 39 15
38 34 1 5 41 18 24 13 20 47 31 10 28 46 8 48 16 9 12 45 21 43 37 4 17 30 32 39 40 26 6 33 29 22 11 25 2 14 35 23 36 15 7 27 42 19 3 44
20 42 6 14 48 21 26 25 31 37 30 19 2 28 12 4 24 16 10 15 8 5 29 7 43 40 41 27 33 9 47 39 38 18 34 11 1 3 46 22 13 44 23 36 45 32 17 35
12 5 38 8 46 25 32 42 24 3 15 40 19 7 44 22 20 41 39 47 33 29 14 45 26 23 16 21 36 17 35 34 30 27 4 10 11 1 9 28 48 31 6 13 37 43 2 18
28 26 4 10 30 14 36 18 16 24 5 45 1 47 27 33 6 25 3 11 37 8 9 22 41 2 31 17 39 32 43 19 40 7 46 38 12 13 34 20 44 35 42 48 15 23 21 29
35 46 27 18 10 9 15 28 39 7 19 34 38 22 30 8 23 11 42 1 2 20 24 14 12 47 44 5 4 29 13 32 33 41 40 48 43 31 16 26 37 36 21 6 3 45 25 17
4 37 5 23 43 7 1 41 38 25 44 27 9 39 40 34 22 2 48 30 47 46 36 20 16 8 21 24 19 18 32 31 28 14 13 26 35 12 3 42 17 45 11 15 10 29 6 33
47 23 26 25 14 12 10 27 48 1 7 44 15 29 5 35 11 22 32 6 46 39 8 40 45 4 3 13 28 24 36 9 17 31 18 21 42 43 38 19 30 2 20 41 16 37 33 34
46 21 29 40 4 10 11 5 30 9 26 28 24 16 6 17 15 12 20 43 14 19 39 13 33 45 22 35 23 1 18 38 41 48 31 7 34 8 44 25 42 32 37 3 47 36 27 2
41 32 22 48 9 11 45 20 10 35 13 30 34 14 43 28 8 47 33 29 38 36 4 17 7 44 19 31 42 2 46 15 23 3 12 37 25 24 18 16 26 27 1 21 39 40 5 6
21 19 36 31 2 43 39 3 32 23 6 14 33 44 4 45 17 30 11 34 1 25 42 5 47 48 40 15 16 35 37 46 27 13 7 28 18 9 26 8 38 41 12 24 29 22 20 10
25 29 44 22 8 35 18 42 3 41 32 15 10 27 2 6 45 34 26 4 13 24 11 37 30 20 39 1 48 33 16 36 5 38 17 12 14 19 9 21 28 43 40 7 23 47 31 46
48 45 8 36 28 13 14 22 35 38 47 42 4 11 34 5 41 19 23 46 9 44 20 32 27 17 37 2 7 21 12 29 16 33 3 24 39 25 1 30 6 18 10 40 43 15 26 31
1 44 7 15 29 42 38 13 40 5 41 39 47 37 3 21 31 48 43 19 34 18 35 46 36 24 12 30 14 45 26 22 2 32 33 23 6 20 11 17 27 25 16 28 8 9 10 4
27 2 42 21 1 46 9 31 24 18 17 48 5 45 44 41 3 10 28 35 7 38 6 29 20 11 23 43 8 37 22 47 36 12 30 19 16 15 13 32 34 26 14 33 40 4 39 25
26 14 17 24 40 31 33 4 6 2 34 9 23 12 43 44 32 37 46 3 25 7 15 28 19 29 35 10 5 36 48 1 22 39 45 8 38 11 30 41 21 16 18 47 13 20 42 27
42 1 39 13 47 30 23 34 5 33 14 6 44 8 24 48 28 17 7 22 26 4 12 35 10 37 43 9 27 20 11 41 46 21 15 40 36 29 31 2 18 3 25 16 32 38 45 19
30 15 46 4 17 45 21 47 13 22 8 25 26 23 35 7 29 40 1 48 42 6 10 27 43 16 18 12 34 3 44 38 20 11 32 5 9 36 19 37 2 24 39 31 33 41 14 28
5 28 31 43 18 4 17 37 44 14 22 29 42 26 33 11 12 15 2 38 6 9 21 25 24 27 1 16 45 19 23 40 32 47 36 13 30 35 3 48 10 39 8 20 41 34 46 7
22 33 10 37 26 38 2 29 7 15 28 35 12 30 39 40 36 32 47 41 18 5 25 42 9 21 11 19 6 23 4 3 13 24 48 14 8 45 46 43 1 20 27 34 31 17 16 44
44 4 40 46 23 5 47 6 14 45 10 21 20 19 37 24 1 18 16 7 31 28 13 33 34 35 3 8 17 27 30 25 12 42 26 11 32 41 29 36 43 48 15 38 22 2 9 39
40 7 9 47 25 28 22 21 38 43 48 13 31 44 29 14 11 26 36 24 30 23 5 10 1 18 32 20 37 34 39 15 42 4 2 16 41 17 27 3 12 8 33 35 46 6 19 45
33 27 45 17 32 39 16 19 31 20 25 47 7 1 14 30 26 11 24 18 41 37 22 6 40 5 4 46 10 28 2 34 48 23 9 29 15 43 21 35 13 38 3 42 12 44 36 8
3 36 20 34 27 1 4 48 12 29 23 26 14 32 30 16 38 33 19 21 39 2 46 31 35 43 47 45 11 22 9 10 15 6 5 41 40 28 42 13 8 44 17 25 18 24 7 37
37 38 21 45 42 15 19 26 1 36 46 24 13 33 16 47 2 23 34 25 40 11 43 12 18 28 9 22 20 10 31 48 8 30 39 27 17 32 4 44 35 7 29 3 6 5 41 14
15 41 47 33 31 27 20 2 39 28 3 37 29 17 45 13 5 9 22 23 8 38 34 48 46 14 44 25 12 16 1 32 6 10 35 42 24 7 43 30 19 21 11 4 26 18 40 36
45 9 28 11 5 24 37 8 27 17 33 3 43 15 31 29 46 42 44 2 12 48 40 18 25 16 7 38 47 39 41 26 1 20 21 35 4 22 34 6 30 10 19 32 36 14 23 13
23 12 24 15 45 25 31 18 37 6 27 46 21 11 10 26 22 29 40 42 35 3 8 34 4 44 41 33 9 43 28 30 39 19 14 32 7 5 16 38 47 17 36 2 20 48 13 1
36 31 18 39 33 23 8 25 11 19 9 7 35 14 13 20 24 1 45 5 27 46 2 44 48 32 38 47 43 4 42 6 34 17 37 30 10 26 40 15 21 12 22 29 28 16 3 41
6 39 35 20 37 17 5 23 41 3 15 33 45 22 11 25 14 30 29 28 47 27 36 9 26 42 16 32 31 21 8 7 4 44 10 46 13 2 38 34 48 1 24 12 19 43 18 40
10 13 23 19 48 37 3 33 16 46 12 40 39 9 41 15 20 4 6 14 36 44 24 1 30 34 25 7 29 38 5 35 43 26 11 47 31 18 8 22 28 42 2 45 17 27 21 32
43 40 12 30 20 47 27 14 26 21 45 2 17 16 22 19 37 8 13 33 38 36 9 24 5 3 6 41 25 31 34 23 10 29 1 18 11 46 35 7 44 15 48 39 4 32 28 42
2 3 14 8 22 40 48 11 46 37 35 38 9 36 19 4 33 28 25 31 16 13 27 43 45 10 17 23 15 20 32 12 30 1 24 39 5 6 44 29 26 34 21 41 7 42 47 18
32 6 13 5 16 8 28 17 45 11 2 1 25 7 48 10 35 20 31 37 4 43 47 19 41 39 26 36 18 44 14 27 24 46 22 38 3 42 33 9 15 40 23 21 34 30 29 12
7 11 48 21 30 20 43 36 25 31 29 44 24 47 23 1 17 41 18 39 33 12 38 8 42 27 14 26 2 5 16 4 19 3 6 45 22 13 32 10 40 28 9 37 35 46 34 15
19 42 16 6 24 22 12 45 2 32 39 30 15 43 7 38 40 36 35 10 5 20 18 41 44 1 29 34 46 27 9 37 11 25 23 31 47 3 48 33 17 14 13 8 21 28 4 26
31 20 38 25 43 33 35 46 22 40 30 17 11 41 8 39 3 27 4 32 21 7 37 15 29 13 34 44 24 45 18 28 47 9 42 6 19 1 10 16 36 23 26 48 14 12 2 5
30 28 8 48 35 6 34 40 20 39 37 4 38 10 26 27 9 5 14 13 46 18 29 36 2 17 21 3 32 42 12 11 16 43 25 15 7 33 45 1 41 19 47 44 24 31 22 23
43 30 7 23 44 18 13 9 15 4 31 16 46 5 32 22 21 2 1 11 37 8 48 26 6 19 27 39 41 3 47 14 25 28 17 20 45 34 35 40 29 33 38 36 42 10 12 24
42 8 15 18 46 29 11 3 19 47 20 34 32 40 9 37 43 6 28 7 44 25 17 45 14 23 2 48 36 10 21 31 35 22 41 33 38 24 12 39 16 30 4 13 27 26 5 1
3 24 41 36 34 7 27 15 18 42 40 19 47 39 20 28 48 22 9 43 14 32 26 16 31 12 37 21 4 6 35 33 44 2 29 10 5 8 25 23 38 13 46 11 30 45 1 17
10 34 17 45 13 41 40 38 48 8 43 22 36 42 47 19 23 16 33 3 2 29 32 39 11 31 28 6 12 37 26 18 1 15 30 25 44 27 20 46 5 4 7 14 9 21 24 35
16 22 34 17 38 21 42 39 43 44 24 10 2 45 4 7 19 13 6 36 29 30 14 20 32 33 12 37 35 26 31 47 23 1 8 9 27 40 5 18 3 46 41 28 48 15 25 11
23 48 26 9 28 11 45 41 36 13 4 2 1 6 5 17 10 25 31 12 19 24 44 21 16 29 42 18 39 32 30 8 14 40 33 43 46 15 22 20 27 37 34 7 3 35 38 47
1 46 35 13 21 9 30 7 4 38 44 11 20 34 40 31 8 14 3 47 24 41 28 2 22 25 19 12 45 33 43 39 29 18 27 37 16 23 36 5 32 6 42 10 26 17 15 48
2 21 42 22 9 48 32 26 23 19 16 5 10 46 12 40 27 47 38 30 3 1 41 17 7 37 45 29 28 36 15 43 18 35 13 34 31 39 24 4 14 11 20 6 25 8 44 33
26 15 28 4 36 19 17 47 12 25 42 32 34 27 6 21 44 24 8 48 23 35 45 30 13 20 31 41 40 39 46 9 38 16 3 22 10 14 43 11 7 1 5 18 37 29 33 2
22 25 43 40 39 32 15 24 30 45 7 1 12 29 42 14 16 35 2 5 31 6 27 47 8 11 9 28 13 19 48 44 21 41 34 4 33 20 18 26 46 36 37 17 38 23 10 3
36 27 18 34 41 14 5 44 3 24 11 31 22 13 10 30 45 17 35 4 15 21 39 23 37 47 8 16 42 28 1 46 20 48 38 7 26 12 6 25 2 9 43 40 33 19 32 29
48 14 23 32 3 18 25 38 9 6 36 40 4 12 2 22 47 21 16 44 7 39 31 13 17 46 15 24 33 8 11 29 41 10 45 5 43 37 26 28 34 35 1 20 19 27 30 42
19 44 10 5 2 45 3 35 29 30 21 38 7 8 46 43 25 12 41 22 18 42 1 14 39 48 20 32 16 24 4 23 26 34 15 28 11 36 40 17 37 31 6 47 13 33 27 9
14 32 44 38 8 41 31 6 34 3 47 48 35 37 18 5 15 40 29 9 22 24 11 28 36 45 1 23 17 2 42 20 12 7 4 27 25 10 39 21 33 19 16 46 30 13 26 43
44 1 5 14 11 6 38 13 2 34 27 7 19 21 15 29 28 45 36 17 32 40 9 4 20 30 3 48 43 22 41 26 31 33 35 18 37 25 46 8 39 42 10 23 12 47 16 24
5 23 46 31 1 11 34 14 28 7 9 29 38 35 45 15 41 10 18 16 26 27 4 22 47 36 24 25 19 43 2 40 39 21 12 48 17 30 13 42 6 3 8 33 44 37 20 32
6 37 40 42 17 26 29 43 27 5 2 11 33 46 41 13 31 18 39 25 30 4 48 12 28 24 22 14 23 34 44 3 36 19 1 21 8 45 38 47 10 7 35 16 15 32 9 20
32 30 47 41 40 44 48 2 13 33 8 6 5 4 22 25 34 39 46 20 11 28 12 16 3 1 7 27 21 29 36 14 37 26 18 42 9 31 19 23 24 10 38 15 35 43 17 45
15 4 22 44 12 13 37 30 5 28 18 16 31 38 17 20 8 25 47 23 42 43 2 27 21 19 40 34 10 9 39 41 33 36 26 11 32 7 3 46 29 45 14 24 1 48 35 6
21 2 20 16 29 34 19 23 7 32 33 15 3 28 31 24 6 22 37 42 13 11 10 1 27 9 4 38 14 46 5 36 43 47 40 35 30 17 8 18 44 12 25 26 48 39 45 41
45 7 30 33 8 9 4 34 1 36 26 18 15 20 38 11 42 37 25 32 6 19 23 24 5 21 41 39 44 17 22 35 28 29 10 14 3 46 27 16 12 47 48 43 2 31 40 13
41 45 12 48 14 22 20 9 26 23 5 28 29 39 21 36 13 1 19 46 27 47 44 43 16 4 11 33 8 30 37 32 40 25 7 2 24 34 17 10 35 15 3 31 42 38 6 18
13 41 21 19 47 29 35 20 36 4 10 22 46 34 28 3 12 42 44 14 9 31 32 7 8 2 18 30 25 23 33 17 6 45 16 26 15 39 48 40 38 27 11 1 24 5 43 37
37 29 32 28 24 16 44 41 20 9 17 26 43 19 3 38 1 4 11 21 45 48 14 30 33 8 25 15 5 31 23 6 10 12 36 13 40 47 2 39 18 34 42 27 22 35 46 7
25 12 24 23 18 47 21 28 14 43 4 45 39 5 30 48 35 8 15 33 1 46 41 9 22 26 6 11 34 16 13 27 17 3 37 40 19 29 7 31 32 2 44 38 20 10 42 36
40 36 9 43 44 27 14 37 33 31 3 21 26 30 32 1 29 16 22 15 12 8 18 10 11 34 13 7 20 4 6 2 25 5 48 17 46 24 47 38 19 23 28 39 45 42 41 35
33 24 4 39 38 40 22 25 16 14 35 42 17 37 11 26 5 36 13 2 3 9 43 32 31 15 10 45 18 48 29 1 46 27 30 12 47 23 44 21 41 20 19 34 6 8 7 28
38 6 27 46 31 23 45 15 18 35 12 33 13 1 17 10 48 2 7 29 20 30 28 21 19 42 47 3 32 9 43 5 16 4 39 44 41 11 34 22 37 26 40 36 8 25 24 14
43 33 29 47 5 1 12 36 39 38 13 3 44 45 27 4 23 15 26 31 25 17 24 48 6 7 32 2 11 18 10 19 9 46 28 8 35 21 16 20 42 14 22 30 40 41 37 34
27 9 1 6 43 7 13 39 23 22 24 37 28 2 35 45 21 46 40 19 34 41 15 20 14 10 44 42 47 25 30 48 5 38 11 31 4 8 32 29 33 16 17 3 36 18 12 26
35 26 14 37 48 13 33 11 15 46 28 9 25 16 12 41 43 7 45 18 5 44 21 47 10 40 23 36 30 17 34 24 3 20 31 29 22 4 42 19 1 8 39 6 32 2 38 27
27 31 25 30 35 37 47 19 22 15 43 4 42 6 20 39 28 5 48 10 24 18 13 41 32 3 45 26 29 38 40 21 8 44 9 16 14 2 33 11 36 46 12 1 34 7 23 17
23 48 31 15 12 21 42 46 41 2 32 27 24 26 18 33 37 9 20 1 38 25 40 17 7 39 30 8 22 11 35 10 28 13 5 47 36 43 4 6 16 45 29 44 3 34 14 19
4 40 45 20 28 15 30 33 46 26 22 19 27 29 13 8 10 21 34 24 14 3 42 5 1 32 38 47 9 36 12 39 44 18 25 43 6 41 31 7 48 37 2 35 17 16 11 23
31 22 20 8 17 24 18 5 19 41 23 30 11 10 6 16 2 14 7 38 37 36 3 28 48 12 21 1 27 33 15 25 42 9 32 39 13 35 29 34 43 44 46 26 4 40 45 47
30 21 12 10 37 20 24 48 25 29 15 28 23 9 26 44 33 19 3 13 43 38 16 18 35 5 40 22 7 6 42 8 14 17 2 41 34 27 11 1 46 4 47 32 31 45 36 39
45 13 22 11 9 25 27 40 30 28 31 44 14 42 4 20 3 23 47 41 35 43 29 15 2 18 26 10 24 34 8 38 32 21 6 46 17 7 1 33 39 12 37 5 16 36 19 48
41 7 36 44 21 8 2 3 37 20 16 10 35 48 5 34 25 38 4 11 40 12 17 46 13 23 42 9 6 28 39 22 27 24 29 19 1 45 30 15 14 32 43 18 47 26 31 33
13 42 3 24 46 34 16 4 10 17 19 12 36 21 9 27 18 6 43 39 2 29 5 26 44 35 8 20 31 1 47 30 22 14 33 38 45 37 28 32 15 7 41 11 25 23 48 40
47 3 1 36 16 33 8 31 4 13 38 25 9 35 42 37 11 26 40 34 19 28 39 2 12 45 29 6 41 24 46 7 18 43 14 32 44 5 17 30 27 48 20 10 23 21 22 15
40 8 33 9 22 30 26 27 11 42 39 2 47 36 45 10 32 29 38 43 46 5 6 23 28 17 1 44 15 3 31 18 19 37 24 21 16 14 12 4 7 13 34 48 41 20 35 25
15 38 7 3 33 28 11 42 31 18 10 34 32 27 40 47 44 20 48 35 1 21 45 29 41 25 16 13 39 22 5 12 23 6 17 37 43 19 36 9 26 30 24 14 46 4 2 8
21 39 30 18 4 42 36 29 48 47 45 32 10 41 16 1 9 13 37 6 44 20 26 33 34 28 43 31 46 8 19 17 15 11 23 25 38 22 35 2 12 40 27 24 7 14 3 5
27 45 29 13 42 32 43 18 44 1 48 35 4 28 23 5 26 47 10 9 41 2 36 19 46 31 17 21 38 39 22 33 34 30 8 20 37 15 25 3 6 24 16 7 14 12 40 11
21 10 18 45 13 30 19 8 38 48 44 7 26 5 47 17 16 41 12 2 39 35 34 1 37 43 14 46 4 32 28 11 24 42 20 40 22 6 29 25 3 36 15 23 9 31 33 27
37 40 31 16 27 22 26 45 15 39 14 46 7 29 36 6 47 24 34 33 23 32 38 44 25 30 41 19 9 43 10 1 48 20 3 4 42 18 13 5 28 11 35 2 21 17 8 12
6 17 40 25 36 11 32 12 43 8 46 9 33 10 44 13 45 48 35 24 22 38 20 39 29 2 19 26 5 31 34 41 30 37 42 27 16 3 7 28 1 21 23 14 18 47 15 4
4 12 16 23 39 46 15 13 28 3 7 5 47 14 22 24 26 35 11 30 29 20 27 36 10 40 9 31 21 17 6 33 19 38 41 34 43 32 2 42 8 1 18 48 37 44 25 45
23 46 8 6 20 29 4 11 24 7 26 17 5 13 34 15 22 40 37 16 14 21 35 25 9 19 27 36 10 38 41 32 12 42 45 30 31 48 33 18 3 39 1 47 28 43 2 44
10 20 21 9 34 26 22 8 3 25 18 30 17 12 15 19 5 24 29 31 27 36 2 6 42 4 16 11 14 23 32 40 13 45 35 37 33 28 1 7 38 47 39 41 46 48 44 43
16 45 38 19 41 7 20 33 11 15 9 2 12 28 8 39 21 32 26 29 23 6 31 4 27 13 24 30 17 46 5 36 10 44 3 22 37 14 35 47 48 40 34 42 1 18 43 25
2 15 39 4 3 27 11 18 23 24 21 22 41 38 28 14 8 13 30 12 6 25 40 34 26 29 20 7 44 19 1 5 43 36 17 9 32 42 45 48 47 16 33 31 37 10 35 46
14 11 5 3 26 32 9 23 17 8 6 16 15 20 31 7 19 45 22 10 13 18 4 12 36 24 35 1 47 25 21 37 48 30 34 2 40 33 39 29 44 42 27 28 43 46 38 41
15 9 32 30 13 4 23 20 7 18 17 24 19 42 21 11 40 22 25 47 12 2 36 27 37 1 3 33 45 41 28 43 8 5 31 16 14 6 48 44 29 35 26 46 38 39 34 10
22 25 24 40 2 19 17 39 12 11 5 4 46 48 23 16 6 20 8 18 32 3 9 45 7 14 44 42 15 30 33 13 35 47 1 21 27 28 10 37 34 36 29 43 41 38 26 31
36 23 42 22 11 5 14 17 35 37 25 32 20 2 29 48 1 46 6 19 10 27 45 7 39 21 31 47 3 16 44 12 15 41 8 18 4 9 43 28 33 38 24 13 34 40 30 26
25 37 19 21 26 6 34 22 28 16 20 14 2 27 41 31 9 3 45 38 8 48 13 1 17 44 4 5 7 43 36 10 47 35 11 29 39 30 42 46 40 24 18 12 33 15 23 32
32 8 25 39 22 14 13 21 9 26 34 19 28 23 7 35 16 30 18 3 45 41 15 42 1 33 10 44 43 29 37 47 5 11 46 12 38 48 31 6 2 27 17 40 36 20 4 24
30 4 23 18 20 31 33 7 43 48 42 15 34 6 14 36 12 9 24 21 41 13 46 44 47 17 1 22 38 39 25 11 45 27 5 28 10 40 8 16 26 19 35 2 3 37 32 29
7 31 4 48 39 41 37 9 5 21 44 18 38 16 10 28 45 17 19 43 42 1 12 24 14 47 34 8 46 2 22 20 11 40 13 35 36 25 3 26 6 30 15 33 27 32 29 23
45 38 28 33 41 10 21 42 19 22 29 13 43 8 16 30 14 11 44 17 5 47 1 39 4 9 15 46 48 37 2 35 34 23 40 31 6 26 24 3 12 18 36 27 32 7 25 20
33 5 27 28 34 17 41 6 46 2 40 42 25 9 45 8 20 35 14 23 1 44 47 10 48 37 12 43 39 3 11 31 24 15 38 26 13 22 32 4 36 21 16 29 7 30 18 19
38 48 14 37 4 42 44 24 34 1 30 26 3 36 40 45 15 47 39 28 46 32 10 22 5 43 11 41 8 12 31 27 2 6 7 13 9 19 18 23 35 33 21 25 16 29 20 17
5 32 9 46 3 16 31 34 38 41 27 45 22 25 19 29 47 48 15 1 44 39 37 43 18 10 13 21 30 42 40 4 23 33 26 11 12 20 36 35 8 17 2 24 28 6 14 7
40 39 15 14 36 9 42 43 22 19 45 33 31 1 48 47 44 41 13 46 16 35 20 37 21 3 23 38 12 10 29 17 6 2 24 7 30 32 27 25 28 11 5 4 26 34 8 18
3 26 33 41 1 28 35 46 40 45 24 27 29 22 47 44 13 7 48 42 21 5 6 36 34 20 43 39 37 11 4 15 38 32 10 25 8 18 9 17 30 2 12 23 31 14 19 16
37 2 41 25 33 35 36 19 31 44 48 47 45 32 43 21 42 1 9 20 39 40 38 29 46 16 28 34 22 14 30 24 3 12 27 6 26 10 4 11 7 15 23 8 18 5 17 13
31 34 35 45 27 18 30 48 29 47 33 46 39 43 44 1 7 5 42 14 38 37 11 25 32 41 22 9 36 8 26 2 40 28 23 24 15 17 12 19 10 13 4 20 21 16 6 3
26 19 47 38 48 45 32 30 1 42 28 37 27 44 39 43 46 29 20 36 24 11 34 35 41 31 6 18 2 40 23 21 33 22 4 17 3 15 25 9 5 10 14 16 12 13 7 8
35 41 44 31 42 46 43 45 48 34 47 21 1 39 2 40 32 27 38 37 36 24 26 33 30 25 7 23 28 5 19 6 29 13 20 10 18 4 22 14 16 9 8 15 17 12 3 11
44 28 43 42 45 48 39 47 41 30 46 1 32 40 37 38 27 33 16 15 34 31 22 19 25 36 18 13 23 35 14 26 17 29 12 20 24 3 21 10 11 8 6 7 4 9 5 2
42 1 45 47 30 43 40 29 44 46 39 35 24 26 36 41 38 34 31 32 33 19 25 23 28 11 37 10 27 22 18 48 21 16 9 15 5 8 20 2 13 3 7 17 14 4 12 6
1 46 48 43 40 44 47 27 45 39 37 34 42 41 38 33 24 19 36 35 26 23 21 31 20 28 30 15 29 32 13 18 4 7 22 14 25 12 11 8 17 6 10 3 9 2 16 5
