12849 9960 12207 12161 8777 4631 5253 3866 3832 3342 3006 2924 2547 2118 1714 1810 1774 896 883 760 760 495 420 396 393 265 272 283 171 183 148 148 118 108 88 66 52 45 46 36 28 27 24 17 16 10 12 10 8 6 6 5 5 4 3 3 2 2 2 1 1 1 1 1 1 1
3 4 5 10 6 13 9 7 11 2 1 15 16 8 14 12
14 9 3 15 10 5 2 16 7 6 4 8 12 1 13 11
16 1 4 10 8 14 13 7 6 3 5 9 11 15 2 12
2 14 13 12 6 5 11 3 16 8 15 7 1 10 9 4
12 7 1 9 10 4 3 16 14 5 11 13 8 2 6 15
1 13 10 16 4 3 5 11 12 2 7 6 9 8 14 15
9 13 15 6 2 3 16 11 7 14 4 8 12 1 10 5
3 15 12 16 10 7 2 4 14 6 5 1 9 8 13 11
1 11 10 8 4 16 9 12 15 6 7 2 5 13 14 3
14 9 5 11 2 6 8 10 12 16 1 13 4 15 3 7
4 15 12 10 13 14 5 16 7 2 9 6 8 1 3 11
12 1 14 7 8 2 13 6 9 5 15 4 16 11 10 3
16 11 1 6 15 10 14 7 3 8 12 9 13 2 5 4
9 4 5 15 12 3 10 13 14 16 2 11 6 7 8 1
13 3 15 2 8 5 11 16 12 14 9 6 7 10 4 1
3 10 15 12 4 1 2 11 6 8 5 7 9 16 13 14
8 3 5 1 10 13 9 2 4 6 7 14 16 15 11 12
1 9 12 16 2 5 8 11 14 6 4 15 10 13 7 3
14 9 10 4 13 8 5 12 3 16 1 15 6 2 7 11
9 10 12 2 13 8 3 16 6 15 4 11 5 1 14 7
12 4 14 16 2 6 13 7 9 15 5 1 10 11 8 3
1 15 10 4 8 16 3 13 12 5 2 9 6 7 14 11
16 13 1 4 12 5 11 3 15 14 9 6 8 10 2 7
2 1 4 15 10 3 14 6 7 16 9 13 12 8 5 11
9 10 14 12 4 16 8 11 15 6 2 7 13 1 3 5
1 11 10 2 8 14 16 13 3 5 4 6 7 15 9 12
13 14 1 11 15 5 3 6 16 2 12 9 4 8 10 7
14 8 13 15 12 10 11 2 5 3 1 7 6 16 4 9
7 15 5 12 6 1 9 11 3 14 13 2 8 10 16 4
1 11 4 10 13 14 5 16 9 15 12 6 8 7 2 3
12 1 10 11 8 3 13 7 6 2 4 9 5 15 16 14
7 15 5 16 2 8 9 3 12 6 13 1 4 11 10 14
14 3 1 7 6 5 16 11 15 8 9 2 12 10 13 4
13 9 12 2 15 1 11 16 7 14 5 6 10 8 4 3
3 14 10 12 6 2 8 11 16 5 1 13 7 15 9 4
9 10 14 11 8 16 2 3 6 15 1 4 13 7 5 12
16 1 13 15 2 14 5 12 6 8 7 9 4 10 3 11
14 11 1 10 15 6 8 7 5 16 4 2 9 13 3 12
1 8 5 16 12 13 14 2 9 3 7 4 6 15 10 11
9 13 4 15 8 10 2 11 6 16 12 14 5 1 7 3
12 11 13 1 10 14 16 3 4 6 5 15 7 8 2 9
8 4 14 12 2 5 3 7 16 15 1 13 6 10 9 11
16 14 13 2 4 1 11 12 7 15 9 6 10 8 5 3
13 10 14 11 15 2 3 6 12 8 4 9 7 1 16 5
14 13 4 10 8 6 5 3 15 2 7 1 12 16 11 9
3 9 1 11 15 2 8 16 7 6 5 14 4 13 10 12
7 3 10 1 6 14 8 2 12 16 13 9 5 15 4 11
8 9 1 16 13 10 14 11 4 2 12 15 6 7 5 3
1 15 14 12 10 3 2 7 16 6 5 13 4 8 9 11
8 11 4 7 12 2 3 16 15 5 1 6 10 13 9 14
3 14 13 11 10 16 5 6 15 8 1 4 12 7 2 9
13 11 1 2 6 5 8 3 4 14 7 15 9 16 10 12
12 8 10 1 15 6 2 16 5 3 9 4 7 13 11 14
1 9 14 10 12 8 3 7 6 16 4 13 5 15 2 11
16 14 5 11 4 1 2 3 9 8 13 15 6 10 7 12
3 15 4 12 13 8 14 2 7 6 9 1 10 16 5 11
8 13 1 15 4 16 14 6 5 2 7 9 12 10 11 3
7 14 13 16 2 3 8 11 15 5 4 6 12 1 10 9
7 13 14 15 6 10 11 12 4 16 1 2 9 8 5 3
8 10 4 11 15 2 14 16 6 3 13 9 5 1 7 12
16 8 10 2 4 1 14 3 12 6 5 13 7 15 9 11
13 10 4 11 15 2 3 16 5 8 7 6 12 1 9 14
16 8 5 2 10 14 11 3 4 6 13 1 9 15 7 12
7 15 13 1 8 3 9 12 6 14 5 4 10 16 2 11
13 14 1 16 12 2 8 7 15 3 4 9 6 10 11 5
12 11 14 10 13 1 3 6 16 2 7 15 5 8 4 9
