12459 12436 11543 11543 9605 6960 5269 5129 4282 3139 2045 2087 1848 1757 1594 1444 955 840 659 520 479 477 451 397 344 243 228 176 191 124 116 107 85 79 65 52 52 33 29 25 23 15 14 13 11 9 7 7 6 5 4 3 2 3 2 2 1 1 1 1 1 1 1
2 10 7 13 12 5 4 3 9 8 14 6 11 15 1
2 9 5 10 14 1 12 11 15 7 4 6 13 8 3
2 1 14 8 6 15 13 3 9 5 11 12 4 10 7
3 5 7 6 4 11 1 10 13 2 14 15 9 12 8
5 3 11 9 12 7 6 8 2 13 10 1 15 14 4
2 10 8 7 6 1 15 4 11 14 12 9 13 5 3
7 9 4 13 14 5 10 3 15 8 1 12 6 2 11
8 10 13 7 5 14 3 15 9 4 1 6 11 2 12
5 12 3 4 9 8 10 14 15 13 2 1 6 11 7
2 11 8 15 6 5 13 4 7 14 10 9 12 1 3
7 1 6 15 12 5 13 2 11 10 3 14 9 4 8
1 9 4 13 5 10 3 8 11 14 12 2 15 7 6
5 1 12 4 3 9 6 2 13 15 7 14 8 10 11
11 5 2 3 7 14 1 9 15 10 4 12 13 8 6
15 3 6 10 8 7 13 5 9 2 14 11 12 1 4
3 14 8 9 5 6 4 15 7 13 11 2 10 12 1
2 6 13 7 14 10 15 11 5 1 12 9 8 4 3
1 6 11 13 4 5 12 8 15 10 3 14 9 2 7
2 5 3 7 12 11 10 8 9 14 1 15 13 4 6
5 11 14 8 4 15 6 2 13 1 3 12 9 10 7
4 1 7 2 6 9 8 15 5 13 12 11 10 14 3
1 3 7 9 12 10 15 4 11 2 14 6 8 5 13
11 5 13 4 9 8 10 2 3 6 7 1 15 14 12
3 14 2 7 4 6 12 5 13 15 1 10 9 11 8
2 1 3 10 14 7 13 15 5 8 4 9 12 11 6
7 12 5 3 6 14 4 8 9 1 2 15 13 10 11
5 10 13 7 3 14 6 9 15 1 11 12 8 2 4
15 6 5 13 8 9 3 2 11 14 1 10 4 12 7
15 12 4 8 7 13 2 10 9 14 3 1 6 5 11
10 1 14 4 3 5 13 9 15 6 2 11 8 7 12
1 14 7 9 5 10 3 2 13 8 12 6 15 11 4
4 5 11 10 6 9 8 15 3 13 7 2 12 14 1
1 3 14 2 12 15 4 9 7 10 11 6 13 5 8
5 14 3 9 7 11 6 10 15 1 2 12 4 8 13
15 6 11 4 14 5 13 8 3 2 1 9 10 12 7
10 1 7 9 8 15 12 4 5 14 3 11 13 2 6
1 10 2 8 5 14 3 9 11 4 7 15 6 12 13
8 5 11 2 3 14 4 15 13 6 12 9 10 7 1
11 3 2 13 14 9 12 4 7 8 1 10 15 5 6
10 3 14 9 6 15 8 5 11 13 12 1 4 2 7
4 1 2 3 8 10 12 5 15 13 14 9 6 11 7
8 3 13 9 12 5 6 2 7 14 4 15 10 11 1
4 10 6 2 3 11 12 15 13 14 1 9 8 5 7
15 1 11 3 12 9 4 10 5 6 7 2 13 14 8
11 5 3 4 7 9 6 2 13 8 14 10 15 12 1
2 12 3 9 5 11 8 15 7 1 4 6 10 14 13
3 14 4 2 6 5 13 9 11 15 12 10 8 7 1
11 6 7 9 3 13 2 10 15 14 12 1 4 5 8
8 12 14 10 5 15 2 4 7 1 3 9 13 11 6
5 14 4 3 7 6 10 8 13 15 1 2 9 12 11
15 1 3 9 14 5 12 4 11 10 2 6 8 7 13
10 3 6 2 12 9 13 5 7 1 14 15 4 8 11
7 6 11 4 3 13 12 9 5 2 1 10 15 14 8
2 14 6 10 8 13 12 5 11 4 3 9 15 7 1
11 5 7 3 12 9 8 10 13 2 4 1 15 14 6
1 3 11 2 7 6 13 9 5 10 14 15 4 12 8
15 5 14 9 6 11 10 4 7 1 3 2 8 12 13
11 12 14 4 3 5 13 2 15 6 1 10 9 8 7
5 1 11 9 12 15 10 4 7 8 3 2 6 14 13
8 14 7 3 6 11 13 10 5 15 4 2 9 12 1
7 12 4 3 14 5 10 9 15 6 2 1 13 8 11
5 10 14 4 3 13 12 15 7 2 1 9 8 11 6
15 3 11 9 12 10 8 2 13 1 14 6 4 5 7
