4888 5228 4588 4765 4673 4388 4292 4127 3937 3815 3933 3813 3321 3130 3222 3129 2856 2762 2723 2557 2149 1870 1899 1016 965 1056 943 992 894 802 745 680 646 615 567 594 552 495 483 479 406 371 327 309 251 241 251 212 233 221 176 158 153 164 135 139 110 118 103 94 84 85 72 67 68 57 55 55 50 44 46 45 38 32 33 30 25 28 27 21 19 18 18 18 16 15 13 13 10 11 10 8 8 8 7 7 6 5 5 5 5 4 4 4 3 3 3 3 2 2 2 2 2 2 1 1 1 1 1 1 1 1 1 1 1 1 1 1 1 1
22 16 5 17 15 2 18 8 4 21 13 23 6 9 19 1 24 7 14 10 20 12 3 11
18 2 23 12 8 3 6 7 10 17 19 15 21 16 11 20 14 9 22 13 24 5 1 4
23 18 22 4 16 9 13 15 19 3 1 5 10 21 6 14 11 17 2 24 8 7 12 20
12 14 21 6 17 10 22 20 9 24 4 11 8 5 7 3 13 1 19 15 18 2 23 16
1 20 14 23 10 11 19 6 12 5 7 18 16 4 24 17 2 13 8 3 9 15 21 22
16 9 8 22 4 24 12 14 18 11 17 1 15 2 23 13 3 6 20 19 5 10 7 21
8 13 16 11 12 21 14 2 6 10 24 22 20 3 5 19 4 15 9 18 7 23 17 1
5 3 19 18 21 1 9 4 13 7 15 20 2 8 17 23 16 10 11 22 12 24 14 6
7 22 11 3 24 15 23 21 17 1 20 16 19 10 2 8 12 18 4 9 6 14 5 13
3 23 17 7 11 16 1 9 24 22 5 13 12 19 14 15 18 20 10 21 4 6 2 8
11 1 24 20 2 23 3 5 16 6 21 19 22 14 18 4 15 8 12 7 10 13 9 17
20 8 18 14 22 19 2 23 21 4 3 7 1 15 12 11 17 24 16 5 13 9 6 10
2 4 12 16 14 17 8 18 22 20 13 3 24 11 9 10 7 19 6 23 1 21 15 5
19 5 6 13 20 12 15 22 11 23 10 24 14 17 4 9 8 21 1 2 3 18 16 7
17 15 4 24 19 5 10 16 1 18 8 9 7 6 22 2 20 11 23 14 21 3 13 12
14 24 15 10 1 22 5 19 20 12 6 8 13 23 21 7 9 3 18 16 17 4 11 2
10 19 7 5 18 4 17 1 23 8 14 6 3 13 15 22 21 2 24 11 16 12 20 9
4 11 10 8 9 6 24 13 3 16 2 17 5 18 1 21 19 23 7 12 15 20 22 14
9 21 2 15 3 20 18 10 7 19 22 12 17 1 8 6 5 16 13 4 14 11 24 23
15 6 1 2 7 18 4 3 5 13 23 14 9 20 16 12 10 22 21 8 11 17 19 24
24 17 20 19 23 8 21 12 15 2 9 10 11 7 13 18 6 14 5 1 22 16 4 3
13 7 9 21 5 10 20 11 8 14 16 23 4 22 3 24 1 12 17 6 2 19 18 15
21 10 13 9 6 14 7 24 2 15 11 4 18 12 20 16 22 5 3 17 23 1 8 19
6 12 3 1 13 7 16 17 14 9 18 2 21 24 22 5 23 4 15 20 19 8 10 11
6 7 3 17 16 2 11 8 4 9 12 21 23 19 13 5 1 14 15 24 20 22 10 18
5 19 20 1 15 13 16 17 9 21 12 2 10 8 6 7 23 4 14 11 24 22 3 18
23 12 6 18 17 9 13 8 14 20 16 15 4 21 10 3 24 19 22 1 2 7 5 11
18 16 4 12 13 3 11 1 22 24 19 21 15 5 9 14 10 23 17 20 6 8 2 7
21 18 13 6 15 24 14 11 10 23 1 4 2 17 3 16 19 12 7 5 8 22 9 20
13 17 23 22 8 11 9 19 24 14 12 10 21 7 20 1 6 18 3 2 5 16 4 15
22 10 1 21 13 15 7 12 11 2 18 17 23 9 4 20 8 6 24 14 19 5 16 3
3 12 9 17 24 7 22 13 4 15 11 21 14 10 5 8 23 16 2 6 18 1 20 19
8 7 10 3 16 13 24 22 1 9 4 23 17 11 21 18 20 2 5 12 14 19 15 6
1 3 12 16 7 9 20 14 18 13 5 24 8 6 19 10 11 21 4 23 22 15 17 2
6 24 7 4 12 2 21 3 8 19 9 15 20 16 11 5 13 17 10 18 1 14 22 23
23 11 8 19 3 16 1 10 6 4 14 12 24 21 17 2 7 22 13 15 20 9 18 5
16 21 3 2 17 19 12 20 23 10 18 5 6 22 14 24 1 11 9 4 15 7 8 13
19 4 17 7 5 23 15 6 20 22 2 8 11 3 16 13 18 12 1 9 21 24 14 10
17 18 14 20 2 1 23 24 19 6 11 13 7 4 15 22 5 3 21 16 9 12 10 8
9 20 16 24 1 11 17 7 13 5 23 14 10 2 18 15 22 4 6 8 3 21 19 12
4 22 2 11 10 24 8 9 7 3 16 18 5 13 1 19 21 15 20 12 23 17 6 14
12 5 18 1 21 13 6 15 17 7 20 2 19 9 10 4 3 14 23 22 16 8 11 24
7 9 22 13 6 4 19 8 14 12 10 16 3 23 2 21 24 20 15 17 18 11 5 1
10 12 19 18 15 22 5 17 21 16 7 1 13 20 23 9 2 8 14 24 4 6 3 11
24 10 15 23 22 21 3 18 2 8 12 6 1 5 4 14 16 7 11 19 17 20 13 9
15 14 24 16 8 17 4 2 18 21 22 3 20 12 23 19 9 5 10 7 11 13 1 6
2 13 11 12 20 9 16 5 6 14 8 19 4 10 1 23 15 24 22 18 7 3 21 17
20 2 16 5 19 3 10 8 11 1 6 7 18 14 21 13 17 9 12 23 24 4 22 15
13 6 7 10 14 16 11 12 3 22 15 24 19 17 5 9 20 1 8 21 23 2 4 18
18 15 2 6 23 4 3 16 12 17 1 21 9 7 24 22 11 13 5 14 10 20 8 19
14 3 10 1 11 15 13 21 8 2 9 4 12 24 16 5 22 18 19 6 20 17 7 23
8 9 13 18 4 7 20 17 15 3 24 23 5 1 19 11 14 2 21 10 22 12 6 16
2 17 12 19 15 23 14 18 1 6 5 20 7 22 11 8 10 16 24 4 13 21 3 9
6 2 24 23 19 12 21 20 4 5 14 15 8 11 7 10 9 22 1 3 17 13 16 18
3 7 9 21 24 15 23 6 2 12 17 10 11 8 13 18 1 5 4 16 14 22 19 20
19 14 15 10 13 2 8 3 22 21 4 17 6 16 20 12 23 9 7 1 24 11 18 5
15 21 3 4 8 1 22 23 18 7 24 11 16 6 12 20 13 10 9 17 19 14 5 2
11 10 18 14 5 17 4 9 24 16 12 22 3 23 2 6 7 21 13 15 1 19 20 8
21 22 8 20 16 13 10 15 17 19 23 6 24 1 4 14 3 7 2 18 5 9 11 12
4 12 19 7 11 1 9 13 5 10 22 3 18 24 8 17 6 20 16 2 21 23 14 15
12 16 22 17 9 3 1 11 14 20 10 7 5 13 18 15 8 24 23 19 6 2 21 4
24 4 17 3 20 23 19 6 15 1 9 5 22 21 13 11 2 18 12 10 16 8 7 14
22 24 6 11 21 20 5 17 23 14 15 16 4 3 19 2 18 8 9 12 10 1 13 7
7 18 11 5 22 9 24 2 1 8 3 19 12 15 14 4 21 6 10 20 13 16 23 17
22 20 14 16 23 7 13 18 2 6 19 8 9 4 15 21 5 12 1 24 11 17 10 3
4 17 23 8 14 2 21 5 10 15 18 24 16 12 9 20 19 13 3 6 22 7 1 11
17 18 3 24 20 16 7 22 11 23 2 9 15 14 10 5 8 1 19 21 12 4 6 13
10 7 15 12 22 21 14 24 16 11 17 23 18 9 4 13 1 8 5 19 20 6 2 3
23 15 9 22 6 19 20 11 21 13 1 4 10 3 12 7 16 17 24 8 18 5 14 2
16 22 10 2 15 17 12 13 18 8 20 1 6 14 21 11 3 5 7 4 9 24 19 23
24 12 13 8 2 3 16 23 19 9 6 21 7 22 11 14 18 10 4 17 15 20 5 1
9 17 8 15 14 12 22 1 4 24 21 2 11 5 16 19 13 23 3 18 7 10 6 20
1 5 20 11 9 14 17 15 7 4 3 12 22 2 8 6 10 18 13 23 19 21 24 16
7 24 18 5 4 15 6 16 3 14 8 13 19 12 2 10 23 21 20 1 17 11 22 9
15 16 2 13 8 24 19 7 1 17 12 10 21 6 20 18 11 4 23 22 5 3 9 14
20 9 19 3 7 13 23 22 15 6 18 1 12 10 5 24 17 14 2 16 21 8 4 11
11 13 22 4 16 7 8 3 23 12 5 18 2 20 19 17 10 24 21 9 1 14 15 6
13 6 12 22 1 17 4 9 14 23 8 19 5 7 24 10 21 20 16 2 3 15 11 18
18 2 14 16 19 24 3 21 22 5 7 20 23 17 1 15 8 12 11 9 6 13 10 4
3 21 16 2 10 20 5 19 17 18 4 8 13 24 23 9 6 15 22 11 14 12 1 7
12 3 10 6 13 23 9 20 5 19 2 4 24 15 18 8 14 11 7 1 22 16 21 17
6 4 11 17 21 15 13 5 12 1 19 24 16 20 14 9 7 22 10 3 23 2 18 8
21 18 6 8 11 1 15 14 2 4 23 3 10 9 17 12 24 7 20 16 22 19 13 5
20 24 19 14 5 13 21 17 9 11 1 23 3 8 10 7 18 16 4 6 12 22 2 15
5 9 17 4 23 16 24 12 8 20 22 18 6 11 21 2 15 10 19 7 14 1 3 13
19 16 22 17 6 2 11 18 10 15 20 9 8 13 7 21 5 3 24 4 1 14 23 12
22 7 14 5 4 21 17 16 18 8 24 13 19 12 23 3 1 6 2 15 11 9 20 10
2 15 18 20 8 9 7 11 5 3 23 17 4 21 19 24 22 14 13 12 10 6 16 1
10 13 12 3 16 20 5 1 11 24 15 22 9 14 18 6 2 4 21 8 17 7 19 23
11 9 3 6 1 19 2 23 21 14 18 20 15 10 8 17 24 13 12 22 5 7 4 16
17 5 20 21 13 7 19 10 23 8 4 15 11 22 6 16 14 18 1 2 3 12 24 9
12 22 23 2 10 3 14 6 24 9 5 11 13 4 1 7 16 20 17 21 18 8 15 19
15 6 8 12 9 14 1 22 16 2 19 5 24 3 17 4 7 21 11 18 13 10 23 20
1 3 11 7 22 21 10 15 4 13 12 2 16 6 24 18 9 8 23 17 19 5 20 14
7 20 10 8 11 23 4 17 14 12 2 21 22 16 18 13 19 24 3 15 6 1 9 5
3 18 2 11 19 4 7 9 24 20 6 12 10 15 5 14 23 1 16 8 21 13 22 17
10 21 16 13 6 12 24 2 17 11 14 8 18 5 20 15 3 9 22 1 23 19 7 4
13 4 8 22 21 24 23 3 12 1 15 16 6 20 14 11 17 2 7 19 10 9 5 18
22 24 12 15 4 1 16 18 13 19 17 14 5 2 7 8 20 23 21 3 9 6 11 10
12 2 10 20 16 14 15 13 21 5 18 4 23 7 9 22 6 19 17 24 1 8 3 11
23 17 13 18 9 15 20 24 14 10 2 19 21 1 4 6 22 12 5 7 11 3 16 8
4 7 6 14 2 16 13 22 18 3 24 10 9 8 11 19 1 5 20 23 17 15 21 12
6 4 7 10 3 13 8 1 19 17 5 23 15 12 24 21 9 2 11 22 14 20 18 16
19 14 20 16 15 7 21 5 11 9 12 24 2 13 8 3 17 23 10 6 18 22 4 1
21 2 24 17 23 3 14 10 22 4 19 1 8 11 16 9 18 6 13 12 5 7 15 20
15 13 2 22 5 19 10 7 6 23 1 16 3 18 17 24 21 4 8 11 20 12 14 9
11 24 8 4 22 20 5 15 1 18 3 9 12 14 2 17 6 21 7 10 23 16 19 13
14 21 23 5 1 24 9 11 7 15 20 10 8 22 19 16 13 18 12 4 3 2 6 17
16 20 3 2 8 9 17 6 4 24 22 15 7 21 10 18 23 19 14 12 13 11 1 5
10 7 18 12 2 1 3 14 17 5 4 23 22 9 21 8 15 20 16 11 6 24 13 19
24 18 16 8 10 21 22 12 6 3 15 2 13 4 1 11 20 7 19 9 17 14 5 23
7 22 15 18 4 23 8 16 13 17 10 14 24 2 5 12 19 3 1 21 9 11 20 6
22 16 9 24 13 12 11 20 8 1 17 21 19 5 23 10 14 15 3 18 4 6 2 7
9 17 11 15 5 13 1 2 10 14 6 19 3 18 7 4 16 24 22 23 8 20 21 12
13 14 24 17 6 2 19 7 22 8 23 12 11 20 15 5 3 1 4 16 21 9 18 10
1 20 22 13 11 4 6 12 16 17 21 8 15 3 9 18 2 10 23 14 5 24 7 19
17 12 6 20 3 16 23 14 4 24 7 22 2 8 11 5 15 9 1 19 21 10 13 18
18 2 13 20 23 14 9 5 12 15 4 11 6 16 3 17 7 19 21 10 22 24 1 8
17 15 12 2 6 9 7 13 16 10 14 5 4 11 18 21 22 8 20 3 1 19 24 23
12 17 18 14 11 7 6 10 5 2 3 15 13 8 1 9 21 24 23 4 19 16 22 20
3 6 10 12 7 2 13 15 11 4 9 23 22 14 17 8 24 21 16 1 20 5 19 18
13 4 16 10 2 11 20 3 22 9 1 8 6 7 21 12 23 5 19 24 17 14 18 15
21 3 6 7 8 4 5 9 18 12 23 13 24 10 20 19 2 1 17 22 14 15 16 11
2 5 15 11 3 20 22 6 7 23 21 4 18 1 16 24 19 9 8 17 12 13 14 10
6 13 20 21 10 3 2 23 19 24 22 1 5 4 11 18 8 17 14 16 7 12 15 9
16 20 22 13 21 19 23 17 1 8 18 24 7 9 6 14 3 15 5 12 11 10 4 2
5 22 2 24 20 23 14 1 17 16 19 3 12 21 9 15 18 10 4 6 13 7 11 8
18 14 24 4 16 1 17 21 23 19 2 22 11 12 15 3 5 20 13 7 10 8 9 6
1 24 19 17 23 21 16 22 15 13 5 11 2 20 8 6 14 7 12 10 18 9 3 4
24 21 23 22 1 15 19 11 4 18 17 12 9 3 10 13 20 8 7 14 16 2 6 5
