24775 24823 25177 24649 23949 23258 23313 22850 23142 22638 22283 22300 22147 20978 20599 21271 21001 20913 19926 19873 19829 19770 19729 19256 19373 18849 18959 18068 18463 18041 17802 16677 17139 16813 16886 16299 16104 15313 15494 15003 14726 14467 13500 13251 12641 11574 9263 9085 2913 3146 2790 2767 2721 2629 2660 2545 2409 2435 2173 2309 2225 2182 2095 2104 2017 1891 1883 1894 1782 1742 1593 1640 1624 1572 1507 1471 1426 1369 1346 1294 1255 1093 1214 1134 1149 1076 975 985 928 816 824 745 702 670 666 607 575 531 531 513 495 467 471 407 439 428 376 397 386 355 350 345 331 306 305 288 294 307 295 286 274 272 247 244 248 210 220 230 210 186 203 184 187 169 162 156 158 146 122 135 130 118 118 110 101 101 93 87 88 82 81 77 77 76 70 73 68 66 60 61 59 57 53 55 48 50 50 48 47 44 44 41 37 40 36 34 31 31 30 30 29 28 26 27 24 23 22 21 18 19 17 18 16 16 15 15 15 14 13 13 13 12 12 10 11 10 11 10 9 10 9 9 8 8 8 7 7 6 6 6 6 5 6 5 5 5 5 5 5 4 4 4 4 4 3 3 3 3 3 3 3 3 3 2 2 2 2 2 2 2 2 2 2 2 2 2 1 1 1 1 1 1 1 1 1 1 1 1 1 1 1 1 1 1 1 1 1 1 1 1 1 1 1 1 1 1 1 1 1 1
35 7 38 17 3 40 1 14 16 8 4 27 42 11 29 24 37 43 26 9 33 45 6 13 5 32 36 28 41 44 10 46 48 21 15 31 30 22 34 20 2 12 23 25 39 47 19 18
9 27 36 22 31 38 24 6 30 20 39 25 3 18 42 33 28 17 37 5 34 41 16 23 19 43 21 32 7 10 12 2 26 13 48 45 4 47 46 29 44 11 15 14 1 35 40 8
1 32 19 11 45 10 33 47 20 26 24 3 16 42 4 6 48 9 38 31 36 22 44 39 43 28 27 8 46 17 40 18 14 35 23 5 13 29 7 12 37 41 25 2 30 15 21 34
22 31 32 16 5 36 15 9 28 27 45 38 18 43 26 20 4 25 34 24 23 42 40 6 8 44 47 37 33 39 11 21 3 10 12 1 17 35 41 30 48 2 19 7 14 13 46 29
37 11 4 6 20 17 13 29 40 15 34 19 12 10 5 9 43 18 8 33 41 25 30 48 32 24 44 45 21 1 42 27 7 38 14 22 47 16 35 28 31 46 2 26 23 3 36 39
6 16 22 25 44 32 23 33 41 3 42 45 5 20 47 39 10 7 14 34 2 48 28 36 11 12 4 27 40 31 35 38 19 9 26 13 15 46 29 18 43 17 30 24 21 8 37 1
27 48 24 4 21 25 3 44 29 18 13 7 1 47 9 17 15 16 28 40 12 34 43 31 35 5 37 38 26 2 23 32 8 20 45 41 14 10 42 36 22 6 33 30 11 46 39 19
25 1 39 40 46 26 16 24 10 37 44 31 32 34 17 15 13 19 21 30 35 20 38 33 23 6 7 2 14 18 27 28 4 45 29 36 11 8 5 22 12 42 3 47 43 48 9 41
12 22 47 31 34 8 26 13 45 39 36 43 11 21 48 35 14 29 33 37 17 24 1 42 38 9 5 44 23 7 41 15 46 6 30 2 40 18 4 25 20 3 32 19 10 16 28 27
2 12 40 28 4 15 14 3 37 44 8 48 24 41 21 47 35 45 7 29 10 9 13 20 36 17 26 22 6 27 34 23 16 32 1 18 42 5 25 38 46 39 31 33 19 11 43 30
19 34 43 2 12 11 46 7 23 35 22 4 48 37 14 45 33 32 13 39 5 28 24 18 21 47 31 29 42 25 38 41 40 15 10 16 6 3 1 8 30 27 17 36 20 44 26 9
5 37 27 33 23 3 31 38 1 30 2 34 14 4 46 29 24 35 18 17 40 16 36 41 20 45 15 39 13 42 21 25 32 22 19 12 9 28 8 26 47 44 43 11 48 6 10 7
48 6 3 13 33 42 47 16 36 34 7 14 43 23 22 11 8 39 24 41 19 30 31 38 28 20 35 12 18 21 37 29 2 1 32 15 46 44 26 40 17 4 45 10 27 9 5 25
11 23 2 19 26 6 44 8 38 10 1 35 7 24 13 18 3 40 20 16 22 39 46 4 27 48 17 21 5 14 30 47 34 29 25 9 33 43 12 42 15 32 37 28 31 45 41 36
33 3 41 1 17 2 7 39 48 22 40 20 23 38 27 36 9 8 15 45 24 26 35 25 30 34 13 46 37 32 14 6 12 19 31 44 5 11 18 47 10 29 4 21 28 42 16 43
42 45 46 27 47 22 32 20 11 13 5 2 15 40 10 41 1 30 4 44 21 29 19 37 31 35 14 36 39 3 9 43 6 8 24 23 25 38 33 16 34 18 12 48 7 28 17 26
15 26 21 23 41 7 18 28 19 42 47 32 40 6 20 25 2 34 30 36 8 11 10 16 13 31 46 35 48 22 5 17 44 43 9 4 12 1 3 33 24 37 14 27 38 39 29 45
40 47 1 46 42 39 43 26 35 16 27 6 29 36 3 12 30 20 48 32 9 21 8 45 33 41 11 13 24 37 2 22 15 25 4 14 19 23 17 5 28 31 18 38 44 34 7 10
41 10 26 24 25 45 42 34 44 19 17 8 46 31 32 2 21 5 11 47 48 4 9 3 6 22 1 18 12 29 36 39 33 14 40 28 37 7 15 43 27 16 38 13 35 30 20 23
28 39 31 42 40 37 22 17 14 38 29 13 20 33 15 19 45 4 6 7 26 46 3 30 10 2 43 47 32 34 8 35 9 48 21 25 23 27 24 44 1 36 5 18 16 41 12 11
45 25 18 47 39 28 8 37 12 33 20 41 27 2 43 5 34 38 23 4 30 31 42 32 29 13 19 1 44 36 22 11 35 7 3 10 48 17 21 24 16 9 26 15 6 40 14 46
7 43 30 32 10 33 38 4 42 9 12 16 31 1 41 22 18 46 45 13 14 40 47 26 17 29 25 5 3 28 48 37 11 34 27 8 20 39 19 6 21 15 36 35 24 23 44 2
8 14 28 12 9 30 39 48 13 25 38 36 6 7 16 1 26 2 43 23 27 15 32 24 40 4 33 41 20 19 47 45 42 31 5 17 10 34 11 46 35 22 21 44 18 29 3 37
38 15 20 30 43 14 48 46 31 12 16 9 36 44 24 4 11 28 1 18 25 7 39 29 41 21 32 19 10 26 33 8 23 27 35 3 2 6 22 37 42 47 13 40 45 17 34 5
36 40 8 15 29 23 2 18 26 7 28 11 35 9 30 37 27 3 41 1 42 17 21 22 39 10 34 48 25 33 4 16 31 46 44 24 38 45 6 19 5 14 20 43 12 32 13 47
4 21 33 38 13 1 5 43 34 45 41 17 10 27 8 3 47 22 12 15 32 6 48 19 7 46 18 11 9 23 25 14 28 42 16 40 29 26 36 35 39 30 44 31 37 2 24 20
47 29 42 37 19 4 20 5 17 43 48 24 28 25 33 16 40 21 2 46 7 44 11 35 45 14 12 30 31 41 6 26 1 23 18 27 36 9 39 15 38 13 34 3 22 10 8 32
34 30 5 39 48 21 25 19 7 1 37 18 45 29 40 10 42 44 16 8 15 47 33 43 14 3 2 9 27 46 26 13 20 11 17 6 22 24 28 32 4 38 35 23 41 36 31 12
13 17 29 10 24 41 34 42 2 4 46 30 26 15 25 23 44 14 3 28 47 38 37 21 18 8 48 16 22 12 31 36 43 5 11 7 32 19 27 9 40 45 1 39 33 20 35 6
21 36 35 44 14 48 29 2 25 32 33 15 8 46 18 40 20 11 27 10 38 37 23 34 12 16 9 3 1 47 7 30 17 26 28 43 45 41 31 39 19 5 22 6 13 4 42 24
10 2 7 41 30 24 17 45 21 48 3 29 33 28 38 26 39 12 31 6 13 8 22 44 16 27 40 23 43 5 32 9 25 4 46 37 35 36 47 11 18 19 42 20 34 14 1 15
24 13 10 7 16 27 9 23 3 21 18 40 17 19 36 34 25 33 47 22 6 1 5 28 2 26 39 14 30 38 46 4 41 12 37 42 44 32 45 31 11 20 29 8 15 43 48 35
14 24 6 9 27 31 19 36 32 46 15 44 30 8 1 21 41 23 10 42 20 18 12 47 37 11 3 17 38 35 39 34 13 40 22 29 26 33 43 48 45 7 28 16 5 25 2 4
23 5 48 14 6 18 45 21 33 11 9 37 47 26 34 31 32 15 46 20 29 12 2 27 44 42 30 25 36 8 28 7 24 3 43 35 39 4 10 17 13 1 16 41 40 19 22 38
30 35 14 21 18 12 28 31 8 47 19 23 39 32 37 7 29 24 9 26 3 27 20 5 42 40 16 34 17 45 15 33 10 41 36 11 43 2 13 1 25 48 6 22 46 38 4 44
44 20 17 8 35 19 21 25 4 24 31 42 38 39 2 28 6 26 22 11 1 43 27 15 3 36 45 10 29 30 18 12 5 16 33 32 7 13 48 41 14 23 46 34 9 37 47 40
46 18 23 34 36 29 40 27 9 28 21 26 13 5 45 32 19 41 44 25 11 35 15 7 48 37 22 6 4 43 17 10 39 30 20 47 1 31 14 2 33 8 24 42 3 12 38 16
3 19 25 5 37 44 12 15 46 23 6 28 2 22 35 42 7 1 32 27 4 33 18 11 47 39 38 20 45 40 43 31 36 17 34 26 16 14 9 21 41 10 48 29 8 24 30 13
17 42 15 36 11 43 27 35 5 29 10 21 41 48 31 13 46 6 40 38 39 32 4 12 34 19 23 24 16 9 3 1 45 44 8 33 28 20 30 14 7 25 47 37 2 26 18 22
39 4 44 18 8 9 6 40 27 41 11 12 21 30 23 46 5 37 25 2 43 13 14 17 22 1 24 26 35 16 19 42 38 36 47 48 31 15 20 34 29 28 10 45 32 7 33 3
29 28 11 3 22 35 30 41 15 6 43 5 37 12 19 44 36 10 39 21 16 2 26 14 25 23 42 7 8 20 13 48 47 18 38 46 34 40 32 4 9 24 27 1 17 31 45 33
31 8 34 48 38 13 37 32 39 40 23 1 22 35 11 14 16 36 17 19 28 5 41 46 15 30 20 33 47 4 45 24 18 2 6 21 3 12 44 10 26 43 7 9 29 27 25 42
32 33 13 43 15 47 4 12 6 14 30 10 34 45 7 38 22 42 19 35 44 3 29 8 9 25 28 31 2 24 16 5 27 39 41 20 18 48 37 23 36 21 40 46 26 1 11 17
18 44 37 45 28 20 41 10 22 31 25 47 9 17 12 48 38 27 36 43 46 23 34 2 26 33 8 15 11 13 1 40 29 24 7 19 21 30 16 3 32 35 39 4 42 5 6 14
16 38 9 29 32 5 35 1 24 2 26 46 44 14 39 30 31 47 42 48 45 19 17 10 4 7 41 43 28 15 20 3 22 37 13 34 8 25 40 27 6 33 11 12 36 18 23 21
43 9 16 26 7 46 36 11 18 17 35 22 19 13 44 8 12 48 5 3 37 14 25 1 24 38 10 4 34 6 29 20 30 28 42 39 27 21 2 45 23 40 41 32 47 33 15 31
26 41 12 20 1 16 11 30 47 36 32 39 4 3 6 43 17 13 35 14 31 10 45 40 46 18 29 42 15 48 44 19 21 33 2 38 24 37 23 7 8 34 9 5 25 22 27 28
20 46 45 35 2 34 10 22 43 5 14 33 25 16 28 27 23 31 29 12 18 36 7 9 1 15 6 40 19 11 24 44 37 47 39 30 41 42 38 13 3 26 8 17 4 21 32 48
26 7 16 11 2 40 10 30 47 8 4 39 25 18 29 24 17 32 37 3 33 45 6 13 5 43 36 42 19 44 12 46 48 21 15 31 41 1 38 20 22 34 9 14 23 35 27 28
20 7 25 22 3 40 15 14 24 2 13 19 9 11 29 33 37 43 35 38 34 45 16 36 46 1 6 28 41 44 10 27 26 47 48 5 4 42 23 18 31 12 30 17 39 21 32 8
37 1 12 17 4 36 35 22 47 20 45 27 3 16 6 18 23 19 26 14 33 41 28 39 5 43 29 40 34 10 38 44 21 32 42 31 24 7 2 13 8 11 15 9 25 46 30 48
34 27 36 17 31 40 13 14 6 8 35 3 44 4 26 20 12 25 29 5 18 10 16 23 11 32 38 42 2 39 21 46 48 33 15 45 30 22 43 28 37 1 41 24 19 47 7 9
27 31 12 20 7 38 33 1 39 36 14 4 19 13 44 5 17 43 42 2 46 45 6 34 32 25 21 40 15 48 41 18 37 35 23 30 47 24 10 29 3 11 9 26 28 22 16 8
10 46 9 35 45 34 41 23 22 17 43 33 5 11 42 24 28 13 14 27 6 36 40 48 8 26 18 4 30 44 12 47 3 7 39 31 15 32 29 20 2 38 16 25 21 1 37 19
6 24 45 26 46 40 11 10 28 20 32 31 18 14 4 36 16 17 29 12 38 48 25 43 9 22 23 37 5 7 44 34 30 21 2 13 42 33 41 3 15 35 19 47 39 8 27 1
43 41 10 1 31 32 24 33 20 8 42 46 4 3 5 6 38 7 37 35 16 9 30 40 19 34 36 21 13 18 23 28 14 15 26 22 27 44 45 12 48 17 39 2 11 47 25 29
20 3 22 29 16 10 12 40 48 15 26 13 2 35 7 8 6 45 28 47 44 1 46 4 24 39 17 43 19 31 42 21 37 9 32 41 33 11 34 38 27 23 25 30 14 5 36 18
7 13 23 43 20 36 4 34 9 26 44 8 3 17 12 15 22 18 10 25 37 28 6 30 1 16 42 27 40 32 11 45 19 24 14 39 5 38 35 47 46 2 29 21 31 33 41 48
3 2 37 7 21 17 36 6 38 27 25 40 34 18 15 43 4 5 44 31 33 26 13 12 11 42 29 32 28 1 30 22 48 14 19 45 8 16 9 41 47 10 23 46 20 35 24 39
24 44 4 28 3 46 35 25 18 14 30 7 48 33 27 20 13 16 26 10 22 45 9 6 43 23 8 15 11 34 40 32 12 39 31 38 17 37 5 36 1 42 2 29 47 21 19 41
33 48 40 3 26 9 30 17 47 20 39 45 16 1 29 27 25 42 35 7 36 38 31 32 2 18 4 10 43 21 24 44 34 37 41 5 11 46 14 22 12 15 8 23 19 13 6 28
26 40 44 19 33 16 9 22 46 23 18 24 12 41 39 34 37 47 15 45 21 4 36 14 30 28 32 25 35 38 27 20 7 29 48 31 13 2 42 1 8 6 3 5 10 43 11 17
22 32 13 40 38 20 23 2 33 18 8 6 41 26 35 11 46 1 16 21 30 7 24 31 27 10 28 44 9 17 14 39 4 47 43 36 3 5 15 29 37 12 34 19 25 48 45 42
23 31 45 17 44 27 10 13 34 22 9 12 32 21 24 47 5 4 25 48 39 40 29 11 46 37 2 38 16 6 35 42 26 19 33 18 14 28 7 8 41 43 15 36 1 3 20 30
9 42 6 11 35 26 37 12 27 36 33 41 45 38 30 19 3 31 40 18 15 46 1 2 28 48 39 47 14 22 29 7 21 10 34 16 24 17 13 20 23 25 32 4 43 44 5 8
35 11 19 6 27 47 22 8 15 29 45 2 37 12 21 1 41 30 39 44 43 3 5 10 16 4 13 46 24 40 9 17 32 34 25 20 18 14 38 42 31 7 33 28 48 26 23 36
38 23 34 4 2 24 13 21 5 44 6 18 25 39 32 30 36 33 8 40 26 16 28 45 19 3 1 22 47 14 20 35 41 12 37 43 9 42 48 10 29 46 11 17 7 15 31 27
19 16 39 13 24 36 6 18 2 37 10 48 22 30 34 33 28 40 17 4 23 12 38 42 8 31 20 5 7 3 11 15 29 41 47 44 43 25 46 32 9 45 1 14 21 27 26 35
44 25 5 22 43 35 27 29 3 41 36 39 11 2 47 45 32 48 9 26 1 15 33 8 31 13 30 14 37 23 46 19 40 38 7 24 21 4 16 28 6 20 10 12 42 18 17 34
16 47 15 45 12 38 36 44 14 24 4 20 42 7 11 22 48 8 32 6 13 18 35 17 21 27 10 34 29 30 5 1 23 28 40 46 41 26 37 43 3 9 31 33 39 25 2 19
18 39 3 20 1 29 11 35 25 19 17 32 14 37 31 4 12 13 46 16 7 30 36 28 38 43 9 8 42 24 26 6 47 48 45 15 40 27 44 2 10 33 5 41 23 22 34 21
14 18 17 10 22 40 25 4 44 21 35 42 38 23 36 2 19 29 6 1 31 8 3 33 26 47 43 9 48 27 34 41 15 45 5 13 16 39 20 24 30 32 46 7 11 37 28 12
15 10 47 5 32 23 40 28 20 3 37 14 44 34 48 38 17 19 21 39 29 42 13 9 36 8 46 2 12 11 25 24 27 22 6 26 1 43 4 30 45 41 35 16 33 31 18 7
41 30 11 48 37 5 1 45 40 6 22 35 9 47 18 25 33 39 4 42 32 34 31 21 7 2 19 36 20 26 10 8 16 3 38 12 44 23 17 13 43 24 28 15 27 46 29 14
4 15 36 18 30 2 32 7 41 46 38 37 1 31 40 17 29 9 23 43 19 22 34 35 25 21 27 28 45 10 14 12 8 13 42 6 39 3 47 44 16 5 48 11 20 24 33 26
11 35 14 34 17 18 38 30 7 40 3 44 21 16 46 10 23 37 36 8 25 6 41 27 13 29 26 42 32 39 33 4 20 2 15 48 31 45 24 9 5 22 19 1 28 12 47 43
30 43 7 31 40 44 3 41 12 10 34 1 13 45 2 39 15 32 27 14 48 21 18 46 17 33 37 20 8 42 35 11 22 25 19 4 26 36 23 5 28 29 47 6 38 16 9 24
46 5 48 24 23 45 34 14 43 17 12 9 10 20 8 42 7 26 2 22 47 29 19 13 18 38 25 16 44 36 37 31 33 27 1 40 35 41 28 4 39 21 6 32 30 11 15 3
40 7 35 12 48 30 44 27 39 33 1 16 23 32 13 46 45 41 28 17 5 14 2 47 3 11 34 21 26 29 18 37 19 43 10 22 15 9 31 6 20 36 42 8 24 38 4 25
21 34 37 41 13 11 15 47 42 2 14 5 39 44 19 29 4 38 30 36 20 25 26 3 6 46 22 1 10 33 16 43 9 17 12 28 32 18 27 23 48 40 24 45 35 7 8 31
37 21 26 27 18 34 45 39 19 7 11 30 15 22 33 12 31 10 47 20 28 43 44 24 23 5 16 13 1 25 29 9 3 40 46 41 42 8 2 17 36 4 38 48 14 35 32 6
36 19 33 30 8 28 7 9 21 1 16 38 26 11 14 20 39 44 37 32 41 24 43 15 5 17 3 31 23 35 22 2 25 18 13 10 46 6 12 27 4 34 40 42 45 47 48 29
42 17 24 25 47 37 21 5 32 39 27 28 33 46 1 43 9 34 20 15 45 41 16 36 40 12 7 26 3 19 6 48 44 8 29 35 30 31 10 14 22 11 4 13 18 2 38 23
25 14 32 2 15 33 5 46 36 28 24 17 30 40 43 44 18 35 11 23 9 47 7 22 4 20 41 12 27 48 21 13 10 1 39 3 6 34 29 31 38 16 26 37 19 8 42 45
13 36 4 16 6 12 26 43 1 15 21 31 27 8 10 48 37 17 3 11 14 20 32 25 47 9 40 24 38 28 42 33 46 23 35 39 19 29 30 34 2 44 7 18 41 45 22 5
45 28 22 32 11 41 8 42 4 27 47 36 40 19 16 37 43 2 33 9 24 48 46 44 14 35 31 29 21 5 7 3 38 26 18 25 23 13 6 15 17 30 20 34 12 10 1 39
29 27 10 33 39 1 42 38 26 11 15 47 46 6 17 36 21 28 7 19 3 37 40 23 20 41 24 18 25 2 4 16 43 31 30 9 45 12 32 48 34 8 22 35 44 5 14 13
28 45 27 38 10 21 33 26 30 5 40 25 7 9 23 14 34 16 1 31 8 35 42 19 44 24 15 41 18 46 47 29 2 20 17 37 4 22 3 36 11 13 39 43 6 32 12 48
20 8 25 26 28 6 4 19 31 47 2 23 17 24 22 9 10 5 13 30 34 39 14 29 12 32 45 7 15 43 36 38 1 44 16 33 21 35 18 37 42 27 41 46 48 40 3 11
8 26 12 35 14 42 47 37 16 38 29 34 24 36 6 41 25 43 22 5 40 4 10 7 45 15 21 3 2 9 30 46 18 33 23 32 11 19 1 39 13 28 17 27 31 48 44 20
39 33 31 42 34 20 16 32 6 43 7 15 19 5 9 21 40 46 29 3 4 28 17 48 37 44 47 45 41 12 27 23 14 35 8 30 38 11 22 25 24 2 13 26 36 1 10 18
48 12 18 46 4 43 2 24 8 45 41 29 6 13 20 15 30 23 38 35 11 36 25 26 10 19 5 17 34 31 44 28 42 16 22 7 14 47 39 21 33 3 27 40 32 9 37 1
47 22 43 8 9 14 17 31 24 30 46 26 36 25 41 11 27 7 45 13 10 23 29 5 35 40 12 4 19 16 32 1 6 28 20 42 18 37 33 3 15 48 44 39 2 34 21 38
27 38 30 39 5 7 35 15 28 48 43 22 8 4 3 32 20 42 14 2 17 10 12 18 11 45 6 33 23 41 40 26 29 21 9 1 47 34 19 16 25 31 36 24 37 13 46 44
17 46 13 43 45 32 28 25 22 29 5 19 2 27 38 8 16 18 42 24 7 33 23 4 1 39 14 11 6 20 12 10 48 37 31 34 3 9 40 47 26 35 30 44 21 15 36 41
5 9 21 44 25 17 41 29 10 14 28 27 20 48 37 1 22 6 19 47 36 31 39 38 24 30 33 23 46 45 43 15 13 42 4 8 40 7 35 2 32 26 12 3 11 18 34 16
11 37 19 29 20 22 46 3 13 26 23 10 47 35 25 5 8 21 43 33 40 44 1 15 42 36 4 6 28 9 38 30 17 14 24 2 34 48 45 41 27 18 16 31 7 12 39 32
3 13 16 9 11 46 24 40 48 25 19 34 31 15 35 27 42 22 12 41 5 26 8 43 32 2 6 30 4 44 23 14 37 29 1 45 17 18 36 20 7 39 21 38 47 33 28 10
18 29 1 36 42 8 43 9 7 32 25 4 48 14 15 23 26 20 34 46 45 17 27 16 33 6 24 40 44 11 39 12 28 30 3 31 13 2 41 38 37 47 5 19 10 22 35 21
40 7 44 28 36 48 31 16 46 8 13 32 4 3 45 26 38 12 18 29 9 34 20 41 15 22 11 37 10 5 24 17 39 6 27 47 33 30 43 35 14 19 25 21 23 42 1 2
30 20 8 7 9 3 18 2 23 12 31 40 11 29 4 19 13 27 35 25 42 24 37 39 41 26 36 43 48 47 15 22 45 5 44 38 16 14 1 10 34 46 6 28 17 21 32 33
38 26 20 1 29 15 39 7 27 9 42 43 5 24 23 34 47 31 41 32 37 18 30 28 2 14 45 19 17 13 46 21 35 4 48 36 22 6 8 33 40 12 10 25 16 11 44 3
10 3 46 11 31 16 23 33 38 34 20 48 43 6 42 47 1 15 21 41 44 22 24 12 19 37 40 39 35 8 9 18 4 2 32 27 5 17 25 45 29 7 14 36 26 30 13 28
33 41 42 19 25 10 37 12 5 20 26 13 9 28 44 3 16 47 45 27 18 30 4 40 24 43 38 23 39 15 17 6 1 48 14 21 8 46 34 22 31 32 35 2 29 7 11 36
37 5 16 47 35 13 45 38 17 22 10 11 41 36 28 30 44 3 26 48 15 6 40 20 39 27 7 1 29 32 31 25 42 18 2 19 9 8 14 12 24 34 33 4 43 23 21 46
35 48 40 39 8 4 10 36 15 31 33 26 12 11 38 13 14 1 7 23 24 3 6 34 22 29 5 25 32 16 41 19 30 43 21 20 27 44 42 18 46 37 47 9 45 28 2 17
43 12 7 37 21 32 19 34 18 13 17 20 38 42 35 2 45 48 22 24 6 15 28 36 27 47 3 33 31 1 8 4 5 39 30 29 41 23 46 11 44 14 16 10 25 26 9 40
39 2 3 30 45 14 11 13 36 42 44 35 1 27 37 24 40 25 23 16 32 8 5 26 7 4 29 6 38 41 18 20 12 22 28 46 43 10 33 9 21 15 17 47 34 31 48 19
36 30 28 3 6 17 34 42 26 18 41 2 35 25 9 4 7 45 19 33 43 23 44 13 21 8 16 15 1 31 20 11 32 38 10 14 12 27 48 39 47 5 40 29 46 24 37 22
8 11 30 35 14 46 12 5 33 36 23 18 29 13 27 6 31 4 32 15 1 10 43 44 16 40 34 39 26 21 3 47 9 24 41 45 2 20 19 28 25 38 48 22 42 37 17 7
44 38 2 42 15 27 6 43 47 26 8 9 34 4 41 36 46 13 14 28 22 19 45 23 5 25 20 32 11 48 40 31 21 12 37 18 1 16 35 29 33 39 3 7 30 17 10 24
4 18 34 26 40 47 39 8 32 38 7 33 44 12 25 27 11 29 6 9 20 36 21 2 35 24 22 46 14 30 48 41 37 19 15 42 10 3 45 5 13 17 28 23 1 16 31 43
29 43 47 20 23 7 5 35 30 25 22 21 3 17 6 19 15 11 1 4 41 32 9 37 46 48 12 45 13 14 34 24 38 27 26 16 28 42 36 40 18 10 2 33 39 44 8 31
15 37 33 48 32 22 44 6 2 23 5 38 10 18 20 17 28 30 46 21 8 35 16 24 42 11 9 4 47 34 39 27 14 45 7 36 40 12 41 13 26 25 43 1 31 3 19 29
47 4 19 21 34 1 9 41 43 45 16 23 14 44 29 20 22 24 10 11 46 2 7 3 18 31 37 30 25 36 26 35 39 13 5 8 17 28 32 48 42 40 27 38 6 33 12 15
48 33 31 4 17 40 29 24 1 14 19 46 16 41 39 10 25 6 30 22 34 7 18 8 28 45 2 11 42 35 5 37 47 3 23 21 13 36 15 44 38 43 32 12 27 9 20 26
17 22 15 34 1 42 41 20 12 8 46 44 24 32 11 28 27 33 13 35 23 5 10 14 43 39 31 48 7 3 38 16 18 40 29 47 2 26 30 25 4 9 19 45 37 21 36 6
16 15 20 14 30 23 3 46 4 13 25 1 37 43 22 9 34 8 42 18 28 48 17 19 29 10 41 31 27 40 32 44 26 7 24 2 6 45 39 21 35 33 36 11 5 38 47 12
31 13 23 15 5 29 32 30 34 4 48 12 20 2 16 18 26 36 38 46 14 37 11 9 8 3 21 19 39 33 10 7 22 47 45 27 44 43 6 42 17 41 1 40 24 28 25 35
45 24 13 18 39 19 7 48 31 11 35 3 22 9 2 29 42 44 4 10 21 1 14 16 38 17 47 37 8 43 28 36 25 34 27 32 26 33 5 6 12 20 30 41 40 46 15 23
46 35 37 16 18 13 22 26 3 21 6 29 4 7 1 48 8 23 2 44 33 39 42 25 10 19 28 17 45 12 11 38 43 36 20 31 47 41 40 30 5 24 9 15 32 27 14 34
19 47 12 46 22 43 30 31 40 48 39 41 6 35 7 14 20 21 37 13 27 29 38 11 32 42 10 28 5 2 23 8 3 1 16 17 33 15 9 24 36 26 45 34 44 4 18 25
41 9 29 5 10 48 24 27 21 1 28 37 32 38 3 45 39 14 8 17 19 26 13 35 6 18 15 44 34 20 22 43 40 31 46 7 16 4 12 23 30 36 11 2 33 25 42 47
20 10 39 6 4 8 40 25 41 43 15 7 36 1 21 47 3 22 48 31 26 12 34 46 45 16 30 2 18 24 37 33 35 17 9 19 14 5 29 32 11 23 44 42 28 13 38 27
12 45 18 17 2 26 1 28 35 20 4 5 23 14 32 46 24 9 11 7 3 41 39 27 33 21 19 40 37 10 44 34 6 25 48 13 8 29 22 36 47 31 15 30 38 43 16 42
34 1 6 31 16 11 15 21 42 10 37 17 28 40 5 26 36 20 33 19 4 43 35 7 44 13 14 3 12 46 30 2 24 41 25 9 32 38 8 27 22 48 23 47 18 29 39 45
21 19 5 8 42 9 20 45 11 32 36 22 48 28 17 40 18 47 43 25 10 14 26 31 4 30 33 34 3 27 12 39 44 23 2 15 41 24 7 16 1 29 38 6 13 35 46 37
7 44 11 32 36 5 46 14 19 12 18 45 8 21 28 35 30 27 24 43 48 31 3 38 37 33 1 47 41 23 6 9 4 15 13 10 22 39 2 34 20 42 26 17 25 40 29 16
25 17 21 24 20 45 42 22 10 16 11 6 18 5 33 44 38 32 12 36 29 40 28 39 9 47 48 35 15 26 7 23 2 37 8 34 1 13 43 46 41 4 31 19 3 30 27 14
22 27 24 36 48 2 16 19 14 31 3 39 30 45 47 12 29 34 41 40 37 11 8 18 20 28 43 26 21 17 13 42 33 44 6 1 23 25 38 15 32 35 46 5 10 7 4 9
42 46 25 27 21 35 37 23 6 40 20 15 31 47 12 43 41 7 9 1 39 16 2 17 11 34 26 13 30 45 14 10 48 33 19 44 5 28 18 4 24 22 29 8 36 32 3 38
27 2 45 9 37 34 47 17 24 5 29 25 13 39 14 22 32 40 44 12 11 20 19 10 23 36 4 38 6 18 43 46 28 35 31 33 48 3 26 1 15 30 8 21 16 42 7 41
26 16 9 2 35 44 18 39 25 30 40 36 15 19 4 38 5 42 47 3 13 45 37 21 12 14 46 27 43 22 24 6 7 10 17 29 28 48 23 41 31 1 34 32 20 11 33 8
6 20 42 38 43 15 27 18 16 33 2 14 40 8 45 39 21 10 28 30 36 4 46 41 3 44 25 5 9 37 35 29 34 26 12 11 31 32 47 17 48 19 13 24 23 1 22 7
9 39 17 33 1 18 43 4 44 19 42 13 35 26 34 37 12 48 36 20 16 46 41 5 40 2 24 10 11 38 3 47 15 8 14 30 25 45 27 28 21 6 7 31 29 22 23 32
23 11 43 45 25 3 17 32 1 15 24 8 7 48 30 5 9 18 40 29 31 42 47 33 39 41 36 16 20 19 27 21 13 6 4 38 12 2 10 37 28 46 22 14 26 34 35 44
24 32 27 10 13 6 19 37 22 7 1 30 42 3 43 23 48 38 15 47 18 25 33 4 41 9 17 12 46 29 36 35 45 21 40 20 34 31 16 11 44 8 39 28 14 26 2 5
28 34 4 12 31 38 36 44 47 9 43 16 2 46 42 32 23 37 29 45 1 33 27 48 13 5 6 7 35 25 15 26 11 30 22 40 24 20 14 8 10 3 41 39 17 18 19 21
13 31 8 47 27 33 21 10 30 18 32 28 19 23 40 2 17 26 5 34 6 44 25 22 1 15 38 9 24 42 29 48 41 39 36 45 46 37 3 43 14 16 4 7 35 12 11 20
14 8 32 40 33 10 38 11 39 25 13 42 41 22 44 7 19 43 18 6 30 21 29 28 36 46 27 20 2 15 4 3 17 48 34 5 9 12 31 35 23 47 24 16 1 37 26 45
45 40 10 23 29 4 26 9 33 42 34 21 25 30 13 31 47 12 27 8 41 17 32 2 7 6 44 22 48 39 1 11 16 19 38 36 18 14 24 3 46 37 20 35 43 15 5 28
46 23 26 22 12 20 33 15 8 45 31 4 5 34 35 41 13 3 25 32 9 30 36 29 2 1 21 43 19 44 40 14 37 16 28 18 27 6 17 38 7 11 42 48 47 24 39 10
33 36 22 28 15 30 31 47 2 34 9 20 43 16 48 42 6 25 35 5 40 13 23 1 17 38 8 24 7 4 41 32 10 11 44 14 39 26 37 19 27 12 21 29 46 45 18 3
32 37 46 19 40 28 13 12 21 36 45 27 17 29 15 16 10 6 39 48 47 22 30 43 26 35 2 41 4 9 5 20 1 14 3 24 38 18 34 31 8 44 11 25 42 23 7 33
15 48 16 37 6 24 11 35 5 22 26 31 10 20 8 3 4 34 17 40 42 18 12 47 25 43 1 23 28 21 33 30 29 41 39 46 7 36 44 14 38 32 9 27 45 19 13 2
5 18 44 41 46 21 35 6 38 47 27 43 39 31 19 11 33 16 30 24 32 7 48 10 29 22 37 14 17 13 8 4 20 12 42 9 45 23 1 15 25 40 2 26 34 3 28 36
34 1 36 43 32 11 14 21 13 3 12 48 46 6 5 33 9 45 20 2 17 15 4 22 24 26 7 18 23 35 31 41 39 10 47 42 30 16 28 40 37 27 25 44 19 8 38 29
41 30 2 48 14 16 8 22 36 27 7 46 9 37 39 40 1 11 5 26 24 6 20 3 45 32 15 42 31 28 17 13 23 38 35 21 10 4 25 33 29 34 47 18 12 44 43 19
22 15 28 13 17 9 4 29 20 1 38 2 26 40 41 25 7 46 10 14 12 32 44 11 19 23 31 8 39 47 16 37 42 24 33 43 21 5 48 18 3 45 6 36 30 34 27 35
44 33 14 29 23 7 1 40 46 41 13 35 3 15 24 16 47 31 34 37 25 10 36 5 28 20 45 9 38 17 48 19 30 26 43 32 11 42 6 8 2 18 12 4 39 22 21 27
47 12 39 18 28 41 40 45 48 44 11 1 34 24 25 21 13 4 46 35 38 19 32 33 5 29 3 36 42 30 20 22 31 2 7 15 43 17 8 27 16 14 23 10 6 9 37 26
48 4 7 31 3 34 28 5 32 2 6 11 33 16 18 8 23 20 36 21 46 43 24 37 35 27 12 29 40 10 39 25 14 44 47 19 15 38 30 22 26 13 45 1 41 17 42 9
23 41 16 3 34 20 13 2 26 14 36 38 47 33 17 22 37 19 27 28 15 30 12 24 6 4 9 11 29 8 46 7 21 43 18 10 40 44 35 5 42 25 32 45 31 39 48 1
29 43 8 1 47 33 15 4 41 26 10 37 24 22 27 13 44 9 25 20 45 28 31 32 18 11 14 16 12 6 34 17 5 23 21 30 42 46 19 48 39 7 38 3 2 35 36 40
2 28 1 5 8 30 23 16 42 29 35 19 38 41 20 39 17 15 3 27 34 47 25 7 40 37 48 33 14 26 11 18 46 45 32 22 36 9 12 13 43 21 44 31 10 24 4 6
35 21 15 7 26 32 20 19 40 23 31 17 12 30 6 45 43 24 39 2 44 11 27 42 14 25 33 10 1 48 9 38 8 29 22 37 3 47 41 34 13 36 28 5 18 4 16 46
30 38 19 4 11 15 29 41 12 6 32 39 44 5 37 2 36 22 42 8 28 26 23 35 21 45 10 20 47 1 25 24 9 27 14 34 17 7 13 43 18 48 3 16 40 46 33 31
13 26 32 21 18 40 27 17 43 11 29 23 14 25 33 6 28 30 1 36 47 5 48 4 42 9 19 24 10 22 38 8 34 3 37 12 46 41 39 16 45 2 35 44 7 31 20 15
38 7 18 36 10 42 33 13 35 28 40 47 1 45 21 12 39 29 41 19 22 3 20 44 46 48 43 25 32 14 26 27 16 6 11 8 9 30 4 2 34 15 31 23 37 5 17 24
19 42 31 30 39 6 24 44 15 3 45 32 16 23 10 1 29 14 33 11 20 35 47 17 27 5 26 43 25 34 18 36 13 4 41 7 2 22 9 12 40 28 8 38 48 21 46 37
4 14 37 15 19 1 16 24 34 10 28 18 29 8 9 31 12 21 11 46 25 39 6 13 44 43 41 30 26 38 47 2 32 40 3 17 7 33 36 20 35 23 22 48 5 27 45 42
37 31 48 25 45 4 6 1 18 17 24 9 11 46 40 34 14 47 35 12 19 36 7 41 23 39 28 5 22 3 8 42 20 33 30 27 13 10 15 32 2 43 29 26 21 38 44 16
9 29 6 34 3 28 41 32 17 4 5 33 21 37 11 26 25 13 44 30 23 40 35 39 43 18 16 48 24 46 2 31 45 42 12 20 27 15 38 36 8 10 1 7 47 19 22 14
31 10 9 44 36 38 2 7 3 47 46 22 26 1 29 32 5 40 48 34 8 13 33 14 30 12 4 37 21 41 20 43 27 17 42 6 39 35 45 23 11 24 16 19 28 25 15 18
39 22 5 8 28 48 42 3 11 21 37 2 27 20 38 23 10 26 9 41 33 14 30 18 47 46 36 35 34 16 25 13 44 7 4 29 45 43 32 1 31 17 15 6 24 40 12 19
17 9 26 11 30 44 43 10 4 2 42 41 37 35 36 3 16 28 47 22 12 24 8 38 20 6 23 21 45 5 33 15 19 18 1 25 31 27 40 46 14 39 7 32 13 48 29 34
20 45 10 33 4 17 8 46 27 48 43 12 19 18 1 25 35 41 40 24 42 44 26 9 31 21 11 3 5 37 29 34 15 22 39 13 38 16 7 6 32 30 36 14 2 28 23 47
21 34 27 6 8 14 32 26 9 38 2 15 48 11 12 5 45 3 37 17 43 41 19 31 33 13 47 7 18 20 36 28 40 35 44 1 30 24 42 39 22 16 46 25 23 29 10 4
8 35 44 32 6 47 12 37 30 31 39 5 4 3 23 42 19 33 43 15 21 2 41 27 10 26 34 13 20 18 46 25 38 36 40 45 24 29 16 9 1 22 48 28 11 7 14 17
3 37 21 47 42 46 17 18 13 39 15 7 28 38 48 10 6 43 14 23 30 1 29 36 11 40 25 26 44 24 27 16 35 5 31 2 34 8 22 4 33 41 19 12 20 45 9 32
26 36 30 35 27 18 25 39 23 43 3 10 22 21 28 11 32 1 6 47 14 33 46 48 16 44 20 17 13 42 31 19 7 8 38 40 4 15 5 29 37 9 34 24 45 12 41 2
16 8 11 17 9 3 22 47 24 5 44 36 10 19 30 7 48 39 12 1 46 37 45 15 38 35 32 14 2 40 42 20 41 34 28 33 43 13 29 25 6 26 4 21 27 18 31 23
36 44 45 40 11 2 35 28 14 8 12 13 32 26 34 37 41 5 21 29 24 4 39 6 48 20 46 22 15 23 17 9 10 1 19 31 18 7 33 42 25 38 47 27 16 43 3 30
42 20 43 9 16 5 3 48 19 40 18 26 1 7 13 41 46 45 2 10 6 12 34 21 32 31 22 23 28 27 11 44 33 39 35 38 15 30 47 14 4 29 24 17 36 37 25 8
12 23 34 28 22 10 11 8 35 45 19 16 7 9 47 38 21 27 32 5 26 31 18 46 3 36 29 1 25 2 40 37 48 30 17 14 6 42 24 41 15 4 20 39 44 33 13 43
2 3 42 14 21 22 44 38 16 11 20 6 17 39 25 33 18 10 29 4 27 19 5 28 15 34 30 40 9 13 1 23 12 31 36 47 48 46 26 24 41 45 43 37 35 32 8 7
24 27 40 22 5 26 7 30 31 9 17 8 3 32 4 19 38 36 28 18 16 25 2 23 12 1 45 34 35 29 48 33 11 15 6 44 14 41 46 37 21 42 13 47 43 10 39 20
27 7 47 24 34 8 36 43 26 20 41 28 21 42 32 44 40 23 18 31 17 46 22 19 2 16 39 6 4 45 5 48 37 13 29 11 25 35 3 1 10 33 14 9 12 30 15 38
43 24 4 45 48 29 47 33 25 7 21 14 6 28 8 35 37 44 38 9 36 34 40 2 13 22 3 18 30 12 16 39 42 20 15 46 5 10 27 17 23 31 1 11 19 26 32 41
14 40 46 19 47 16 31 20 15 36 48 1 34 6 7 17 11 32 8 25 10 23 43 3 9 37 24 44 41 33 4 18 39 2 26 5 21 22 28 30 29 35 27 42 38 13 45 12
18 6 17 46 12 1 5 23 8 42 9 11 2 47 14 28 4 15 19 44 38 20 35 30 22 41 43 39 27 36 34 7 21 16 33 24 32 37 31 45 48 25 26 13 40 3 29 10
6 13 2 37 41 45 14 27 32 33 26 35 36 4 44 24 3 17 20 7 34 38 28 8 19 15 40 42 21 43 10 47 29 48 5 16 11 9 23 31 46 18 39 22 30 1 12 25
10 19 22 20 31 39 26 2 18 29 14 30 9 34 35 16 45 7 15 6 4 48 11 47 41 24 37 27 46 25 13 12 23 40 43 1 8 38 17 21 44 5 33 36 32 42 28 3
29 32 24 27 14 35 38 34 40 6 47 20 46 36 45 48 7 16 13 26 15 17 10 37 8 42 12 4 19 39 22 41 28 1 2 31 23 25 43 44 3 21 30 18 33 11 9 5
25 17 29 26 46 7 21 31 47 30 34 48 24 27 15 36 1 38 16 43 9 45 13 33 39 2 6 8 40 19 32 22 14 37 11 18 12 4 10 3 5 20 42 35 41 23 44 28
28 30 3 16 13 5 40 36 12 22 23 25 33 48 24 43 15 37 4 39 31 7 21 18 35 11 38 45 1 32 26 9 17 34 8 42 10 20 14 6 27 19 41 29 46 2 47 44
44 21 12 34 17 19 9 25 10 14 27 29 23 13 3 8 36 11 7 32 5 42 6 20 45 38 2 41 31 4 35 30 24 18 46 43 40 33 37 28 26 47 15 1 39 16 22 48
30 48 33 43 32 11 1 42 22 12 5 46 44 17 39 14 13 20 45 3 41 21 8 7 26 47 34 38 23 35 28 24 31 6 9 36 16 27 25 19 18 15 2 4 37 40 10 29
45 29 36 38 23 10 4 35 20 25 40 3 5 26 43 18 6 12 21 48 22 11 30 24 1 14 9 28 37 47 39 46 8 32 13 19 41 34 44 2 7 17 27 33 31 15 42 16
8 4 23 13 20 26 18 1 39 27 35 45 47 2 42 9 5 19 17 14 32 16 25 41 21 28 48 12 3 44 38 29 34 30 10 46 22 36 40 24 43 6 11 31 7 33 37 15
9 39 7 23 45 40 19 15 5 18 1 42 38 20 11 47 33 46 24 16 3 35 4 43 28 32 44 27 48 8 41 14 30 22 25 29 36 17 34 12 13 10 21 2 6 26 31 37
48 41 25 8 2 3 15 23 42 32 37 4 12 14 19 1 10 18 31 26 44 47 20 11 30 29 7 6 34 28 24 38 36 13 45 21 27 39 46 33 40 22 16 9 5 43 17 35
27 33 46 2 29 22 28 14 36 19 7 44 16 24 37 31 8 48 38 35 11 30 42 25 40 4 5 47 17 23 15 45 18 20 12 9 1 6 32 41 34 39 13 3 21 10 43 26
37 12 28 42 15 13 39 9 48 21 45 43 20 11 2 34 44 25 36 40 30 4 5 35 47 10 41 38 22 17 3 27 26 14 23 6 33 32 19 29 16 7 31 8 18 24 46 1
38 15 11 9 24 6 5 12 17 26 39 31 43 48 22 29 30 35 40 37 13 41 7 44 46 3 10 25 32 16 23 36 1 8 21 20 19 47 18 4 28 2 34 27 42 14 33 45
39 22 3 30 10 24 46 6 2 1 36 27 25 29 38 40 42 31 11 48 21 23 47 16 18 19 15 28 8 12 43 4 9 5 41 32 7 44 45 13 17 14 35 34 26 37 20 33
47 1 14 15 18 16 36 33 41 28 4 19 11 9 21 26 35 5 8 45 48 29 37 39 25 17 20 2 38 13 12 34 46 31 7 27 3 43 24 32 42 30 22 6 10 44 23 40
17 14 6 11 25 8 38 41 46 16 33 48 39 37 18 21 47 4 28 2 12 1 44 29 24 23 19 34 42 30 9 13 10 15 26 7 45 5 22 36 20 43 3 40 27 32 35 31
7 31 5 46 19 20 47 10 4 44 48 32 30 43 41 2 12 21 9 28 40 22 33 17 27 25 14 8 29 1 18 15 16 35 6 38 13 23 26 37 39 34 24 45 11 3 36 42
19 42 21 25 40 18 31 44 11 41 43 37 29 32 1 12 16 30 20 9 6 15 24 14 36 28 33 46 45 5 2 10 35 7 34 22 48 26 27 38 23 3 4 47 17 8 13 39
21 45 27 35 33 30 7 19 43 10 11 5 14 1 40 4 48 23 6 36 20 46 31 38 44 12 26 42 47 22 28 17 2 39 32 34 9 8 29 15 24 41 25 37 3 13 16 18
33 2 4 36 46 15 26 27 34 9 29 8 40 18 30 22 14 10 25 13 45 37 38 6 48 43 11 41 7 19 47 23 32 17 1 39 42 44 5 16 35 28 12 21 20 31 3 24
15 10 30 6 25 47 14 39 3 34 2 41 27 12 23 20 17 8 32 11 26 40 29 9 4 38 16 19 18 33 48 31 45 42 37 5 44 46 35 43 28 1 7 13 24 22 21 36
36 28 8 41 32 17 10 25 44 39 31 38 13 15 12 16 20 29 37 6 24 33 22 23 11 27 46 35 14 21 5 48 43 26 4 47 2 7 3 42 45 9 40 30 1 18 19 34
24 34 47 12 26 23 44 28 27 2 32 13 8 35 3 48 39 22 1 19 25 5 14 31 43 45 30 21 10 20 38 33 40 36 18 37 17 41 15 9 7 46 29 11 16 42 4 6
22 18 42 24 44 46 35 16 38 15 20 2 41 31 29 6 32 14 19 3 1 28 11 36 17 5 23 9 26 37 13 43 27 25 30 40 34 47 33 39 12 8 45 10 7 21 48 4
4 35 40 19 2 43 30 18 9 8 13 22 42 25 46 37 26 1 7 5 33 14 28 10 16 21 17 44 48 27 39 47 3 45 31 11 6 38 23 20 41 24 36 15 34 29 32 12
35 38 37 10 20 34 28 11 33 4 7 18 25 41 9 19 22 32 46 21 43 31 36 27 42 14 47 45 5 29 16 8 15 12 40 17 39 48 30 23 6 26 44 24 13 2 1 3
16 9 31 17 23 42 11 21 6 25 12 20 37 40 4 7 29 24 30 44 27 34 46 32 3 18 28 39 19 36 10 2 48 33 15 8 5 43 38 35 1 13 26 22 47 45 41 14
34 16 2 1 17 44 13 37 20 23 15 10 32 21 47 46 43 27 3 29 39 24 25 5 31 40 36 11 6 14 7 12 41 4 22 33 26 45 9 18 38 19 8 42 35 30 28 48
26 11 39 22 9 21 37 38 30 31 41 25 15 45 10 5 24 40 29 32 46 3 2 13 23 20 4 18 12 6 8 16 33 48 36 19 1 35 47 34 27 44 43 17 42 7 14 28
23 19 24 28 39 48 21 35 2 17 42 11 43 6 20 13 38 47 34 4 29 10 45 44 32 25 31 22 46 9 15 37 30 3 33 14 16 18 1 40 26 36 5 7 12 27 8 41
13 37 10 21 45 33 1 30 34 11 17 39 3 46 6 18 28 19 41 43 16 44 26 7 9 15 32 29 24 40 31 42 4 35 48 2 47 14 8 22 36 23 20 12 25 5 38 27
12 27 20 14 15 2 8 22 11 5 6 26 40 33 13 43 9 38 18 31 23 19 34 25 37 39 45 4 44 41 24 3 1 28 47 42 46 10 36 21 48 16 17 32 29 35 7 30
42 26 18 40 5 41 29 20 27 21 3 47 31 22 32 30 23 11 35 39 28 25 12 8 10 46 1 36 45 24 4 7 38 16 43 13 14 34 6 17 37 33 48 44 19 15 2 9
31 36 9 32 41 14 3 48 17 1 38 46 33 4 28 23 34 37 16 25 47 43 35 42 13 2 8 40 27 21 20 22 6 30 5 24 7 15 39 11 18 29 19 45 44 12 26 10
10 13 17 25 48 27 22 43 5 19 24 6 9 28 34 39 46 21 47 41 11 20 40 26 12 8 3 33 37 45 18 35 7 15 29 44 31 30 4 1 2 32 14 36 38 16 42 23
25 30 34 31 14 28 9 3 42 40 19 16 24 7 37 33 41 36 23 1 8 38 48 43 6 32 29 26 35 18 22 15 20 27 13 45 10 5 12 2 4 17 47 39 46 11 21 44
20 23 26 45 18 29 41 2 31 47 14 7 5 30 24 11 25 13 10 12 3 39 42 22 1 36 27 43 9 34 33 32 44 19 21 15 8 17 16 37 46 4 28 40 48 6 35 38
14 24 1 37 12 11 20 13 4 38 26 42 47 3 15 28 39 41 43 40 21 32 7 31 33 35 44 23 8 25 34 6 18 5 19 16 45 29 48 30 22 9 2 27 36 46 10 17
3 6 43 42 40 9 45 32 26 18 22 14 11 38 7 47 4 29 13 16 44 36 19 35 28 34 24 1 17 31 27 39 8 21 25 12 30 33 41 10 5 37 46 2 23 48 15 20
6 48 28 47 31 45 4 40 46 20 1 9 29 39 19 10 18 35 44 27 17 2 30 33 15 16 38 37 41 43 32 26 12 24 14 3 11 36 13 8 34 7 42 5 21 23 22 25
28 17 22 48 13 35 18 31 36 26 44 12 27 16 8 1 19 43 15 23 9 6 39 11 29 24 7 47 4 37 41 30 34 2 3 40 32 20 25 46 10 42 45 21 14 38 33 5
41 43 7 2 29 4 19 26 10 45 25 17 23 8 14 44 22 46 37 20 42 18 27 24 38 9 33 30 34 1 35 28 11 47 39 36 40 13 31 48 3 5 6 16 32 21 12 15
44 7 45 26 30 19 2 34 39 32 9 15 38 27 48 36 23 6 12 10 22 13 4 47 11 33 25 20 5 42 3 41 24 14 17 21 43 16 18 28 31 8 29 35 37 40 46 1
21 18 44 38 8 10 12 17 22 30 28 36 46 1 33 24 11 16 5 7 27 42 32 4 14 47 48 15 39 26 40 20 23 29 35 9 2 6 37 3 45 13 41 34 31 19 25 43
11 37 33 7 24 36 15 47 13 43 40 30 16 42 2 14 29 26 17 35 32 48 41 34 25 4 22 5 21 38 12 31 45 20 28 1 18 27 10 39 44 46 23 3 6 9 19 8
30 8 29 44 47 38 26 42 48 28 45 33 10 31 11 35 24 12 4 37 13 16 3 23 20 6 14 21 15 27 9 19 17 32 7 43 36 22 2 25 39 34 40 41 5 18 1 46
36 45 25 16 34 32 35 24 1 22 31 28 6 47 17 41 20 9 23 30 4 40 13 46 19 3 2 12 29 10 43 14 5 8 37 7 33 39 44 15 42 48 21 26 18 27 38 11
45 44 16 20 6 37 22 4 12 48 23 29 39 36 35 21 42 7 24 18 38 1 33 3 13 17 19 25 11 46 5 34 27 31 10 30 41 9 14 47 40 2 15 8 43 28 26 32
15 1 22 24 11 25 40 36 8 14 46 3 35 44 42 38 41 39 30 45 5 26 43 48 4 29 9 23 20 33 2 18 31 7 12 37 21 32 16 19 17 10 34 28 27 6 13 47
24 4 46 41 10 21 13 8 47 27 36 44 20 34 25 31 14 48 29 9 18 12 17 37 6 22 15 35 42 2 23 45 28 39 1 16 19 26 32 40 11 38 3 33 30 5 43 7
46 31 26 13 33 39 23 12 16 36 35 4 30 15 43 9 17 20 21 34 40 11 18 19 27 10 5 6 3 28 44 22 14 37 8 25 24 2 7 42 32 47 38 1 41 29 48 45
13 33 34 15 29 26 17 1 43 2 47 31 4 19 21 45 12 8 48 14 24 7 10 9 37 41 6 27 32 5 28 36 25 22 46 18 3 42 40 44 23 20 35 30 11 16 39 38
33 12 36 23 32 7 20 15 41 3 21 35 13 18 40 8 44 17 26 22 14 4 6 28 47 42 46 38 30 29 1 48 2 10 11 24 34 25 19 9 27 43 5 37 39 45 31 16
20 2 11 3 37 18 30 21 38 15 39 27 12 40 36 32 35 25 46 6 41 5 48 16 24 19 10 28 7 44 17 8 13 42 26 29 4 23 34 22 43 45 47 9 1 31 14 33
7 32 23 38 5 40 37 46 35 34 33 43 44 21 39 10 3 24 16 28 45 30 8 29 18 11 48 4 22 47 14 27 36 26 9 13 42 6 41 31 15 1 20 25 2 12 17 19
32 23 19 47 46 6 42 7 9 8 22 45 28 35 5 34 38 33 10 2 31 15 41 30 48 37 11 40 1 12 25 13 43 44 16 3 27 20 17 18 21 14 24 29 26 39 36 4
43 20 28 8 12 15 10 13 32 7 37 9 19 2 44 29 33 14 38 26 36 41 24 6 21 48 39 22 18 40 11 25 42 47 34 46 5 16 45 23 35 31 27 4 17 1 3 30
12 27 8 9 19 46 7 3 6 39 38 16 17 5 1 11 10 31 18 21 15 29 30 20 40 32 34 42 14 43 36 44 35 41 2 47 25 4 13 45 24 28 33 22 48 26 23 37
2 3 5 17 31 14 39 26 7 44 28 37 22 38 16 13 9 18 19 11 1 35 23 27 12 42 30 41 43 25 47 24 21 33 40 45 10 29 48 36 20 15 32 6 46 8 4 34
19 28 21 33 22 17 3 45 44 5 24 1 14 43 18 47 6 34 9 15 10 2 29 39 46 23 41 31 7 36 48 42 40 32 4 8 13 37 30 35 25 26 12 16 38 11 20 27
35 15 20 21 27 8 6 22 33 9 25 44 41 4 29 17 32 40 11 19 26 38 47 18 30 16 37 2 23 1 42 46 48 36 45 5 31 24 28 34 12 39 43 14 13 3 7 10
29 39 7 22 4 42 47 6 24 11 21 28 8 45 48 33 34 15 36 3 12 23 37 17 10 31 38 46 26 35 32 43 19 27 18 2 9 25 5 20 16 41 1 13 40 30 44 14
25 42 10 35 14 48 31 32 15 38 18 7 44 37 45 5 28 1 47 13 39 22 21 41 43 26 4 8 40 19 29 2 20 17 6 34 12 36 3 16 9 24 30 11 33 46 27 23
6 30 32 43 48 7 4 40 3 20 29 46 37 17 19 18 15 25 35 36 16 45 44 2 42 10 23 26 1 34 22 41 9 24 27 33 8 12 39 14 13 11 31 5 21 38 47 28
10 29 43 18 45 20 16 2 23 41 1 6 38 44 25 3 46 5 40 48 17 24 11 36 9 28 26 34 47 22 31 37 4 7 30 27 15 13 33 12 8 19 14 39 32 35 21 42
41 36 1 11 15 34 9 29 46 31 6 20 42 21 24 23 47 30 14 16 48 37 22 28 35 19 32 39 3 8 13 4 26 18 44 12 38 5 27 33 7 43 25 10 45 17 2 40
14 10 9 46 40 28 29 17 44 13 19 30 24 22 21 26 25 27 33 20 6 42 5 3 36 2 12 18 11 48 35 32 37 45 31 39 47 8 38 43 34 7 4 1 23 15 16 41
22 48 12 36 23 27 33 14 43 40 17 19 20 18 30 41 16 15 1 7 8 21 32 39 45 3 31 9 10 42 25 34 24 13 5 11 44 28 29 2 46 6 26 38 47 4 37 35
3 21 15 31 6 25 41 20 35 4 14 17 10 11 2 39 5 13 7 12 32 47 40 19 38 18 8 45 24 23 33 28 16 34 22 42 30 46 26 27 1 36 44 37 43 48 29 9
39 24 48 6 8 13 25 9 38 17 11 5 26 16 4 35 43 10 44 27 47 34 14 22 2 37 33 1 30 18 20 7 12 31 36 19 28 32 15 21 3 45 46 40 42 23 41 29
16 41 31 2 18 23 14 34 9 45 5 15 29 3 35 40 48 4 24 47 22 26 7 10 1 13 19 43 20 30 27 11 6 25 21 44 46 33 12 17 37 38 36 28 39 42 8 32
18 9 3 14 20 24 44 23 4 32 26 2 39 7 22 16 13 36 12 35 30 31 6 5 15 11 47 33 42 28 1 37 8 43 19 10 45 34 46 48 38 21 17 41 29 40 27 25
37 26 18 10 47 5 11 31 30 25 4 39 35 40 43 24 34 22 8 1 21 20 42 13 3 9 27 16 12 45 46 19 15 14 41 38 17 7 6 29 33 23 2 32 36 28 44 48
9 13 17 12 24 45 5 27 31 19 39 29 40 8 33 38 26 44 34 10 43 1 46 16 7 22 36 25 18 20 4 3 28 21 23 15 11 30 47 41 2 32 48 35 14 37 42 6
31 40 4 27 9 1 19 48 47 23 37 3 12 39 42 21 30 45 13 5 46 32 20 14 33 43 24 29 41 44 15 17 11 2 38 25 16 18 36 8 6 35 22 34 7 10 28 26
45 39 27 26 35 9 46 47 42 1 12 14 34 30 40 37 15 3 41 23 33 48 43 24 8 17 25 19 13 31 44 38 32 29 18 20 7 10 4 11 36 16 28 2 6 21 5 22
26 19 45 40 11 22 32 30 41 47 34 43 13 9 39 1 8 5 25 15 23 33 27 48 44 24 29 36 38 21 3 16 46 20 10 14 6 17 35 4 18 12 42 31 28 7 37 2
47 38 44 19 30 29 28 37 34 39 20 12 46 1 41 2 21 40 43 31 42 15 35 33 32 36 16 7 9 24 26 23 45 6 13 17 48 14 8 10 4 3 11 27 25 22 5 18
23 11 30 7 34 43 21 39 27 42 9 18 47 29 36 44 37 16 28 46 38 17 3 32 31 33 20 15 35 40 10 26 5 8 45 6 14 4 22 13 48 1 19 25 12 2 41 24
48 34 7 32 37 2 36 40 22 30 13 8 1 6 15 45 44 17 33 9 3 46 31 21 23 35 28 39 27 16 41 10 11 4 14 43 26 5 42 38 29 12 25 18 24 19 47 20
27 6 37 3 44 11 8 42 5 15 18 38 25 46 45 28 10 23 36 30 16 4 19 32 17 21 22 20 48 33 24 9 43 40 2 34 7 41 39 31 26 29 13 12 1 14 35 47
42 36 11 48 41 10 1 2 20 26 12 35 9 15 16 23 21 30 5 8 38 17 37 14 33 29 4 18 40 34 43 6 31 19 25 39 22 27 24 32 28 46 47 3 44 13 7 45
20 16 23 34 26 3 29 46 18 12 7 47 37 13 41 9 33 39 30 21 25 32 5 6 10 27 15 36 19 14 38 35 40 44 28 31 2 8 4 11 22 17 42 24 45 48 43 1
44 20 40 30 10 16 36 11 2 4 13 27 15 5 7 26 6 31 17 3 18 12 39 37 28 21 38 8 22 35 32 41 9 29 34 24 42 43 45 47 14 48 1 19 33 25 23 46
26 27 24 40 30 18 22 32 39 7 41 42 8 33 28 2 43 21 13 25 15 11 17 29 36 5 23 3 9 12 31 4 35 20 38 6 16 10 1 19 48 14 34 47 37 46 45 44
24 17 10 18 5 9 2 35 42 28 33 13 4 30 8 7 32 26 21 22 14 19 12 20 11 6 39 34 31 23 36 29 27 45 47 37 40 48 38 44 16 3 41 15 25 1 46 43
17 32 37 25 15 11 19 8 26 18 10 31 23 12 27 14 28 7 6 13 5 22 3 2 21 40 44 29 4 46 16 20 34 24 48 33 9 47 35 1 43 42 38 30 41 45 36 39
10 19 14 11 23 32 30 4 24 3 8 35 2 25 13 12 22 20 15 6 9 16 37 34 18 36 40 28 29 48 5 33 38 7 42 27 1 17 43 46 41 47 39 45 21 44 31 26
11 15 27 32 13 38 37 21 10 16 34 4 7 6 14 3 5 1 40 36 41 33 18 25 35 12 2 48 19 47 8 17 46 22 29 30 43 44 23 42 45 9 31 24 28 39 26 20
23 29 15 28 37 19 9 47 12 41 44 22 33 2 34 21 30 46 25 11 48 3 35 8 31 24 43 26 6 5 10 45 7 27 17 1 39 14 42 40 18 4 20 13 16 38 32 36
7 38 5 36 4 22 10 6 16 23 29 25 21 9 11 18 13 34 37 41 3 14 26 24 17 45 20 46 43 31 2 47 32 1 30 12 48 42 19 8 44 39 33 27 40 35 28 15
34 22 42 27 2 15 16 24 11 33 46 14 12 37 9 10 8 18 3 4 31 48 43 17 45 29 7 47 5 6 40 44 23 39 1 20 32 38 36 13 21 41 28 26 35 30 25 19
15 7 9 19 17 2 28 18 23 11 3 13 5 32 20 8 16 6 10 31 42 39 33 48 43 47 1 14 26 29 41 38 44 4 40 46 12 36 24 45 27 35 30 25 34 21 22 37
33 6 39 7 40 3 21 30 8 22 20 12 16 35 17 43 15 14 1 2 44 46 10 9 47 26 45 24 48 41 11 27 42 19 18 29 38 13 34 25 5 28 4 36 32 23 37 31
25 14 24 26 9 35 20 12 17 21 23 8 1 13 18 22 7 48 16 32 11 5 4 47 42 46 3 19 38 10 44 43 36 2 39 45 41 37 15 28 40 30 27 34 31 6 29 33
29 11 30 23 14 21 4 37 3 38 2 27 13 1 10 32 9 35 47 48 46 28 40 7 16 43 17 45 41 44 39 18 19 42 15 25 5 6 8 22 36 34 26 33 12 31 20 24
28 2 4 20 34 42 8 36 15 13 35 11 6 47 40 41 48 3 43 23 1 37 45 46 39 38 10 44 32 17 14 9 18 5 27 7 25 26 33 12 29 16 24 31 30 19 21 22
31 30 19 22 41 37 32 15 40 43 48 3 38 45 6 1 42 47 14 18 20 7 36 26 44 33 46 5 27 2 29 39 10 13 11 16 34 35 9 4 28 25 8 21 24 17 12 23
21 43 32 44 35 30 7 16 6 48 27 42 46 36 1 5 47 24 28 45 33 10 20 38 40 41 9 13 39 8 34 25 37 17 14 11 4 15 29 23 26 31 22 12 3 2 19 18
6 42 1 24 11 40 41 48 7 20 43 18 47 29 12 37 44 33 32 46 23 45 34 36 8 39 5 4 35 38 28 2 26 10 13 21 14 25 3 30 31 22 19 9 27 15 17 16
4 12 33 43 39 41 47 7 48 1 36 38 34 23 42 30 25 19 46 37 45 40 44 21 24 35 29 9 28 32 22 26 20 6 3 13 27 2 31 18 10 8 15 11 5 14 16 17
27 39 47 41 33 46 31 38 34 29 1 26 28 42 48 44 45 25 35 5 12 36 11 43 32 17 37 40 8 21 3 15 30 18 9 2 24 16 7 20 6 10 13 19 23 22 4 14
38 40 43 35 45 48 42 1 33 31 21 47 37 46 44 36 41 29 18 39 19 6 32 30 25 15 28 7 34 9 26 12 2 8 4 22 10 23 27 5 14 24 16 17 20 13 3 11
41 35 44 48 25 1 46 42 32 34 47 45 36 39 5 28 3 38 31 17 40 43 22 33 29 27 11 30 14 13 23 6 4 37 16 24 21 9 26 10 15 20 7 18 19 12 2 8
43 23 12 42 48 33 39 29 1 47 45 37 44 27 32 34 46 28 41 40 36 30 31 18 9 20 24 38 17 26 15 16 21 35 6 14 19 22 25 3 13 5 11 4 2 10 8 7
48 1 28 46 44 29 45 43 47 42 40 36 31 19 38 33 35 32 20 34 39 25 27 41 23 8 26 37 21 22 24 10 13 30 7 17 15 18 12 16 9 2 6 3 11 5 14 4
47 48 36 1 32 43 40 45 46 44 42 33 30 34 39 20 37 41 26 28 29 18 19 27 38 31 25 21 15 24 13 23 17 16 35 3 6 12 5 9 22 11 14 8 7 4 10 2
42 44 48 45 46 47 1 33 41 40 37 43 32 28 36 31 38 27 39 29 24 23 21 35 26 34 16 11 13 19 17 30 25 12 10 18 8 20 22 14 4 15 5 2 6 7 9 3
