18872 13312 13312 13301 5741 6043 5741 4477 4175 2905 2386 1703 1528 1083 858 740 620 507 483 389 274 302 245 188 115 130 86 80 72 52 49 42 35 29 23 21 15 13 8 8 8 6 6 3 3 2 2 1 1 1 1 1 1 1
3 9 10 2 1 8 13 14 12 5 7 4 11 6
2 1 13 12 5 4 6 14 11 7 9 8 3 10
12 5 4 8 13 14 10 2 3 7 9 6 1 11
3 13 8 5 10 14 6 12 11 1 4 2 7 9
10 11 14 6 12 4 13 7 2 8 1 9 5 3
14 10 13 2 12 8 11 6 9 7 3 5 4 1
4 9 2 6 10 13 3 8 7 5 1 11 12 14
12 2 4 6 14 10 13 7 1 8 9 5 3 11
2 1 13 12 5 4 10 14 3 7 11 8 9 6
4 11 10 6 1 2 13 3 7 12 14 9 5 8
7 10 14 6 12 8 11 2 13 5 3 4 9 1
3 8 14 5 13 2 10 6 7 4 11 1 12 9
3 2 9 8 12 10 11 7 1 13 14 5 4 6
13 9 4 12 14 6 10 1 5 8 7 3 2 11
1 6 9 2 7 3 8 5 11 13 4 10 12 14
2 13 10 5 9 6 12 11 7 8 14 1 4 3
14 8 4 12 7 2 11 6 5 10 1 9 3 13
2 6 14 5 9 10 8 7 1 12 11 3 4 13
13 10 9 2 14 6 11 1 4 12 7 5 8 3
7 2 4 12 5 3 6 9 13 8 1 10 11 14
1 6 14 12 7 8 10 5 11 2 13 4 3 9
11 2 10 6 13 7 3 8 14 5 4 1 12 9
10 1 2 5 9 13 12 6 3 7 11 4 8 14
1 11 6 12 7 10 8 14 4 5 3 9 2 13
3 9 6 2 5 4 10 7 1 12 13 8 11 14
7 10 14 6 9 2 13 5 11 12 4 8 3 1
2 11 6 8 7 4 12 1 13 10 14 5 9 3
13 9 10 12 5 6 8 14 4 2 7 3 11 1
11 13 4 2 7 3 12 6 14 10 1 5 8 9
2 8 14 12 13 4 6 7 1 5 11 10 9 3
13 1 10 6 9 7 8 11 4 12 3 5 2 14
14 10 4 8 5 2 13 1 3 7 11 9 12 6
10 9 14 6 13 4 12 5 11 2 7 8 3 1
4 6 2 8 5 13 11 7 1 10 14 3 12 9
3 6 4 2 9 7 10 11 13 8 1 5 12 14
4 2 9 12 7 10 6 14 13 5 3 8 11 1
10 11 4 2 5 13 8 6 3 12 7 1 9 14
14 11 9 8 13 2 12 5 1 7 4 10 3 6
11 10 2 8 5 4 13 7 14 12 3 1 9 6
3 6 2 12 7 13 10 14 11 5 4 9 8 1
13 8 10 2 5 7 6 1 11 12 4 9 3 14
14 9 2 6 13 7 12 5 4 8 1 10 11 3
10 1 14 12 9 2 13 7 4 8 3 5 11 6
4 2 10 6 5 13 8 14 11 12 7 1 3 9
11 6 2 8 7 4 13 5 14 10 1 9 12 3
11 1 4 2 9 10 12 6 14 5 7 3 8 13
3 2 10 5 13 4 8 6 11 7 14 1 12 9
4 8 2 12 9 13 6 14 1 5 7 10 11 3
4 8 9 6 5 2 12 7 14 10 3 1 11 13
4 8 2 12 7 10 6 1 11 5 14 3 9 13
11 2 9 5 13 4 6 14 1 12 7 10 8 3
4 9 2 6 5 13 10 7 11 12 1 3 8 14
11 6 14 2 7 3 12 5 1 10 4 8 9 13
10 2 4 12 13 7 8 6 14 5 3 1 11 9
