5014 5072 4629 4434 4539 4496 4384 4177 3887 3762 3781 3777 3412 3380 3379 3353 2982 2973 2581 2228 2249 1996 1787 1250 1072 932 974 901 765 689 714 686 642 591 580 551 460 455 486 409 394 302 313 315 302 253 224 239 185 224 206 177 167 155 155 141 133 116 120 109 109 98 82 87 66 57 66 54 53 54 48 44 38 36 33 32 31 26 25 25 22 21 18 17 15 14 13 12 12 10 10 8 7 8 7 7 7 6 5 5 4 4 4 3 3 3 3 3 2 2 2 2 1 1 1 1 1 1 1 1 1 1 1 1 1 1 1 1 1 1
24 4 22 8 23 18 1 16 11 5 10 20 7 6 19 9 3 17 12 13 2 21 15 14
14 8 13 21 17 11 9 20 23 12 5 19 1 2 7 3 22 18 10 4 16 15 24 6
6 2 9 4 12 14 18 22 24 7 15 1 13 11 10 23 17 21 5 16 20 19 8 3
15 14 1 20 11 24 21 5 10 17 7 23 3 22 4 2 16 13 18 12 8 9 6 19
18 1 14 16 8 19 20 13 6 10 4 24 22 5 23 15 2 9 7 3 11 12 21 17
9 7 15 11 4 3 22 21 1 14 16 8 17 13 12 18 10 23 2 19 5 6 20 24
8 20 3 14 21 2 5 17 15 18 19 7 10 4 11 12 6 16 24 23 1 13 22 9
4 15 12 7 22 9 19 6 13 24 17 10 16 14 18 5 20 3 1 21 23 2 11 8
5 23 19 13 2 21 10 18 17 4 1 11 24 15 9 6 12 8 16 7 14 20 3 22
21 5 17 12 13 10 15 24 19 8 11 3 9 7 2 4 23 22 6 1 18 14 16 20
23 3 5 2 24 13 14 19 8 6 12 9 15 21 16 11 7 20 22 10 17 4 18 1
1 16 10 23 9 5 2 4 20 3 6 13 12 17 21 19 8 14 15 11 24 22 7 18
11 21 20 17 14 23 8 9 16 19 3 18 5 12 6 1 15 7 4 2 22 24 10 13
10 6 21 19 3 17 7 11 4 2 22 15 18 8 1 20 24 12 14 9 13 16 23 5
20 24 16 22 19 7 3 1 12 21 8 5 23 10 14 13 4 2 9 18 6 11 17 15
12 10 18 15 16 6 4 7 22 1 24 2 8 20 17 21 19 11 13 5 9 3 14 23
7 9 8 10 20 4 24 23 21 13 2 12 6 1 15 17 14 19 11 22 3 18 5 16
3 18 4 9 5 15 16 2 7 20 13 21 11 23 24 22 1 6 17 14 19 8 12 10
19 13 23 6 7 1 12 10 14 11 21 22 20 24 3 16 18 15 8 17 4 5 9 2
14 19 24 18 10 22 13 12 3 15 20 4 2 16 5 8 9 17 23 6 21 7 1 11
6 12 7 1 15 16 17 3 2 9 18 14 21 19 22 24 11 5 20 8 10 23 13 4
16 22 2 5 6 8 11 15 18 23 9 17 19 3 20 14 13 10 21 24 7 1 4 12
13 17 11 24 18 12 23 8 9 22 14 16 4 6 19 7 5 1 3 20 15 10 2 21
24 11 22 3 1 20 18 13 5 16 23 6 14 9 8 10 21 4 12 15 2 17 19 7
15 23 22 8 10 16 6 14 11 17 3 1 21 18 13 9 5 24 19 12 20 4 2 7
17 2 6 4 1 22 9 16 5 7 11 18 14 13 23 10 3 24 19 8 12 20 15 21
22 21 24 17 15 8 6 14 9 12 7 20 18 1 11 2 23 13 10 3 16 5 19 4
17 19 13 5 11 15 10 20 3 4 22 6 7 2 8 23 12 24 21 16 18 9 1 14
2 15 14 19 12 1 16 18 23 9 10 11 20 22 5 8 17 3 4 13 21 7 24 6
2 7 1 12 23 17 13 16 18 22 21 15 11 9 4 14 20 10 3 24 8 19 5 6
15 14 9 20 6 4 1 22 10 19 12 16 2 3 7 24 8 21 18 23 17 13 11 5
22 5 2 13 7 20 8 17 24 15 23 3 14 21 12 4 1 9 19 6 11 16 10 18
19 11 6 8 18 13 4 1 2 10 20 5 23 7 21 3 16 22 12 15 14 24 9 17
2 1 22 15 6 11 24 5 17 7 8 23 13 14 9 16 21 4 20 19 10 12 18 3
9 17 4 24 20 18 22 19 21 16 1 14 6 5 10 11 7 13 8 12 23 15 3 2
10 9 21 1 5 7 17 8 13 14 24 22 3 11 18 19 15 23 16 4 20 6 2 12
8 13 23 11 19 10 5 20 14 18 2 4 9 16 3 15 24 17 22 21 12 1 6 7
24 10 15 22 3 23 21 6 16 11 4 12 5 20 13 1 9 18 7 17 19 2 8 14
2 16 7 6 1 21 12 14 11 5 13 17 20 23 15 18 3 19 10 22 24 8 4 9
14 24 6 16 12 5 7 18 22 23 9 13 15 4 1 10 2 8 21 20 3 17 19 11
21 22 1 14 4 3 6 9 7 24 17 19 8 15 16 12 13 5 23 11 2 18 20 10
5 12 8 18 23 9 20 24 6 13 3 1 4 19 2 17 10 21 14 7 22 11 16 15
7 23 17 10 13 14 15 4 19 1 16 9 2 24 20 5 6 3 11 8 12 22 18 21
18 20 2 23 17 24 3 10 15 8 11 21 19 6 1 22 12 7 9 5 4 14 13 16
16 8 3 12 11 23 19 21 4 20 14 6 5 17 18 2 24 10 13 9 15 7 1 22
15 4 14 21 24 2 9 23 5 12 7 10 22 8 16 6 20 11 3 18 19 1 17 13
4 18 11 9 16 6 14 24 3 17 21 5 12 2 15 8 7 13 19 1 23 10 22 20
22 7 20 10 8 9 2 13 18 21 6 12 16 1 11 14 15 4 17 3 5 19 23 24
17 3 24 7 2 18 5 16 15 8 19 11 4 10 13 20 1 22 12 14 21 9 6 23
19 14 8 4 7 24 15 22 2 23 12 20 9 18 6 21 17 16 5 10 11 13 3 1
6 24 9 2 10 22 11 5 4 1 16 3 8 14 21 23 19 20 18 13 17 15 12 7
1 10 16 5 22 12 23 19 8 20 7 18 11 24 3 6 21 15 4 9 13 17 14 2
8 2 1 16 4 10 13 20 19 21 23 15 24 12 5 17 11 6 9 14 18 22 7 3
13 19 18 22 21 5 20 15 3 24 4 1 23 7 9 10 16 17 11 8 14 12 2 6
16 11 13 17 18 7 1 3 6 19 20 2 14 8 4 5 23 9 15 10 22 24 21 12
7 17 5 3 13 11 10 8 12 22 21 4 18 19 24 1 9 23 14 2 20 6 16 15
24 1 10 19 8 6 17 9 16 3 5 23 13 4 7 15 22 12 20 18 21 2 11 14
15 5 23 18 17 20 7 21 14 13 2 9 19 10 12 11 4 8 22 1 3 16 24 6
20 13 12 15 2 21 6 4 9 17 1 19 7 16 14 22 5 18 24 3 10 23 8 11
22 4 3 20 16 14 9 2 23 7 11 17 15 13 10 19 21 24 12 6 1 8 5 18
5 15 6 14 19 1 24 13 20 18 3 16 22 21 12 9 10 2 23 7 8 11 4 17
17 9 14 11 23 12 3 18 22 15 10 21 4 2 19 8 1 13 7 16 24 20 6 5
18 22 11 21 5 16 19 1 17 9 8 14 6 3 13 24 7 15 10 12 23 4 20 2
11 16 24 8 1 3 21 23 13 12 9 22 5 20 17 18 15 6 19 2 14 7 10 4
4 20 21 9 24 17 13 10 5 11 14 2 16 15 6 3 19 7 8 1 18 12 22 23
9 8 15 13 12 10 14 17 11 4 6 18 20 23 7 1 24 21 3 5 22 2 19 16
14 12 7 23 10 18 1 16 2 8 24 6 3 11 4 21 20 19 17 13 15 5 9 22
6 22 16 24 15 13 23 14 7 5 17 11 19 1 9 2 8 3 21 20 4 10 18 12
19 2 23 1 24 7 22 17 21 11 18 4 12 5 14 16 6 10 13 8 3 9 15 20
21 5 8 15 20 17 10 24 18 9 19 1 2 4 3 6 11 22 16 7 12 14 23 13
9 16 4 2 8 22 20 6 10 19 14 23 7 17 21 24 3 12 13 11 1 18 5 15
18 20 1 21 17 9 5 4 14 24 12 10 8 6 11 15 13 23 3 16 19 22 2 7
5 6 20 18 12 23 4 19 24 7 2 8 15 3 10 13 16 11 1 14 9 17 22 21
17 4 13 6 22 2 14 24 12 21 1 15 23 11 5 20 7 9 18 19 10 16 8 3
1 10 21 11 23 13 17 8 15 6 7 9 14 18 20 19 4 16 2 24 5 3 12 22
10 15 11 24 21 14 2 1 6 22 9 7 13 12 16 4 19 17 5 18 8 23 3 20
4 8 17 9 13 10 12 21 19 1 18 5 11 7 15 22 2 20 23 3 16 6 14 24
7 1 15 19 2 5 9 14 11 3 4 18 20 10 24 23 12 8 21 6 13 22 17 16
15 9 12 20 16 11 7 10 21 8 5 14 18 22 19 3 24 4 1 17 23 13 6 2
11 1 5 13 6 18 3 2 9 15 8 19 16 23 7 14 17 21 22 10 20 24 4 12
16 8 18 5 4 2 15 22 17 12 6 10 24 14 13 11 9 1 7 20 21 3 19 23
22 4 16 17 19 15 24 9 12 13 10 3 6 21 5 18 2 7 8 14 11 23 20 1
6 19 7 14 10 3 13 5 1 20 23 21 9 16 17 12 22 8 2 4 24 11 18 15
21 15 24 12 6 16 22 7 10 18 3 4 8 5 1 17 20 19 11 23 14 2 9 13
13 11 3 16 2 22 17 15 7 10 24 8 23 19 20 5 1 18 4 6 9 14 12 21
20 9 14 23 1 12 13 16 24 5 11 2 3 6 21 10 8 17 15 22 19 18 7 4
7 20 9 8 12 5 2 6 4 17 13 11 19 15 24 23 21 22 14 1 3 16 10 18
13 12 10 1 16 20 19 11 23 4 21 7 22 8 14 9 6 15 3 5 18 17 24 2
8 6 2 7 18 23 14 4 20 13 19 24 15 1 10 21 3 16 17 9 22 12 11 5
19 22 8 21 5 15 6 18 13 20 1 23 14 3 12 11 24 4 16 17 10 9 2 7
15 13 21 16 4 1 7 6 22 19 17 18 20 12 11 2 23 14 9 24 5 10 8 3
14 17 1 24 19 22 15 16 9 23 2 5 11 21 4 20 7 3 12 18 13 8 6 10
16 24 23 11 21 9 12 2 3 15 20 1 22 6 18 8 13 5 10 19 4 7 17 14
11 10 20 3 24 7 5 22 23 18 14 6 12 17 19 15 4 9 13 8 1 2 21 16
1 16 4 2 20 18 11 5 14 12 6 15 9 7 13 19 17 10 23 3 21 8 22 24
17 24 23 12 13 3 9 8 2 21 7 20 6 5 1 4 10 18 11 22 16 19 14 15
18 19 10 6 8 14 4 17 21 1 5 22 2 23 3 12 11 7 15 16 24 20 9 13
22 2 9 19 10 21 24 14 15 5 11 23 13 4 7 3 6 20 16 12 8 17 18 1
20 17 7 24 22 16 15 13 18 10 21 8 4 14 9 5 1 19 2 6 23 11 3 12
4 14 17 5 23 8 12 18 1 3 10 9 7 15 6 16 19 24 21 2 11 13 20 22
6 9 18 23 21 13 20 11 4 7 19 2 24 22 8 14 16 1 3 5 17 12 15 10
19 10 8 18 2 12 3 1 6 23 17 16 22 13 15 24 20 21 4 11 9 7 5 14
21 22 16 7 15 2 1 23 11 17 12 24 14 8 18 6 5 4 9 13 20 10 19 3
14 12 21 13 5 11 2 7 24 8 3 1 18 20 16 23 22 6 19 4 10 9 17 15
16 20 11 8 13 22 6 9 10 19 1 7 3 2 5 17 23 18 12 24 21 15 14 4
5 11 3 21 10 1 7 19 12 6 13 9 15 16 20 8 2 23 14 17 4 24 22 18
7 6 24 1 18 13 9 15 19 8 2 14 12 21 4 20 3 5 17 10 22 16 11 23
6 9 1 4 20 18 14 10 8 23 24 11 2 3 12 16 15 22 7 19 13 5 17 21
15 13 14 11 8 5 19 4 7 22 1 2 16 20 21 3 12 10 23 18 9 6 24 17
8 15 20 2 7 16 5 14 1 4 13 19 23 10 11 6 24 3 22 9 17 18 21 12
13 7 11 18 24 15 4 2 17 6 23 12 8 16 9 19 21 1 20 22 3 14 5 10
1 12 9 3 19 2 13 11 22 18 6 5 7 4 24 14 17 21 20 8 10 23 15 16
14 15 18 17 11 8 22 1 6 7 3 21 9 2 19 4 13 5 23 16 20 12 10 24
15 16 5 13 4 17 10 9 18 21 12 20 11 19 1 24 8 22 2 6 23 7 3 14
20 5 4 23 6 21 2 18 24 17 14 15 19 7 16 22 9 1 10 3 8 11 12 13
18 11 24 14 21 23 20 7 4 15 9 1 22 6 10 17 16 19 13 2 12 3 8 5
21 4 17 8 11 14 1 13 6 10 5 3 18 19 7 15 22 20 23 24 16 9 12 2
21 5 7 17 2 8 12 15 19 4 20 10 3 14 13 18 6 16 9 22 11 24 23 1
9 6 8 7 12 11 5 4 10 17 14 2 19 15 20 18 13 3 21 23 1 16 22 24
15 11 14 13 8 9 12 5 7 3 10 6 16 2 21 4 1 17 22 18 20 19 24 23
17 9 3 15 19 10 20 2 8 7 4 21 13 22 16 5 24 6 1 12 23 14 11 18
4 13 16 2 6 5 11 14 20 22 7 3 8 1 10 23 12 24 19 9 18 15 21 17
24 2 18 9 4 23 3 13 11 15 19 8 6 5 1 21 10 7 14 16 17 12 20 22
8 15 5 4 16 17 22 9 2 21 3 1 18 7 6 24 20 23 10 11 12 13 19 14
5 17 13 20 2 7 19 23 21 1 24 10 9 6 8 22 16 14 12 4 3 11 18 15
20 7 15 19 21 22 6 1 12 10 9 16 24 14 13 2 23 18 3 17 11 5 8 4
18 16 21 14 1 6 2 22 24 19 12 20 23 8 5 11 4 15 17 7 9 3 10 13
16 20 24 23 22 12 1 19 14 5 21 15 4 11 18 17 7 10 13 6 8 9 3 2
22 1 20 24 23 14 21 18 13 12 11 19 15 17 3 10 8 9 4 2 16 6 7 5
14 22 23 1 24 21 10 16 18 20 17 4 11 13 19 15 9 8 2 3 5 7 6 12
