22076 18994 14493 7601 7487 7583 4246 3777 2742 2192 1603 1443 950 763 763 629 613 316 299 276 270 199 161 134 111 52 69 44 37 21 14 9 8 6 4 4 4 2 2 2 1
8 3 2 10 5 7 9 11 6 4 1
4 3 7 9 2 10 1 11 6 5 8
10 9 11 5 7 3 4 6 8 1 2
7 11 6 10 3 4 8 9 5 2 1
5 1 6 7 2 11 10 9 8 4 3
5 1 11 3 8 4 7 10 9 2 6
11 1 3 8 7 5 4 9 6 2 10
7 8 6 10 3 5 4 11 1 9 2
4 8 3 7 11 10 6 9 5 2 1
11 8 7 5 2 10 9 3 6 4 1
4 11 2 8 3 5 9 7 1 6 10
6 7 4 8 11 9 2 3 5 1 10
4 8 1 7 9 10 6 2 11 3 5
10 11 7 8 9 5 6 3 1 4 2
11 8 6 9 7 10 4 2 1 3 5
10 9 7 8 3 5 2 6 11 4 1
10 8 3 7 2 4 1 11 5 9 6
5 3 4 8 11 9 7 10 1 6 2
11 3 1 8 2 10 4 7 9 5 6
5 11 1 3 8 9 10 7 6 4 2
6 7 4 3 2 10 11 8 9 5 1
9 8 2 4 3 5 7 11 1 6 10
11 9 1 7 8 5 4 10 6 2 3
10 3 4 8 7 9 1 6 11 5 2
5 11 6 7 8 4 2 10 1 9 3
9 8 2 4 7 10 11 3 5 6 1
9 8 2 4 3 11 7 6 1 5 10
11 9 6 3 7 10 4 8 5 2 1
10 9 2 8 7 11 6 3 5 4 1
11 3 4 7 8 9 1 6 5 2 10
11 3 2 9 8 4 1 7 5 6 10
11 8 1 9 7 10 6 3 5 4 2
11 8 4 7 3 10 1 6 9 5 2
10 3 1 7 8 11 4 6 9 5 2
10 11 1 9 7 4 2 8 5 6 3
10 11 1 8 3 4 7 6 9 5 2
11 8 1 9 7 4 2 3 5 6 10
11 3 6 7 2 4 1 8 9 5 10
10 11 2 4 3 9 7 8 6 5 1
9 3 6 8 7 11 1 10 5 4 2
5 11 6 7 8 10 2 3 9 4 1
