56781 54548 48811 42077 39734 36784 36188 34286 36188 33087 31693 29223 27655 27141 21309 21692 20500 19231 18250 18348 17681 16637 14574 12977 14710 14245 13991 12616 12560 10170 9116 8282 7914 8415 7440 6996 6812 6184 5899 5854 5806 5639 5141 4904 5044 4784 4657 4206 3999 4031 3691 3188 3065 3168 3107 2994 3068 2743 2606 2443 2316 2364 2173 1908 1857 1798 1723 1659 1589 1484 1431 1340 1343 1213 1244 1184 1199 1215 1076 1056 1025 929 904 870 888 850 816 641 741 631 658 631 593 607 566 563 495 503 459 426 414 416 391 388 373 346 323 288 301 279 270 255 239 232 232 207 205 198 198 178 185 182 168 154 158 151 145 137 138 128 124 118 109 104 98 93 96 86 85 80 83 79 73 65 66 66 54 53 50 49 49 48 45 47 43 42 40 39 36 35 34 32 32 30 29 29 25 26 25 22 25 22 22 20 19 18 18 18 17 15 14 15 14 11 12 11 11 9 10 10 9 8 8 8 8 7 7 7 7 7 6 6 6 6 5 5 5 5 5 4 4 4 4 4 4 4 3 3 3 3 3 3 3 2 2 2 2 2 2 2 2 2 1 1 1 1 1 1 1 1 1 1 1 1 1 1 1 1 1 1 1 1 1 1 1 1 1 1 1 1
6 56 57 15 40 44 42 41 50 24 18 33 47 48 4 36 49 26 7 9 59 62 23 16 11 20 8 25 30 34 29 37 27 10 45 31 32 12 61 55 19 17 39 13 22 53 54 3 52 46 28 63 14 64 1 51 58 21 60 2 38 35 5 43
52 35 5 32 40 44 3 2 10 13 55 19 56 15 28 18 50 36 12 42 45 53 9 33 27 4 29 62 31 54 20 23 25 48 26 11 49 59 61 6 1 37 43 57 21 17 51 39 60 46 47 64 7 63 34 24 30 16 58 41 22 8 38 14
63 28 35 2 3 8 13 5 44 6 4 42 45 37 9 18 19 20 24 11 64 59 23 32 10 40 41 52 15 7 57 46 14 25 38 62 21 50 60 56 29 54 1 61 27 22 36 16 34 26 39 49 31 53 43 58 51 48 33 12 47 55 17 30
27 30 46 63 20 55 15 41 21 51 25 4 47 7 29 56 52 50 16 2 28 23 43 61 3 36 57 58 24 1 59 5 64 18 42 10 32 37 22 9 49 19 34 35 40 54 53 44 26 62 8 11 39 13 45 17 60 38 48 6 12 31 33 14
25 12 23 46 54 45 42 38 43 10 2 34 15 60 8 33 30 26 41 57 47 50 1 16 48 11 21 24 7 4 56 59 61 39 29 31 20 5 64 27 19 44 17 40 51 18 3 58 37 52 53 22 14 36 9 32 28 13 35 63 62 6 55 49
29 56 57 13 27 31 19 14 22 41 23 37 26 58 12 39 64 44 30 18 3 15 35 24 62 9 10 38 63 46 51 47 25 42 32 59 34 53 7 49 61 45 4 54 43 55 48 11 21 20 17 6 33 8 40 36 5 1 60 16 50 52 2 28
49 61 64 43 21 50 58 45 19 6 55 42 39 59 25 44 18 16 15 23 63 11 36 54 60 5 8 31 2 33 29 27 1 22 13 40 12 24 9 52 17 4 28 7 46 53 47 35 32 30 10 14 62 37 38 51 56 34 3 41 26 20 48 57
60 50 48 42 52 25 24 58 54 37 29 33 47 14 44 13 36 7 2 39 17 31 28 59 11 20 30 35 40 56 34 5 27 10 64 15 32 8 41 18 63 21 19 22 23 16 49 51 38 26 46 12 6 45 53 57 62 4 43 9 61 3 1 55
52 24 18 61 43 14 5 21 16 33 40 19 45 37 60 35 29 26 7 6 49 41 4 46 13 17 47 50 34 9 54 23 12 38 27 3 30 55 56 10 62 42 53 39 28 64 11 48 63 58 32 15 59 20 22 8 31 36 57 2 44 1 51 25
8 44 49 34 57 7 16 38 36 51 14 18 52 48 31 64 1 13 4 33 54 37 27 3 32 21 9 5 61 47 30 46 55 17 25 26 2 35 62 12 39 20 29 45 56 60 43 6 40 50 23 41 10 22 19 59 42 53 58 15 63 28 11 24
34 43 31 24 62 48 22 41 52 23 59 49 63 32 7 15 13 55 42 28 16 20 29 8 39 33 44 2 57 40 50 45 11 3 9 4 6 12 25 35 54 17 1 58 47 10 18 19 51 64 60 56 61 27 36 21 26 46 53 37 38 30 14 5
3 57 35 59 23 26 43 19 48 24 46 5 44 47 63 31 49 37 27 38 41 28 45 51 1 4 62 18 42 34 11 50 61 33 7 53 20 64 36 39 2 15 22 9 13 54 17 58 52 12 40 29 25 16 21 10 8 55 30 60 6 14 56 32
64 7 17 36 13 24 55 2 10 30 41 60 53 35 29 59 22 57 58 9 6 27 21 11 18 39 49 3 33 14 31 40 5 12 34 50 43 56 63 15 26 62 23 8 54 37 61 44 46 45 28 20 51 19 1 25 32 38 48 42 47 4 16 52
6 62 41 26 22 42 39 61 54 12 18 57 23 25 40 63 27 5 29 15 45 56 34 53 48 2 7 52 51 10 14 20 32 59 46 24 49 9 50 8 19 1 47 33 31 17 36 16 44 3 13 43 64 37 28 58 30 11 35 21 4 55 38 60
10 17 14 53 41 16 3 35 12 62 25 4 56 55 23 20 19 30 49 7 2 5 57 15 37 18 29 58 8 61 51 33 52 60 38 13 21 59 46 26 1 11 39 43 34 44 40 32 6 9 42 28 47 64 31 24 27 54 45 63 22 36 48 50
22 4 7 25 17 52 19 42 63 54 23 38 48 2 62 33 6 44 1 30 53 58 46 13 3 40 27 59 41 11 36 47 35 28 18 10 32 21 15 55 43 5 56 51 61 16 20 39 26 37 8 49 31 50 64 29 34 45 60 24 14 9 12 57
63 3 43 57 60 49 12 10 44 37 64 4 55 30 5 36 59 15 21 24 35 33 23 48 61 34 46 45 9 16 54 62 14 25 22 52 51 20 7 32 41 58 38 28 29 2 47 13 53 1 11 50 6 26 40 27 17 42 56 18 19 8 31 39
51 34 57 27 38 36 7 45 5 22 28 1 26 21 11 29 8 24 43 2 47 52 16 35 46 44 63 37 25 23 58 55 54 42 41 56 62 31 3 6 59 19 14 15 48 60 30 50 64 32 39 17 33 53 20 61 40 9 10 13 12 18 4 49
60 35 46 63 27 34 29 13 21 26 9 52 15 28 1 62 50 45 48 42 22 32 30 33 55 58 18 8 56 38 20 64 44 54 43 47 7 10 59 19 61 57 49 40 36 11 12 53 4 2 5 6 3 24 51 17 39 16 14 25 37 31 41 23
19 56 53 17 24 4 31 14 42 41 20 49 8 15 27 37 55 38 61 12 32 29 35 50 10 9 58 11 63 59 44 54 26 36 45 34 33 52 48 2 30 64 62 13 1 22 51 6 25 28 47 46 60 7 18 57 21 3 23 5 16 39 40 43
11 17 23 32 40 27 64 58 53 57 42 26 47 6 45 44 10 7 15 56 43 2 13 38 9 16 41 25 30 54 19 37 1 24 50 59 12 62 14 49 28 61 3 48 22 55 52 4 60 46 21 63 39 8 34 31 51 20 33 36 18 35 5 29
9 37 48 5 3 58 15 7 60 10 53 30 40 42 8 46 64 16 28 35 63 62 59 21 23 61 55 20 24 2 39 1 29 49 31 22 56 36 12 51 45 47 17 50 25 18 54 52 11 13 38 33 44 57 6 32 43 14 19 41 34 26 27 4
49 50 64 13 32 47 21 15 43 35 36 37 31 27 33 42 39 10 20 57 18 38 51 54 45 19 6 30 1 8 56 41 28 48 59 63 40 16 44 22 11 3 55 7 60 53 25 12 17 62 34 52 4 61 9 2 5 58 26 46 24 23 29 14
62 30 45 33 58 9 18 63 50 13 54 36 25 44 14 2 52 8 4 43 37 3 12 42 64 56 60 38 7 61 32 51 15 39 29 57 24 5 46 17 16 28 48 34 26 47 23 59 41 21 6 11 27 10 53 35 55 40 20 19 31 49 1 22
10 12 40 46 6 28 13 54 57 59 39 60 30 45 9 19 24 33 23 17 36 18 32 61 22 62 51 56 15 52 2 7 34 1 3 43 5 20 16 26 49 29 11 27 55 35 48 31 37 53 64 47 14 42 38 63 58 21 8 4 41 44 50 25
4 61 22 41 54 35 17 32 38 58 55 51 15 47 23 13 30 3 36 50 59 34 19 57 24 63 21 62 31 1 33 14 18 2 49 7 46 37 28 5 40 56 45 44 20 64 53 25 29 43 16 9 12 27 8 42 48 39 10 26 52 6 60 11
12 53 47 58 52 57 24 48 62 1 6 23 29 55 59 17 34 56 46 36 31 13 43 32 60 38 16 49 10 21 11 9 27 18 28 8 39 44 64 30 4 2 42 35 51 54 5 20 33 63 22 37 7 26 14 45 19 50 3 15 40 61 25 41
25 3 52 6 20 23 63 36 39 48 50 31 61 30 17 41 62 18 7 58 28 57 1 5 29 4 53 60 38 33 49 21 64 10 14 45 34 27 22 9 12 8 32 54 43 59 19 42 55 24 51 40 47 44 2 16 35 13 11 37 56 46 26 15
51 63 58 29 55 39 61 10 34 26 4 59 54 48 11 18 25 20 13 45 40 6 9 44 49 37 36 17 8 22 7 60 16 43 2 31 42 23 32 24 35 30 15 12 41 46 3 5 21 47 50 53 62 64 56 19 28 52 14 57 27 1 33 38
54 42 6 19 21 55 40 28 12 7 2 18 48 15 44 16 26 46 25 59 29 23 27 10 57 30 43 61 51 62 9 32 52 38 37 35 22 31 41 53 36 14 4 33 3 17 47 11 24 49 63 5 34 13 45 39 56 1 58 60 64 8 20 50
29 18 44 53 1 8 58 13 7 64 33 34 39 32 28 6 4 37 41 30 3 59 2 16 17 14 54 9 46 11 50 47 20 22 10 15 62 25 60 35 23 52 26 63 40 61 56 48 5 57 42 12 31 49 21 38 27 51 45 24 43 36 19 55
27 57 38 26 4 45 9 3 6 23 11 35 31 21 62 36 8 44 18 2 7 41 48 54 25 46 28 24 58 50 34 56 14 55 40 13 37 59 49 32 63 22 39 53 61 5 51 15 30 20 12 16 29 19 1 64 60 33 52 42 17 43 10 47
14 62 31 2 23 1 48 5 22 38 8 33 36 7 20 56 49 30 24 41 64 15 60 39 37 13 59 26 40 46 29 50 10 54 18 47 9 21 61 52 6 27 53 25 42 44 16 35 32 4 11 28 3 63 58 43 12 45 57 55 19 34 17 51
58 1 17 64 2 26 55 6 8 12 46 5 38 62 63 35 27 53 49 7 13 31 30 15 20 22 47 14 61 4 59 33 57 39 42 52 18 10 3 56 29 50 21 32 34 23 44 45 37 19 9 48 40 24 51 36 25 54 43 16 28 11 41 60
63 4 14 51 50 40 33 30 1 6 36 57 55 37 25 62 43 17 45 60 47 5 21 19 2 44 22 32 3 34 31 35 58 15 41 29 7 52 59 39 53 46 38 9 23 10 11 27 42 26 8 20 56 12 28 61 13 48 24 18 49 64 16 54
54 28 16 24 46 52 3 35 47 62 13 42 63 7 57 64 59 50 30 18 10 19 23 11 61 20 9 51 33 45 36 40 25 17 6 4 21 14 15 55 41 5 1 37 56 43 49 26 58 8 2 22 38 34 44 29 39 27 53 12 31 60 48 32
8 39 1 57 38 49 43 17 10 4 25 19 53 2 60 58 18 7 16 5 37 27 61 62 3 6 56 40 28 63 13 59 44 48 15 50 45 64 33 12 42 54 14 22 29 24 20 32 34 9 47 41 51 23 36 35 26 11 46 21 55 52 31 30
33 43 49 16 41 20 56 63 44 53 29 24 26 60 40 59 32 15 7 23 3 55 57 48 19 27 28 18 34 58 25 62 11 12 38 42 51 35 50 2 6 1 47 61 31 37 52 21 22 36 17 64 39 8 54 10 45 46 30 9 14 4 5 13
22 24 39 25 9 44 19 45 21 61 41 11 56 52 12 16 50 13 2 37 4 3 34 49 1 36 54 59 60 47 57 7 32 28 53 62 35 38 10 18 63 17 23 15 30 6 27 51 26 64 46 29 33 14 20 31 5 42 48 8 43 55 40 58
18 44 4 34 42 32 16 38 55 41 54 21 28 35 5 39 13 48 19 24 2 61 45 51 11 31 49 37 7 57 62 58 60 6 47 53 36 9 25 15 23 26 29 8 27 33 17 46 30 10 14 56 64 3 43 59 50 40 1 63 22 20 12 52
3 7 41 33 17 24 39 12 63 38 43 37 23 25 29 34 45 26 1 9 21 11 4 5 44 18 42 20 58 56 48 31 35 60 40 2 52 50 36 27 59 14 62 6 46 28 16 64 10 22 30 8 61 57 19 51 55 49 15 54 13 32 47 53
29 23 44 12 57 41 58 61 62 30 60 35 40 14 36 52 19 47 15 38 28 63 46 1 27 54 2 22 17 10 51 20 5 55 64 37 48 7 9 8 31 59 50 43 21 42 13 45 53 4 39 49 16 11 25 24 32 18 3 6 26 33 56 34
60 1 49 4 58 34 38 8 52 24 45 12 44 39 55 20 63 64 35 15 50 37 51 13 18 5 62 3 42 40 22 36 41 57 10 26 32 56 21 23 61 11 48 46 54 2 6 59 29 14 31 16 27 7 53 17 30 33 43 19 25 9 28 47
49 34 32 5 43 61 22 54 50 7 40 33 52 10 30 26 1 35 4 6 29 57 28 42 48 56 60 31 59 14 17 46 8 19 27 24 2 62 39 11 9 21 36 51 13 47 23 15 41 37 20 3 58 53 12 16 38 45 25 55 63 18 44 64
64 5 38 36 13 3 59 19 6 51 15 25 47 32 31 44 39 8 48 11 7 4 26 63 56 33 24 58 57 45 34 23 54 27 14 10 30 21 49 17 29 55 2 53 50 35 40 52 46 41 18 42 62 37 22 12 16 1 20 61 28 43 60 9
7 48 46 9 4 47 40 15 35 63 53 36 8 2 14 6 52 3 60 29 59 20 12 50 10 28 18 38 13 19 44 27 58 56 54 34 33 57 17 51 16 22 32 21 61 5 42 30 55 49 26 62 37 45 1 43 31 25 23 41 64 39 11 24
62 44 45 13 21 31 42 23 24 33 20 17 25 28 7 56 12 55 27 19 61 52 29 9 36 14 10 30 43 38 49 39 16 15 37 41 59 53 48 22 26 47 4 57 40 11 35 50 5 32 6 54 34 63 18 8 58 3 60 2 51 64 1 46
15 18 6 63 1 5 9 21 7 11 42 32 64 17 4 24 36 31 26 43 54 59 19 38 62 58 30 13 41 44 23 47 3 33 29 40 49 12 56 53 55 28 22 10 48 52 45 35 16 20 2 46 25 61 14 39 60 8 57 50 37 34 27 51
52 42 35 17 54 22 1 41 16 8 23 38 60 37 44 2 62 11 45 57 18 34 59 24 14 19 29 26 40 3 9 56 20 36 31 47 43 25 15 46 53 4 55 63 27 64 30 39 32 12 13 50 6 49 58 33 21 51 7 5 61 48 10 28
19 4 5 32 3 1 33 58 43 18 61 41 39 59 63 9 10 24 54 44 51 15 57 21 64 11 46 8 6 23 7 37 25 42 34 35 22 16 60 27 13 52 45 20 36 56 62 12 17 50 40 28 30 47 31 38 26 53 14 48 2 49 29 55
34 24 11 23 38 9 31 42 5 64 59 60 26 58 33 29 4 36 12 13 49 53 27 16 32 48 43 35 25 57 30 41 10 3 7 56 40 52 63 19 17 15 1 54 47 61 18 44 45 21 28 37 51 50 39 2 62 55 46 8 6 14 20 22
25 3 22 29 40 36 43 7 41 35 33 1 63 27 57 15 44 6 58 42 20 28 16 53 55 62 8 24 46 12 39 32 47 38 18 11 37 59 14 2 54 56 49 45 30 23 48 31 52 61 5 4 60 10 9 64 51 34 19 13 17 21 50 26
4 64 8 27 2 48 7 33 1 37 52 42 49 44 62 61 29 46 25 36 47 41 55 22 43 39 50 45 31 58 20 51 15 21 9 12 6 14 35 5 40 3 26 38 60 59 54 11 24 57 63 17 10 16 34 32 28 13 53 18 56 23 19 30
36 43 40 47 23 50 34 28 57 13 18 51 38 21 8 37 22 44 41 33 11 24 32 30 46 27 19 62 1 54 56 45 61 59 25 2 20 15 12 9 49 58 42 7 3 55 60 53 64 26 16 5 29 17 6 10 48 39 52 63 35 31 4 14
9 57 48 31 41 19 18 22 38 5 1 34 30 25 59 35 49 16 20 17 53 23 43 10 45 40 51 61 33 62 50 54 28 46 11 63 24 55 44 15 4 26 27 39 8 6 12 2 21 3 60 52 14 36 64 56 42 29 58 37 47 13 7 32
57 28 64 61 42 7 32 14 39 3 47 26 54 52 25 31 43 37 18 5 36 50 9 33 2 34 6 56 24 46 29 22 11 49 59 48 51 10 1 30 35 20 38 15 16 53 27 19 60 62 23 41 4 13 45 63 17 58 55 12 40 44 21 8
26 30 37 59 24 55 21 6 19 53 28 50 15 62 12 14 32 25 61 35 31 1 4 44 23 46 7 9 54 11 27 33 29 34 3 58 13 36 10 64 39 41 17 8 5 60 56 48 40 63 57 22 20 52 43 51 45 16 18 38 49 47 2 42
39 9 7 6 62 58 52 2 61 48 64 59 11 15 49 40 41 45 31 50 16 38 35 46 27 29 55 36 30 10 25 1 12 22 17 42 5 37 51 18 32 19 28 34 63 54 3 26 43 47 24 33 44 20 21 57 23 14 56 60 4 8 53 13
58 23 47 46 12 63 45 29 22 11 55 49 53 36 5 42 7 40 33 9 4 2 1 41 30 15 16 50 38 64 24 61 57 44 32 10 28 6 54 43 62 31 39 56 20 37 8 13 48 60 34 14 59 51 17 3 35 27 26 21 18 19 25 52
6 14 43 26 53 27 56 17 2 58 41 40 29 60 36 19 8 57 37 24 63 48 34 28 11 52 47 12 9 59 54 15 32 23 49 30 39 38 16 35 10 62 3 44 31 33 51 5 4 13 55 64 7 22 25 61 18 21 45 46 50 1 42 20
11 37 58 41 60 42 3 56 36 55 4 18 34 35 20 59 50 10 24 39 22 54 2 57 61 6 32 51 48 16 14 53 52 25 28 13 62 5 7 19 1 27 15 29 23 45 46 8 63 30 21 12 47 43 44 17 40 26 33 9 38 31 64 49
18 7 30 10 35 12 29 38 48 59 6 63 56 20 17 46 26 22 36 15 58 62 13 32 57 45 3 21 37 47 1 55 14 54 50 9 34 2 25 49 42 11 31 52 24 44 5 60 33 19 61 53 8 23 16 41 43 64 40 4 27 28 51 39
33 16 28 5 32 29 13 48 53 6 39 7 45 3 60 41 44 62 30 37 64 18 46 43 22 63 23 49 51 27 59 21 2 1 15 26 55 47 61 52 19 17 14 31 12 10 25 34 9 54 36 8 40 42 38 58 56 20 35 57 24 4 11 50
49 53 14 19 6 45 20 5 47 4 2 31 52 43 39 62 55 15 28 23 33 27 36 35 25 37 22 60 63 56 41 48 54 32 21 57 12 44 18 13 9 46 11 61 1 24 59 3 26 10 51 16 38 64 40 29 7 50 8 42 34 30 17 58
8 39 1 2 46 16 63 13 12 10 25 5 55 40 56 58 60 20 21 22 17 19 61 15 48 36 59 9 28 4 57 50 44 24 45 7 29 31 62 6 54 3 47 43 42 18 49 27 51 53 38 11 33 37 41 26 34 52 30 64 35 32 14 23
27 62 17 29 22 48 61 7 60 35 53 45 44 33 14 13 25 30 49 18 40 5 10 34 37 16 15 2 19 50 32 64 47 39 38 59 46 9 41 24 63 8 23 58 28 43 11 1 20 57 12 56 21 36 51 42 52 4 54 6 31 3 55 26
52 34 48 53 55 36 15 19 42 41 43 57 31 14 7 5 63 9 46 11 10 6 45 16 39 44 21 32 59 2 13 17 64 3 30 37 18 23 58 62 40 28 50 33 54 4 61 51 25 26 22 47 1 49 20 24 8 29 27 35 12 60 56 38
36 1 23 17 57 40 31 45 7 24 50 52 26 16 28 35 6 18 54 41 32 56 51 8 55 30 4 62 42 63 58 60 59 19 53 22 49 64 33 39 12 29 44 9 13 2 43 20 37 14 3 15 61 34 10 25 27 46 21 48 47 11 38 5
7 63 11 32 29 39 19 36 1 62 15 4 37 10 55 64 30 17 2 60 3 13 23 61 49 18 44 59 27 34 33 35 5 57 6 41 45 14 38 12 28 21 53 51 43 46 47 31 58 8 50 20 56 24 9 16 25 42 48 22 40 52 26 54
10 50 16 23 20 25 7 18 5 60 61 36 47 55 40 63 57 38 35 30 37 3 21 39 29 17 27 45 34 19 2 51 1 12 26 62 43 59 32 46 41 14 48 6 56 22 28 9 42 52 8 49 64 44 53 31 13 54 11 24 4 58 33 15
51 3 52 13 50 38 49 55 16 45 63 25 54 44 4 34 64 36 58 56 2 32 33 23 1 19 41 61 31 22 14 59 35 43 46 29 42 8 24 26 30 47 62 37 10 17 48 15 11 28 9 40 27 53 12 21 5 39 7 18 60 6 20 57
42 17 20 4 13 49 16 3 50 51 29 41 8 39 31 33 1 56 6 58 48 28 30 25 60 22 53 35 32 14 59 54 15 26 23 24 2 27 46 11 36 57 19 10 55 37 52 21 44 62 5 63 40 47 18 43 64 9 34 61 38 7 12 45
63 55 29 47 27 7 2 21 41 23 40 15 61 45 10 30 18 5 33 38 43 51 60 14 13 24 58 26 3 9 31 20 8 17 42 4 6 16 50 56 44 1 49 46 22 34 62 39 52 64 32 36 59 57 54 12 48 11 25 19 37 35 28 53
64 58 40 33 62 18 38 32 52 54 8 11 60 59 45 31 13 53 23 6 44 55 28 51 21 48 47 25 2 5 57 46 39 36 10 49 37 50 22 27 43 30 4 41 26 42 19 35 34 61 17 3 7 16 56 1 12 14 24 15 63 20 29 9
62 5 31 63 40 37 39 8 21 18 54 58 64 30 53 9 29 33 15 2 45 27 11 38 32 13 7 17 46 3 51 47 41 28 22 60 20 35 36 23 61 4 26 25 48 12 42 52 16 24 44 43 14 10 1 59 57 34 19 55 6 49 50 56
60 2 49 25 43 26 12 54 20 63 39 30 29 6 23 32 36 59 42 7 21 64 16 24 10 11 4 33 13 44 17 27 3 38 9 34 56 41 53 51 35 62 55 18 50 47 40 58 31 37 46 57 52 22 28 8 1 15 45 5 61 48 19 14
3 22 37 20 17 44 48 60 57 29 33 23 40 58 61 38 27 31 13 62 54 30 19 5 51 21 35 24 52 56 7 45 6 64 41 15 32 43 14 53 26 59 36 16 25 49 18 42 4 2 28 9 1 12 8 39 47 55 63 50 34 46 10 11
22 33 7 51 6 8 60 30 38 64 59 24 25 23 63 20 4 32 43 12 34 37 55 53 18 57 5 31 41 15 19 13 26 46 1 40 9 56 3 17 27 61 47 50 29 11 21 62 28 45 42 54 48 14 2 52 39 10 58 36 49 44 35 16
14 64 30 57 52 9 55 41 58 49 4 7 24 47 16 26 62 23 18 19 15 38 56 11 12 61 2 37 17 48 39 22 20 10 45 53 40 28 31 59 25 5 1 13 46 33 35 32 60 21 63 50 3 8 36 6 34 51 27 42 29 54 44 43
34 4 10 58 32 29 9 64 22 33 52 40 12 54 13 37 15 44 1 43 6 24 14 17 46 56 49 8 63 38 2 41 16 59 36 50 62 20 35 5 31 42 27 57 47 61 23 48 53 3 7 26 18 39 45 19 51 21 30 11 25 55 60 28
15 37 35 11 60 28 17 63 44 61 1 9 23 62 51 24 46 27 48 30 50 58 22 3 43 31 42 13 10 4 36 32 55 25 7 12 39 57 38 2 6 52 29 53 21 59 54 8 49 20 26 45 16 41 19 64 40 18 33 47 56 14 5 34
19 57 43 64 54 45 35 23 39 8 18 17 49 28 1 61 24 46 53 36 4 41 10 22 3 25 6 60 7 12 33 14 37 34 38 48 5 26 59 55 2 56 32 40 44 15 13 11 63 9 30 62 51 52 21 29 50 58 20 16 27 42 31 47
53 40 22 12 29 31 42 33 63 1 13 32 28 37 30 15 59 11 25 21 39 23 2 57 14 9 19 20 6 34 58 62 61 18 43 45 24 38 48 41 55 64 3 27 60 5 17 26 46 49 16 4 8 7 35 10 56 44 52 54 50 36 47 51
40 43 58 28 41 5 24 15 61 22 60 46 39 7 62 52 12 6 26 55 20 2 48 10 4 54 16 11 56 63 8 33 17 23 27 47 35 37 44 9 51 49 21 32 1 45 3 59 30 36 64 31 29 42 34 38 19 50 53 57 14 18 13 25
38 35 32 36 3 55 45 9 24 37 7 12 15 17 5 29 19 13 57 18 2 63 51 49 62 20 50 56 43 40 48 31 60 21 47 11 59 10 54 8 16 26 42 22 34 52 44 27 64 30 14 46 4 61 25 33 28 53 1 6 58 23 41 39
4 17 8 31 2 32 34 61 35 7 23 33 38 5 29 56 10 64 20 37 47 11 9 28 19 39 55 14 25 27 54 15 12 22 30 57 36 52 58 24 53 50 44 63 42 18 45 46 51 62 60 48 6 13 40 16 26 3 43 59 41 21 1 49
39 48 53 46 20 4 18 12 10 30 14 51 47 40 57 7 49 3 29 19 63 61 1 59 56 58 32 38 27 54 41 17 34 6 2 24 52 15 33 62 45 55 23 37 36 64 25 5 26 50 11 28 44 43 31 35 60 13 8 21 42 9 16 22
25 14 41 34 12 16 59 10 8 38 20 1 63 32 56 2 45 48 31 39 17 54 36 50 44 28 3 51 19 46 9 37 57 27 6 35 30 5 61 15 62 22 18 58 26 23 47 64 24 4 21 29 60 11 53 42 52 49 40 13 43 33 7 55
12 63 47 24 9 54 50 56 2 52 11 34 37 44 6 14 39 26 45 29 22 53 4 46 20 5 1 3 40 10 32 36 18 60 59 7 33 25 62 49 23 31 15 35 51 28 16 13 48 43 61 42 38 17 58 57 21 64 55 41 19 30 27 8
51 62 64 27 24 50 21 28 55 26 9 19 8 33 11 16 22 47 12 57 37 48 23 34 36 63 41 52 1 59 13 58 46 49 18 53 38 2 7 32 10 15 45 6 56 54 30 44 20 61 40 5 39 3 14 25 31 42 60 35 17 43 4 29
54 34 16 9 53 61 56 29 43 57 41 63 46 21 27 62 23 50 37 35 13 59 17 12 45 30 22 36 42 2 25 40 32 48 31 15 28 7 18 58 11 20 39 47 3 60 49 1 33 52 55 14 10 19 64 24 8 4 26 44 51 6 5 38
59 18 46 26 23 63 40 14 62 51 45 21 52 16 20 36 60 35 4 41 29 6 43 42 9 17 15 48 57 47 44 7 10 56 49 50 22 55 12 39 1 30 31 28 25 2 19 61 32 13 34 3 33 64 38 11 27 8 54 37 24 5 53 58
19 10 1 16 55 42 20 38 30 54 34 37 31 25 40 58 28 24 41 56 61 35 45 13 7 59 27 2 48 57 62 50 44 32 14 11 29 12 39 6 17 53 22 33 43 4 8 60 5 64 23 49 47 9 51 26 15 36 46 63 18 52 21 3
9 7 5 59 35 27 3 22 31 12 28 26 44 43 32 39 8 55 16 36 40 18 61 21 30 14 57 17 2 62 1 48 29 33 13 37 56 47 49 11 4 54 50 51 23 53 60 6 10 58 38 20 25 34 41 63 45 52 15 24 64 46 42 19
3 39 14 17 63 58 43 2 29 40 42 38 45 27 36 5 30 37 7 23 10 31 35 9 64 62 51 18 33 13 49 61 25 1 21 41 34 6 24 22 59 8 28 15 46 55 53 50 44 12 57 47 54 20 56 32 16 26 11 4 19 60 48 52
26 9 44 2 57 1 33 10 6 23 55 45 50 15 39 40 52 38 61 22 35 5 34 48 25 51 8 11 31 64 29 56 58 17 28 47 21 62 42 13 49 27 53 7 54 24 59 16 41 32 12 36 37 63 30 4 18 20 14 46 43 3 19 60
27 12 28 61 1 57 16 48 52 4 47 49 30 36 59 6 13 40 60 11 18 62 26 63 37 15 44 50 34 9 55 41 14 54 32 2 43 53 46 10 39 5 19 29 22 38 42 51 21 8 24 56 58 45 3 31 7 33 23 64 25 35 17 20
8 56 4 55 27 14 1 5 41 59 64 31 34 52 49 18 6 53 26 2 7 10 32 19 51 16 43 12 3 50 17 39 47 44 37 30 60 24 36 46 29 25 38 48 28 57 61 33 45 63 54 15 21 11 22 58 35 23 62 9 42 20 40 13
36 3 17 53 42 23 63 1 16 62 6 5 56 2 25 34 41 8 27 44 31 50 11 33 19 37 59 49 15 58 51 9 39 55 29 45 47 21 10 52 30 4 14 38 48 35 12 20 40 22 18 57 61 26 54 43 32 46 24 60 28 13 7 64
15 24 6 34 4 52 58 41 60 37 13 35 55 23 31 59 7 30 28 9 53 33 40 32 46 29 10 21 38 19 36 1 64 43 54 49 18 16 25 56 63 47 62 45 27 17 48 2 22 26 51 12 20 50 39 3 42 11 57 8 14 61 44 5
14 58 18 23 50 3 29 35 47 48 39 59 61 7 60 63 64 20 30 5 44 1 21 11 13 38 24 25 28 33 22 51 8 42 15 4 49 27 16 12 36 2 26 41 40 43 52 34 17 57 31 9 10 37 6 45 62 54 56 19 53 32 55 46
22 1 57 6 46 43 38 28 39 35 63 18 54 30 4 31 34 5 53 7 33 19 59 51 14 11 60 62 45 55 20 23 52 36 25 29 12 41 64 26 32 44 48 21 16 42 27 3 37 2 8 40 47 24 10 56 17 9 49 15 61 58 13 50
62 61 23 57 38 47 32 3 8 14 7 52 26 28 53 42 63 56 24 58 59 16 13 41 49 34 29 35 46 22 9 54 2 15 40 48 20 64 21 43 44 19 37 31 50 11 6 45 55 10 36 33 60 51 17 1 5 27 25 39 18 4 12 30
40 50 52 25 13 34 35 14 22 10 57 4 39 58 7 64 59 11 6 38 28 54 30 43 44 46 21 26 61 45 24 55 37 49 41 62 42 31 53 18 51 29 36 56 47 5 1 19 9 60 17 63 33 16 12 8 23 15 3 2 27 48 20 32
52 23 48 19 58 25 59 8 10 22 14 42 11 40 55 15 1 62 18 33 32 20 16 30 7 44 53 37 24 21 2 64 54 26 3 60 45 50 51 27 41 57 4 39 63 6 36 31 43 47 5 46 56 49 28 12 13 29 35 61 17 34 38 9
21 28 38 41 17 20 2 32 35 18 33 57 63 59 10 9 45 46 34 62 3 56 29 25 60 36 23 31 58 14 54 37 26 24 42 52 6 8 1 51 61 22 49 43 13 4 5 30 11 53 40 27 39 47 44 19 64 16 48 12 50 7 15 55
29 5 11 28 62 39 9 6 4 7 18 25 60 32 14 17 50 45 36 21 48 57 10 8 2 64 47 49 30 59 34 46 61 58 53 40 55 44 22 35 26 3 43 24 12 54 56 15 42 37 13 16 27 41 20 51 38 1 19 63 52 33 31 23
33 44 28 29 22 24 52 45 63 8 9 60 53 21 12 30 47 16 57 6 64 51 46 62 3 19 58 13 32 23 55 7 41 27 50 42 40 15 56 5 43 49 11 61 2 10 35 39 25 54 20 31 37 36 18 17 48 14 34 59 38 26 1 4
64 16 20 27 30 41 21 33 19 24 54 9 25 6 4 7 36 17 13 52 11 34 28 22 29 48 59 60 8 5 49 35 57 12 10 18 2 37 32 23 42 62 1 40 31 46 45 53 58 3 50 26 51 44 14 61 43 39 56 38 63 55 47 15
57 2 6 47 43 36 13 54 42 55 8 63 29 37 38 26 19 22 21 60 39 32 33 5 4 24 62 61 9 16 27 40 17 10 23 34 48 7 28 53 25 15 45 46 44 59 51 58 52 20 11 50 12 3 1 35 30 49 18 64 56 14 41 31
7 35 64 51 32 22 31 29 55 1 60 49 45 5 33 61 18 48 23 12 43 4 19 16 57 40 46 20 28 52 50 47 3 34 17 56 9 26 41 30 62 42 2 44 10 15 11 21 63 24 39 6 38 27 8 59 25 13 53 37 58 36 14 54
60 57 32 11 1 38 39 7 54 61 20 59 28 3 44 14 46 47 48 24 16 41 45 15 12 18 4 33 37 64 29 27 55 2 6 31 13 56 50 19 10 26 17 9 30 23 43 52 22 36 21 8 58 53 35 63 51 34 40 5 62 49 25 42
42 7 45 4 54 5 64 56 50 6 52 41 30 35 8 2 57 36 25 37 58 15 51 23 1 22 18 14 34 10 62 53 16 59 49 3 46 38 63 55 13 17 32 20 24 60 28 11 33 19 9 43 21 61 40 39 12 44 27 48 31 47 26 29
6 53 41 55 40 12 34 9 5 3 45 1 23 39 59 52 43 57 37 50 33 63 22 10 36 54 19 8 38 46 13 21 15 25 14 58 47 28 17 64 2 61 62 32 29 56 18 60 20 49 26 48 30 7 16 42 31 51 24 4 35 44 27 11
38 40 47 36 4 48 49 63 61 5 11 32 12 10 28 16 15 6 31 55 51 62 14 17 39 13 27 56 1 33 19 22 35 60 59 9 37 57 3 41 30 58 26 25 34 52 20 42 21 45 46 29 44 8 43 2 7 53 23 54 24 18 50 64
53 42 40 32 12 26 17 58 44 57 29 46 34 54 45 37 62 30 2 43 15 48 23 61 18 6 24 21 33 47 8 60 28 3 11 63 39 10 7 59 35 1 22 27 5 38 13 25 16 4 55 14 64 52 9 41 19 50 20 36 51 31 56 49
34 22 31 10 50 19 1 17 43 63 59 37 49 27 51 44 55 18 45 15 6 11 36 35 24 25 3 12 30 5 32 33 20 48 26 13 7 47 60 8 53 52 38 54 61 28 40 9 46 41 64 56 29 14 2 21 58 23 62 57 4 42 16 39
49 12 35 5 24 40 7 61 62 58 23 19 55 20 11 41 29 44 4 57 63 33 48 50 17 45 47 25 42 27 31 14 1 56 18 22 32 36 9 2 6 59 39 52 26 34 46 30 10 28 8 37 3 43 53 38 15 54 60 16 13 21 64 51
27 37 46 59 63 62 48 18 30 41 40 11 64 47 61 33 49 23 1 39 7 53 43 57 45 9 29 32 24 44 25 13 60 19 31 26 5 20 14 15 12 56 42 35 55 22 3 58 17 21 16 54 34 10 38 36 52 4 8 50 2 6 51 28
63 14 1 33 52 18 29 15 20 60 64 45 40 62 27 39 22 31 28 37 36 6 4 34 9 61 53 50 51 58 59 32 5 38 46 42 30 35 41 56 55 12 48 16 21 2 23 43 19 44 24 49 8 13 17 57 26 25 7 11 47 54 10 3
53 5 16 48 21 35 58 36 2 38 47 51 32 17 25 62 26 33 12 30 49 50 24 64 23 52 7 45 19 40 39 56 34 18 9 4 29 43 54 22 11 55 28 8 60 61 44 59 37 20 63 42 6 57 31 10 27 46 15 13 41 1 3 14
10 17 22 9 41 63 15 3 29 49 34 42 8 16 31 46 24 59 7 38 48 18 2 13 27 28 58 36 61 23 1 39 40 33 32 12 51 5 25 57 19 14 55 37 56 45 47 44 53 54 60 62 20 50 30 52 21 26 6 35 64 11 4 43
18 39 8 46 23 16 12 19 1 26 6 7 37 15 40 5 30 13 42 62 11 59 9 3 56 63 32 24 60 50 14 41 10 22 21 35 38 51 53 17 45 31 58 57 36 55 54 61 4 52 44 43 25 64 20 33 48 27 49 47 29 28 2 34
7 36 14 31 38 24 55 12 6 53 61 28 47 60 49 59 10 27 19 15 3 13 32 44 43 48 11 51 40 16 33 4 41 46 29 21 18 2 57 52 1 30 37 58 50 17 62 26 5 64 20 63 54 23 56 25 39 42 45 8 34 9 35 22
8 43 5 13 55 9 42 48 3 51 50 40 56 25 60 63 32 37 30 24 53 1 12 62 20 31 21 38 45 2 44 61 29 54 36 57 34 23 35 49 59 41 11 47 15 64 17 39 58 22 7 28 14 19 6 4 10 18 52 26 16 27 33 46
42 24 4 64 27 23 40 21 31 25 2 33 50 14 39 36 7 3 58 43 37 61 60 38 6 59 10 18 46 55 56 1 11 28 54 34 62 52 49 12 5 53 19 13 8 16 63 35 41 32 17 45 47 9 22 44 51 15 57 48 26 30 29 20
59 50 37 30 62 2 22 41 19 4 17 36 31 33 23 29 25 24 15 12 45 35 51 21 10 27 55 52 48 63 8 58 14 1 38 7 28 6 61 13 40 5 47 53 20 43 46 64 44 9 32 11 16 42 34 26 57 3 54 18 49 39 60 56
26 10 49 11 9 45 24 64 12 30 15 52 54 43 8 17 60 35 41 5 59 38 40 53 55 29 51 2 13 62 57 36 46 6 23 58 22 25 21 32 63 4 18 7 1 20 50 19 31 61 27 33 48 34 39 56 42 16 14 44 37 3 28 47
57 1 17 20 60 49 3 38 58 42 55 23 52 54 36 56 12 26 35 32 31 2 27 63 62 19 15 48 16 13 7 59 47 21 50 30 46 41 33 5 4 64 43 14 28 37 6 53 11 24 34 22 18 39 51 29 40 9 25 45 44 61 10 8
58 61 18 26 17 41 45 1 50 33 11 34 46 52 16 13 23 15 27 56 28 19 57 30 37 38 8 3 7 54 31 20 6 64 22 60 35 55 39 9 29 47 63 21 44 24 59 2 49 36 5 4 40 12 10 32 62 14 48 42 51 43 25 53
34 62 10 63 61 32 16 54 44 7 1 35 4 2 56 58 46 40 33 6 18 3 30 19 21 14 23 20 59 9 48 50 8 17 37 29 49 12 64 51 31 27 15 38 42 47 60 13 39 26 11 53 52 45 36 24 25 55 43 22 28 5 41 57
14 64 4 47 43 55 56 60 42 8 41 18 15 3 44 38 39 10 49 52 35 28 46 59 30 24 57 17 27 34 58 48 61 23 7 62 12 53 50 26 54 20 36 45 2 33 5 31 40 37 13 9 51 22 19 6 1 29 63 21 25 32 16 11
9 56 44 51 42 52 33 22 57 58 7 4 26 36 17 61 28 8 29 23 50 5 21 39 46 37 43 14 3 48 13 45 27 55 64 40 15 62 31 6 49 19 53 10 25 35 30 20 24 2 18 12 59 63 54 1 32 11 34 60 41 47 38 16
25 58 43 29 57 20 63 45 53 61 28 21 24 37 13 40 41 38 46 35 44 10 56 9 23 34 60 8 54 14 62 15 2 32 11 48 59 16 3 19 39 50 4 18 27 49 52 6 55 30 51 47 7 26 64 17 5 1 33 36 22 42 12 31
64 18 40 12 35 36 19 28 54 41 42 46 61 39 63 52 6 32 24 17 47 11 34 33 22 62 2 45 58 57 50 7 59 44 14 3 56 21 10 23 27 25 49 29 13 53 48 15 26 8 38 16 1 37 43 31 30 51 55 9 4 60 20 5
29 9 35 10 13 14 43 15 5 3 8 38 40 62 32 30 50 44 45 60 34 20 59 49 39 57 22 25 17 19 41 54 37 27 28 52 48 64 7 53 16 2 21 63 31 18 23 1 42 47 61 46 4 36 12 58 56 33 26 24 6 11 55 51
62 53 20 61 46 39 18 7 47 59 54 60 38 35 11 6 27 55 2 22 29 51 26 12 36 40 44 13 57 21 23 37 64 24 49 15 33 9 16 30 28 17 14 48 63 42 25 45 32 4 50 5 56 52 3 19 43 10 1 41 34 8 31 58
10 63 22 4 53 50 61 58 36 24 39 26 44 48 7 34 47 17 23 9 2 31 1 28 64 18 46 51 15 59 20 35 12 57 27 45 60 14 32 62 11 21 29 6 43 5 42 33 25 49 54 40 37 8 41 16 38 52 3 19 55 13 56 30
49 3 1 33 6 7 29 9 48 60 63 5 15 30 59 2 64 20 37 55 40 13 17 32 11 39 16 36 56 46 24 47 58 42 25 18 43 50 51 35 23 62 27 41 22 57 12 52 28 45 31 8 10 53 14 61 34 44 19 54 26 4 21 38
54 7 14 19 30 37 49 23 4 5 20 57 63 10 53 24 43 62 28 18 16 52 48 41 1 9 6 38 32 56 59 55 26 25 42 31 21 2 60 39 61 15 3 33 47 44 40 50 34 12 22 64 27 51 8 35 45 58 46 11 29 36 17 13
38 16 23 53 20 28 40 6 21 63 52 15 60 33 55 14 10 48 25 7 32 54 61 24 9 64 5 37 41 3 29 31 18 1 47 49 2 8 22 27 43 58 50 56 46 34 62 11 45 19 12 57 39 17 44 51 13 36 30 59 35 26 4 42
4 2 47 17 9 40 38 5 55 49 45 30 11 44 14 26 36 64 60 29 20 57 22 16 32 54 41 21 6 52 19 62 39 58 53 56 42 27 1 10 51 59 31 15 3 12 43 46 48 63 23 50 61 24 34 8 35 33 18 37 13 28 7 25
39 62 31 24 40 48 7 29 63 26 4 17 49 5 12 44 19 16 34 58 10 56 45 23 57 36 15 50 8 22 32 53 54 28 41 37 6 47 59 43 25 42 11 61 55 33 27 51 9 13 30 3 60 20 1 2 18 64 21 46 38 35 14 52
19 48 29 32 22 34 55 30 62 64 18 58 39 28 38 7 13 56 53 21 54 37 4 5 12 45 1 61 63 57 27 46 16 59 17 10 20 35 44 41 26 52 15 24 51 6 11 3 43 60 36 33 25 14 9 42 23 8 40 2 49 31 47 50
60 44 38 5 29 26 48 35 7 6 59 11 25 20 51 42 4 47 19 57 43 24 23 14 17 22 21 33 9 62 30 64 32 2 3 13 40 36 63 58 41 8 37 50 61 55 18 34 52 53 46 27 1 10 56 12 28 39 45 16 31 54 15 49
33 40 41 34 58 3 2 8 52 1 53 37 23 25 6 20 28 5 15 50 61 59 29 42 19 30 55 62 43 47 14 51 10 56 13 4 36 24 48 18 32 46 21 22 12 45 35 26 60 57 9 31 38 7 16 39 17 49 11 63 64 44 27 54
21 42 16 2 54 61 50 63 1 38 25 57 34 17 32 37 49 33 27 19 7 48 36 10 18 56 59 12 31 45 39 40 5 15 30 22 55 52 24 9 35 29 44 46 23 28 13 8 51 43 3 26 14 47 58 41 60 20 53 6 62 64 11 4
6 28 7 59 62 54 45 18 24 52 43 12 56 32 5 16 25 57 42 39 36 63 19 61 29 11 22 2 40 13 33 27 60 3 26 47 15 23 17 46 55 1 49 31 48 37 53 35 30 58 14 4 44 9 64 10 8 34 20 38 50 21 51 41
52 23 58 36 12 8 39 61 29 62 60 28 37 6 10 35 63 59 31 2 22 34 30 51 56 25 53 32 13 19 54 21 44 38 45 24 47 7 18 55 42 49 17 43 5 11 20 9 46 3 57 14 33 41 40 64 50 48 27 4 16 1 26 15
63 57 8 13 27 38 20 17 61 18 40 30 55 47 45 31 22 36 4 44 15 23 26 48 3 51 62 52 10 9 1 14 28 12 6 35 21 59 56 24 29 54 53 39 34 46 49 42 32 41 16 37 7 11 2 43 64 25 33 5 19 58 50 60
40 34 5 27 52 31 1 32 2 55 14 33 50 60 7 39 15 11 57 36 13 41 56 8 45 16 54 18 51 58 25 9 17 48 43 63 42 10 46 19 53 3 22 29 24 38 61 59 49 28 30 6 37 44 35 21 12 4 62 26 47 20 64 23
3 37 11 41 50 4 32 14 20 57 13 52 53 7 56 33 29 46 36 22 47 62 16 25 43 6 10 24 59 55 49 23 15 34 9 2 48 44 42 64 5 61 63 45 54 17 51 21 39 30 40 28 8 27 18 26 31 1 60 12 58 19 35 38
36 56 57 16 38 42 52 2 6 40 29 25 47 21 17 32 45 27 20 41 11 19 13 15 24 61 50 60 54 48 44 7 35 33 46 9 43 5 12 59 4 28 55 18 10 53 63 39 26 64 31 49 34 23 22 3 62 51 58 8 37 14 1 30
51 35 52 25 17 12 33 36 39 23 9 18 8 15 55 41 34 31 43 37 58 50 14 46 4 13 30 49 27 63 11 59 20 60 10 62 56 38 24 6 1 26 28 44 21 16 19 64 5 47 42 22 40 3 54 45 32 53 57 61 2 7 48 29
53 5 46 31 61 58 15 56 34 37 33 63 26 30 13 62 47 23 48 50 59 1 10 17 55 44 7 11 60 14 57 4 52 18 29 42 20 43 38 32 45 3 27 16 40 2 54 6 51 41 28 36 12 22 21 25 39 9 8 35 24 49 19 64
52 50 45 26 24 5 17 64 8 48 1 31 30 16 12 18 39 47 7 58 54 6 11 35 27 46 51 56 32 44 34 37 14 49 3 59 60 20 62 15 2 55 38 28 29 61 36 25 43 19 21 63 4 42 53 33 57 23 10 13 22 9 40 41
54 4 49 9 23 27 34 22 30 25 7 5 12 40 63 24 50 15 35 18 61 20 33 11 51 29 32 8 45 46 2 60 1 43 31 21 36 57 28 58 59 56 62 38 26 64 44 3 42 37 6 47 16 13 17 41 10 55 52 19 14 48 53 39
3 18 48 41 63 1 42 38 35 10 2 21 52 5 51 59 60 13 12 55 45 33 57 34 62 37 11 58 7 16 17 36 25 32 15 31 49 47 9 53 40 29 4 6 30 22 56 8 46 14 26 20 54 61 39 19 43 27 24 64 28 23 44 50
27 1 53 64 13 45 12 30 57 42 8 35 29 37 5 46 6 50 26 21 32 15 36 44 7 52 60 9 3 10 51 17 11 19 28 48 40 31 63 62 61 22 14 41 56 23 59 33 25 43 55 16 18 39 20 4 38 54 49 24 47 34 2 58
49 64 18 6 57 25 13 12 24 33 34 26 61 39 53 29 7 20 1 11 51 38 9 32 10 27 46 31 37 21 30 54 5 22 41 47 62 8 44 56 36 4 2 14 15 35 17 60 40 50 3 48 59 45 19 63 58 16 23 55 43 52 42 28
59 39 32 23 3 9 19 1 53 29 57 24 4 62 11 42 41 30 49 60 37 5 34 33 61 38 43 48 58 2 54 46 44 26 40 18 7 25 17 52 12 14 45 63 28 20 50 15 55 10 36 8 27 64 31 16 47 21 35 22 51 6 13 56
25 10 17 36 21 22 56 42 52 53 23 38 64 59 40 41 62 55 29 7 18 4 60 5 2 33 35 26 16 54 44 47 34 6 45 3 9 51 32 30 63 27 58 61 50 57 28 19 24 12 39 11 48 37 43 1 8 13 14 15 49 46 20 31
10 23 11 46 55 35 58 21 36 30 63 51 31 14 4 37 26 53 41 15 43 16 32 13 12 62 5 22 48 40 25 20 52 39 38 49 59 50 18 2 17 8 3 24 60 47 1 44 28 9 54 29 64 34 6 61 7 42 56 45 19 27 33 57
19 9 37 55 4 44 63 58 38 24 43 46 11 2 49 61 64 7 30 32 35 53 40 10 14 36 8 17 57 34 56 33 25 3 42 26 6 62 31 39 13 54 48 20 1 18 47 52 16 60 27 45 21 12 28 59 5 29 15 50 41 23 51 22
9 61 28 57 53 19 22 17 12 14 15 45 24 10 1 7 18 16 13 5 63 35 2 50 37 39 44 59 34 23 55 48 27 54 64 40 29 6 56 41 49 21 32 31 36 43 11 20 4 8 60 3 58 26 38 52 30 46 25 42 62 33 47 51
60 40 45 58 41 47 43 35 7 3 50 4 54 27 38 30 23 36 33 62 53 28 59 39 49 57 29 20 8 5 34 15 32 21 37 24 22 26 25 17 11 12 19 13 16 56 51 2 44 52 46 64 61 63 10 31 1 14 48 18 6 9 55 42
29 7 8 24 30 18 31 61 62 4 64 50 46 43 28 40 55 25 58 6 34 32 21 49 20 54 2 14 17 38 33 22 1 36 59 52 45 35 51 27 16 57 39 10 47 60 42 13 37 63 23 5 56 41 3 12 26 15 19 9 44 48 11 53
62 14 10 13 43 2 24 33 42 54 17 40 49 47 59 44 32 56 16 19 64 31 27 9 6 63 58 61 28 4 11 1 29 57 50 45 51 37 48 5 39 46 18 21 25 15 8 35 34 3 12 53 30 7 41 36 23 26 55 60 22 20 38 52
40 42 53 63 35 32 64 8 19 51 39 17 44 3 33 15 57 9 6 41 10 11 1 24 22 18 23 21 31 59 14 55 54 27 7 12 37 28 60 26 62 5 36 48 13 49 20 30 52 45 61 56 29 47 58 38 16 50 43 46 25 34 2 4
64 3 46 19 2 16 9 36 54 22 28 34 38 17 14 5 1 26 20 56 40 30 61 59 44 25 6 24 43 11 48 31 41 10 21 37 33 15 35 13 27 42 47 50 23 52 62 45 63 49 18 4 60 57 51 29 12 8 7 39 58 32 53 55
15 22 47 32 6 57 20 7 5 61 60 49 37 48 44 63 43 33 36 9 28 64 17 51 39 11 41 35 19 3 27 40 16 24 26 50 34 55 59 8 23 53 29 54 31 42 30 1 45 58 38 62 52 14 12 56 21 10 46 4 2 18 25 13
33 4 52 30 1 41 16 15 63 8 6 60 40 45 61 38 27 22 31 17 20 2 35 42 3 28 47 13 56 50 32 62 55 59 25 9 18 64 7 23 54 49 26 46 48 11 12 43 10 53 51 57 39 19 36 44 34 58 21 37 24 14 29 5
38 34 5 59 42 8 52 2 4 62 54 36 63 60 16 26 10 18 48 39 44 37 12 28 32 17 24 9 40 56 1 35 61 33 47 29 55 14 57 43 41 25 31 7 3 23 21 51 19 22 50 46 6 53 45 58 15 20 30 11 27 64 13 49
4 12 7 48 46 61 15 19 10 55 42 58 28 54 25 35 59 17 26 29 39 52 23 64 62 56 18 37 41 47 20 53 3 38 27 2 13 24 14 57 30 1 50 9 5 44 36 31 60 32 22 33 51 8 21 43 45 11 6 16 63 49 40 34
57 48 29 47 40 49 60 18 2 7 13 59 55 15 39 20 12 32 1 35 31 41 46 14 25 45 16 38 63 33 19 51 8 22 43 34 28 36 21 24 6 62 11 56 61 37 23 27 53 44 64 9 10 50 30 42 17 52 3 5 4 58 26 54
26 58 43 16 23 38 61 28 21 18 52 41 56 35 45 6 36 62 37 44 50 51 29 25 64 59 57 12 15 2 39 5 60 48 53 22 30 9 3 49 10 19 4 33 27 24 40 46 55 13 7 14 47 20 8 32 42 34 63 54 17 31 1 11
36 63 49 27 29 4 35 5 48 23 25 11 32 20 1 14 46 38 53 15 33 57 55 41 37 58 42 52 13 45 62 39 10 34 17 56 47 21 64 51 28 61 43 22 2 59 6 50 30 26 24 54 44 9 31 8 60 18 40 12 16 7 3 19
6 36 58 28 30 54 13 29 47 41 40 7 45 21 60 9 62 64 27 33 3 10 19 16 4 31 59 22 51 52 24 50 37 55 2 15 5 53 42 46 44 20 1 35 43 38 49 32 11 61 8 26 14 17 25 57 18 48 34 63 56 39 12 23
21 53 48 5 60 37 50 63 61 12 4 19 34 44 27 16 13 23 33 56 29 15 24 30 7 64 62 26 38 54 59 45 40 58 49 57 35 41 1 10 31 52 17 43 46 22 25 11 9 2 32 42 8 36 18 3 51 39 20 47 55 6 28 14
42 16 18 17 62 63 1 48 55 52 20 9 39 7 10 56 45 5 30 29 6 61 4 8 36 51 49 60 33 19 57 14 15 44 22 59 2 27 41 12 43 50 37 32 34 53 3 58 26 46 13 40 25 24 28 35 64 23 11 38 31 54 21 47
63 24 37 2 54 18 55 10 50 38 14 32 60 36 28 34 30 11 4 12 16 48 13 57 45 19 3 31 6 9 58 61 20 46 1 35 52 56 33 15 59 64 23 53 42 5 43 62 25 41 44 27 39 51 22 17 40 49 26 21 29 47 7 8
39 57 41 9 58 3 45 23 29 35 61 38 4 62 20 33 19 37 24 2 49 30 51 48 11 40 22 36 34 21 7 13 17 18 14 10 15 52 46 27 55 47 42 8 54 12 59 26 31 63 5 43 56 16 53 6 50 25 60 44 28 1 64 32
34 28 57 53 21 22 39 14 20 5 47 52 29 37 32 13 26 35 49 23 2 3 48 61 30 24 54 11 45 64 31 41 58 15 46 7 38 16 62 55 19 59 44 51 8 18 60 9 17 4 63 12 1 43 40 10 56 36 33 6 42 27 50 25
29 62 20 41 4 42 63 60 1 40 18 26 47 32 8 64 25 46 19 57 7 28 27 43 55 33 53 3 10 59 50 56 35 6 11 13 24 23 12 22 45 58 49 52 51 17 5 34 21 9 14 37 30 44 2 39 48 54 15 36 38 61 31 16
14 44 31 51 20 1 7 32 3 58 55 25 53 6 33 52 49 57 41 62 22 24 9 46 56 16 11 18 48 34 29 15 12 19 13 30 28 5 10 35 4 2 47 39 63 54 17 61 40 8 26 36 37 23 38 64 27 21 45 59 50 43 42 60
42 1 14 31 52 47 49 54 43 64 9 21 23 58 7 36 18 8 29 22 28 4 11 38 2 61 60 17 57 55 13 32 6 12 30 37 39 44 16 59 63 26 27 45 40 46 56 25 24 3 20 50 33 34 10 51 19 53 62 41 35 5 48 15
38 14 1 61 13 9 3 56 34 63 29 58 25 40 59 17 55 6 7 21 36 33 16 12 51 22 50 62 52 10 8 64 11 42 32 4 18 57 49 5 53 30 15 37 24 2 54 48 28 60 27 31 20 47 43 45 35 46 23 39 26 19 44 41
58 17 32 46 55 40 33 28 44 25 15 31 52 16 11 41 6 59 57 5 39 23 43 19 24 34 10 51 8 13 36 9 64 49 30 21 47 20 50 26 42 54 62 29 12 60 61 53 48 45 18 56 7 63 3 1 38 4 27 2 37 35 14 22
8 42 44 29 61 19 22 6 60 33 39 45 12 52 14 46 41 27 58 36 48 11 2 23 43 54 32 59 3 62 49 31 47 17 9 63 21 7 24 53 40 4 55 15 10 34 13 50 51 28 16 5 38 37 56 25 1 26 18 57 64 30 35 20
7 23 4 11 41 43 17 60 6 57 59 12 8 33 61 31 34 5 45 35 63 32 40 62 18 28 51 50 37 38 2 1 14 25 47 42 9 10 53 30 29 22 39 16 26 49 48 27 46 24 54 15 3 13 20 21 52 64 56 36 58 44 19 55
57 3 16 25 43 45 12 19 31 26 41 34 30 27 38 42 22 32 21 24 20 51 1 63 14 56 29 49 7 23 33 55 28 64 11 60 6 59 39 13 2 44 18 10 15 61 52 46 37 58 9 62 54 50 17 4 40 8 53 48 35 36 47 5
36 64 28 23 63 44 42 5 47 60 53 24 48 25 13 29 57 38 15 19 34 52 61 17 10 62 7 33 59 50 22 58 18 54 43 31 12 37 9 39 30 27 2 41 20 56 46 45 32 49 55 40 4 11 6 35 51 1 3 26 14 21 16 8
64 37 10 6 12 50 34 3 62 54 45 4 28 39 25 24 7 44 18 55 16 41 51 15 46 59 8 32 2 58 17 23 60 56 13 29 20 31 38 43 36 19 48 35 1 57 63 21 49 61 47 22 40 27 14 42 26 33 30 5 53 52 11 9
62 18 8 30 53 25 48 63 57 40 33 23 38 47 16 37 4 26 12 6 7 54 59 21 1 39 15 14 17 11 41 22 5 43 49 56 32 36 61 2 35 42 45 50 29 52 44 58 34 10 3 28 27 51 64 24 60 55 19 9 13 46 20 31
9 7 52 26 2 31 56 41 61 12 23 36 64 30 40 32 27 18 13 17 4 62 35 53 29 25 58 48 46 3 50 33 20 60 6 45 24 16 54 51 1 28 38 63 21 47 5 59 42 44 39 57 34 8 19 43 10 14 49 22 37 55 15 11
18 9 38 10 57 12 19 45 63 24 28 41 31 35 49 59 36 48 42 7 11 34 21 43 27 14 1 2 54 16 56 4 3 23 29 52 37 20 22 8 5 17 50 51 55 15 53 25 64 32 6 46 61 26 39 58 30 44 40 13 62 47 33 60
51 10 20 34 24 58 9 14 55 52 11 46 54 59 6 62 29 31 35 44 3 38 56 22 17 63 5 45 28 47 39 27 40 2 1 50 33 15 36 12 26 49 53 18 30 64 43 32 41 37 21 4 48 19 8 57 42 13 7 61 25 23 60 16
6 44 23 36 38 26 18 1 3 37 64 33 63 14 4 5 32 9 7 39 40 53 34 11 24 58 57 25 16 22 2 21 41 46 27 47 59 62 28 56 19 52 49 48 12 43 35 30 20 13 17 45 60 42 54 8 50 29 10 15 31 61 55 51
21 56 49 64 27 62 35 30 54 41 63 37 50 10 39 18 46 25 19 60 59 20 12 61 55 6 47 8 58 44 57 5 34 26 28 48 40 23 3 9 31 1 11 32 24 16 42 15 4 22 36 43 7 45 14 29 13 51 52 2 38 33 17 53
40 61 7 23 22 20 31 10 38 25 2 60 55 54 17 39 64 15 1 32 37 18 28 33 36 5 44 3 9 46 13 48 8 6 59 35 34 24 12 49 27 57 19 21 51 4 50 62 58 30 11 53 29 43 16 26 56 42 14 45 63 52 41 47
10 58 5 47 3 34 29 23 19 30 52 40 60 45 51 2 49 17 20 38 50 31 46 9 61 18 42 36 32 4 7 59 54 28 14 62 13 26 16 41 53 25 22 8 44 24 1 43 63 12 57 37 21 39 64 33 48 15 55 11 6 35 27 56
15 16 41 19 1 2 38 9 44 7 17 50 26 28 63 56 47 11 43 52 13 57 33 59 30 36 46 58 27 48 49 61 39 12 34 22 45 35 53 62 4 55 32 37 8 5 60 31 10 54 40 29 18 64 51 3 23 20 24 6 42 21 14 25
25 39 17 4 40 24 32 8 30 59 54 63 61 3 53 52 19 23 34 9 15 1 14 12 57 13 55 56 43 5 31 47 64 44 2 26 62 51 41 18 45 20 36 22 42 33 27 11 37 46 7 48 16 10 35 6 28 49 58 21 50 60 38 29
4 62 46 63 35 27 34 33 60 49 13 59 37 2 44 16 1 56 30 41 47 61 45 28 48 9 21 51 31 40 36 54 26 58 15 12 55 8 17 23 11 5 43 24 50 42 3 39 19 53 22 14 6 57 20 32 64 10 25 18 52 7 29 38
26 34 11 57 6 63 59 15 20 53 1 17 40 60 7 13 25 47 24 43 18 5 10 41 2 38 35 49 37 27 29 23 55 32 31 4 42 28 50 58 12 61 14 33 56 45 19 3 21 64 46 8 52 22 36 39 62 9 48 44 51 30 16 54
33 12 53 55 4 36 18 22 10 48 34 11 56 17 5 64 15 62 61 9 31 23 32 3 20 29 16 60 2 13 25 35 57 39 37 7 30 38 49 46 43 58 26 52 28 44 40 8 24 21 42 54 47 41 6 59 45 27 63 50 19 1 51 14
49 40 37 51 32 39 48 36 42 1 25 35 46 16 4 41 12 64 18 11 10 2 23 19 45 52 53 31 60 63 22 14 27 55 21 9 29 6 56 24 61 62 58 13 5 20 47 33 43 57 28 3 59 7 54 38 17 50 8 26 44 34 15 30
60 63 47 24 55 7 33 48 50 14 61 42 53 5 1 20 59 46 41 18 45 10 13 23 25 37 6 12 52 56 8 9 35 49 26 40 43 21 58 11 28 3 29 57 22 15 62 34 39 2 38 64 51 36 30 17 31 4 54 16 27 32 44 19
63 48 58 20 46 49 7 21 53 55 42 18 24 52 45 61 60 59 25 39 51 64 19 8 3 31 43 33 54 57 32 56 12 38 22 10 35 44 9 26 17 50 1 29 15 2 30 13 5 62 14 47 4 37 40 36 34 23 6 41 16 11 27 28
18 37 14 5 42 40 16 61 39 35 55 15 45 43 60 34 30 22 4 36 33 59 26 25 11 27 2 38 8 62 20 51 44 3 46 13 7 9 63 10 6 21 23 31 29 28 53 19 48 50 32 49 64 24 17 41 12 52 1 54 47 58 56 57
59 36 40 29 17 48 9 7 21 38 14 51 4 20 55 15 39 8 13 12 44 6 60 34 49 30 3 2 10 46 19 50 1 22 25 18 5 37 33 57 62 64 28 45 27 35 61 53 52 41 23 42 58 26 31 56 47 16 43 63 24 54 11 32
27 24 43 46 53 41 50 2 8 5 20 32 49 48 13 36 4 33 16 21 64 52 55 30 7 57 18 45 63 19 1 22 6 10 38 37 62 56 39 17 54 15 3 14 47 59 25 42 60 26 61 11 12 44 28 51 35 58 23 9 29 31 40 34
14 2 45 33 27 32 64 9 24 29 40 19 54 7 36 35 43 30 15 57 6 41 4 62 51 46 8 48 13 23 58 17 61 25 3 34 52 53 38 55 10 56 31 39 63 60 16 1 49 47 50 12 37 20 22 44 18 11 26 59 28 5 21 42
62 1 4 28 63 38 3 18 34 8 15 49 47 36 12 40 50 37 23 17 53 56 29 57 27 45 7 20 59 55 51 33 58 54 32 21 39 14 24 19 44 30 42 9 60 52 13 61 26 43 64 6 10 16 2 31 5 25 11 48 22 46 35 41
54 50 29 58 20 23 63 60 5 4 9 1 52 32 28 38 10 55 57 22 61 35 24 42 39 44 49 14 51 33 34 41 11 18 17 30 2 25 7 6 16 46 62 43 21 64 45 26 40 37 31 15 59 53 3 12 8 36 27 47 56 19 48 13
52 4 44 13 21 5 61 29 47 22 57 41 23 45 31 17 63 27 49 35 43 54 36 38 18 33 60 11 28 59 9 40 10 26 7 24 37 64 1 2 55 14 15 56 46 34 48 51 32 19 8 50 30 12 58 25 16 53 20 42 62 6 3 39
19 5 32 2 60 54 20 41 31 3 18 7 39 40 14 30 6 38 33 58 35 34 21 49 29 16 62 17 61 10 11 1 15 64 45 57 51 26 42 59 13 4 37 46 43 12 23 48 25 50 44 9 8 52 56 63 28 27 53 24 55 36 47 22
36 9 18 61 57 16 12 28 43 23 50 5 48 58 25 37 45 40 26 19 49 4 22 17 56 51 46 59 33 52 62 7 29 42 30 31 21 47 10 64 32 27 2 6 3 11 8 60 34 14 24 63 20 13 39 1 38 54 35 55 41 44 53 15
53 43 38 25 2 3 55 45 1 42 29 26 32 21 16 58 28 35 6 24 39 57 34 63 23 19 5 62 41 22 30 59 27 15 50 60 47 7 46 13 40 54 48 61 20 56 11 9 31 12 51 36 64 14 10 4 52 44 18 37 17 8 33 49
7 57 16 11 13 35 58 5 62 51 8 28 34 25 10 31 47 26 29 55 36 37 46 53 14 64 24 32 56 50 41 27 18 1 9 3 38 59 54 22 39 2 45 15 40 17 44 6 30 52 20 33 21 23 19 61 12 48 63 60 49 43 42 4
9 23 40 6 52 26 60 3 7 64 59 34 25 54 17 33 18 47 45 37 29 48 28 16 19 11 22 61 42 38 24 36 14 27 10 43 30 55 44 8 41 5 4 20 1 57 46 35 51 32 13 56 58 63 21 2 15 39 62 12 53 49 31 50
26 17 48 16 38 28 42 64 29 5 6 4 11 27 40 59 13 50 36 23 2 51 10 15 12 62 30 25 57 14 55 20 3 21 53 58 9 43 32 35 49 8 18 7 61 37 56 44 63 22 24 46 54 41 45 52 39 33 60 19 34 47 1 31
8 28 43 30 12 61 24 14 36 33 53 23 44 35 39 6 22 9 37 38 54 16 2 10 64 17 1 50 3 21 59 58 32 56 42 49 5 15 51 62 63 47 55 18 25 46 20 45 11 13 60 31 40 27 41 19 26 29 34 57 4 48 7 52
58 53 8 31 62 42 49 23 48 6 45 46 30 28 32 7 55 18 60 43 37 59 17 14 1 24 15 56 40 5 33 21 16 19 64 26 12 52 35 39 51 41 47 44 36 61 54 50 4 57 63 22 29 11 25 10 13 34 3 38 2 27 20 9
64 18 35 26 23 8 19 1 2 63 47 59 56 39 38 14 57 6 42 32 10 31 27 51 17 30 4 52 7 11 44 46 28 48 29 24 33 62 22 9 25 20 53 40 55 54 12 16 41 49 5 37 34 61 3 45 58 15 21 36 50 13 60 43
59 24 1 47 30 45 17 63 35 54 4 31 26 60 20 56 7 15 21 33 11 19 55 44 10 27 29 8 6 2 39 53 37 46 41 62 48 50 28 52 42 58 32 38 34 23 36 3 16 9 61 40 12 22 43 64 51 13 49 5 14 18 25 57
19 22 28 59 3 25 1 6 10 38 39 24 12 33 49 29 36 56 53 44 40 62 57 35 21 63 41 58 48 27 17 4 5 34 11 9 13 31 18 15 2 42 26 54 23 16 52 60 64 61 32 20 47 45 14 51 7 50 43 46 37 30 55 8
33 14 23 41 42 9 22 38 6 10 60 51 40 2 11 62 43 57 31 5 50 32 16 39 61 34 54 24 45 4 48 13 46 17 3 29 36 7 25 12 59 1 37 53 30 47 63 52 20 64 44 49 27 8 56 21 19 18 58 15 26 35 28 55
42 40 20 5 60 62 52 36 39 35 33 7 8 6 63 2 26 32 19 41 34 11 14 21 46 9 16 18 27 47 54 31 17 28 25 22 43 38 24 53 29 4 3 37 10 12 49 15 55 44 51 45 61 57 30 59 56 1 48 13 64 58 50 23
21 44 14 53 29 57 13 54 20 59 7 33 15 10 8 37 25 31 46 6 4 24 35 22 43 38 11 36 17 34 27 62 60 32 28 47 18 9 50 30 26 61 58 41 2 49 52 64 5 45 23 3 48 51 12 16 1 42 40 39 63 55 19 56
15 10 17 27 54 31 40 33 24 37 28 25 29 43 51 5 34 48 35 62 3 53 32 46 55 14 42 60 19 9 11 64 2 23 1 18 59 41 61 58 49 57 63 7 56 20 6 21 44 30 26 12 52 36 8 4 50 16 45 22 13 39 38 47
51 64 31 34 43 47 2 8 50 60 40 12 63 3 6 18 1 44 58 7 15 13 33 9 37 48 32 52 46 16 23 61 25 59 26 45 49 57 14 41 30 22 39 28 54 35 27 5 42 4 21 29 38 19 53 56 62 11 10 24 55 36 17 20
3 34 5 32 58 37 59 42 54 18 41 40 31 44 33 7 29 13 28 15 48 1 60 64 24 57 51 9 61 45 14 55 47 39 49 2 20 27 63 56 36 53 22 6 26 11 17 62 25 21 12 4 16 50 38 52 35 8 46 19 43 23 10 30
57 36 11 48 41 44 29 61 7 62 43 63 49 14 53 39 30 17 6 60 59 38 1 24 22 54 35 3 9 64 33 47 26 19 13 37 32 56 21 52 55 25 23 31 16 18 28 46 45 10 50 8 51 42 34 12 40 58 15 4 27 20 2 5
10 12 58 17 2 50 31 56 55 26 39 37 64 47 29 24 41 20 60 9 18 15 51 49 32 61 23 38 7 48 13 45 8 3 27 40 22 52 57 6 42 59 44 16 5 28 19 35 21 54 46 62 25 34 36 1 43 14 30 63 53 33 4 11
29 58 41 25 24 22 49 32 52 55 53 50 23 36 61 46 27 35 20 11 47 30 56 34 4 31 59 13 40 44 57 15 16 3 38 63 45 37 62 8 6 17 14 51 43 5 18 2 10 54 28 26 33 39 9 19 48 21 7 60 42 1 12 64
7 34 47 19 55 27 38 15 35 6 60 21 31 44 5 30 12 37 49 56 13 18 23 14 62 22 10 11 16 3 48 32 29 33 36 59 40 28 58 51 1 26 50 8 20 43 25 53 46 41 17 4 39 45 2 63 42 9 57 54 24 61 64 52
38 3 57 20 41 35 17 12 19 48 47 9 52 14 59 36 39 62 42 15 58 5 26 44 29 11 21 37 2 23 25 45 40 43 6 50 7 31 33 53 51 28 27 54 13 4 8 32 16 46 22 63 18 24 64 61 30 34 1 55 56 49 10 60
18 50 49 32 24 39 12 22 2 40 8 36 4 62 20 34 46 25 16 7 6 15 59 17 21 13 47 31 41 19 30 5 11 55 45 37 48 26 42 56 63 14 43 35 1 60 54 33 52 58 38 28 3 10 44 29 27 64 57 61 51 9 53 23
14 39 37 29 22 27 42 19 8 4 6 15 28 59 53 26 23 18 31 44 33 3 9 25 24 40 57 35 48 5 20 32 41 12 34 60 46 51 16 10 2 17 11 43 61 38 63 1 64 50 13 62 47 7 58 52 21 36 55 45 49 54 56 30
38 36 18 9 4 19 43 2 31 3 25 45 11 39 8 32 29 7 46 5 13 20 24 16 49 37 15 22 34 57 17 21 58 54 14 12 33 28 41 55 35 62 23 52 50 59 61 27 30 53 63 6 1 10 40 44 64 26 56 48 47 60 42 51
27 56 10 33 13 40 20 15 4 23 17 21 28 16 11 29 19 22 48 50 31 2 26 46 9 36 6 3 60 45 24 35 37 34 30 7 12 14 63 32 39 25 1 57 8 54 18 61 58 62 42 5 51 47 38 64 52 55 53 59 43 44 41 49
40 12 8 11 17 16 38 7 44 30 23 31 48 6 5 20 15 13 24 2 18 10 45 63 32 29 3 26 46 4 58 55 54 1 21 35 52 27 28 22 61 59 50 56 47 53 62 19 49 14 9 33 37 64 39 57 42 51 25 36 41 34 60 43
49 63 32 17 23 34 45 58 42 8 29 9 38 5 25 14 60 36 33 37 16 4 1 3 20 30 21 18 7 11 13 48 6 28 22 26 40 53 62 19 12 15 44 61 55 2 59 46 39 10 64 57 56 50 51 41 35 27 52 47 24 43 31 54
22 37 28 24 20 36 29 6 34 62 18 11 61 30 33 15 41 8 27 19 7 5 12 21 10 52 4 59 51 3 55 31 1 25 43 57 45 23 17 26 13 50 49 9 63 56 53 42 48 47 40 64 39 16 54 2 60 58 35 44 38 32 14 46
60 16 11 61 6 2 13 32 5 58 43 38 26 47 7 62 49 33 23 55 35 3 51 50 19 34 53 14 9 48 1 15 20 64 59 4 22 8 39 24 10 30 28 63 27 52 40 25 41 46 57 56 29 44 36 45 17 54 18 21 37 31 12 42
64 18 5 36 53 12 52 41 21 26 33 49 54 25 14 42 10 40 7 24 32 1 61 30 6 45 55 8 58 22 39 4 57 48 27 63 29 62 3 59 44 56 2 46 13 28 17 34 37 19 50 16 60 43 9 31 47 20 15 11 35 23 51 38
52 43 16 23 40 18 19 10 3 54 7 17 25 20 12 46 32 5 4 36 44 30 22 15 11 56 29 9 6 63 14 1 61 58 41 59 51 55 49 57 28 64 53 33 26 37 21 62 45 60 38 47 8 42 35 39 48 13 24 50 31 27 2 34
63 53 45 48 9 8 35 23 30 29 14 5 24 7 44 6 4 11 12 58 59 18 17 13 1 25 2 49 61 10 19 51 15 22 37 62 20 56 57 64 41 55 27 50 40 42 36 31 60 3 39 54 34 52 16 38 43 21 46 26 28 33 47 32
25 61 23 41 57 37 16 45 38 53 4 32 30 48 49 7 50 17 1 9 64 6 27 24 2 19 35 62 63 58 54 13 55 42 46 10 18 21 56 11 5 26 47 39 60 44 51 59 43 8 28 14 12 3 34 36 31 52 33 15 29 20 40 22
58 5 46 2 32 54 1 30 6 14 20 19 49 17 16 63 7 3 26 33 61 37 9 41 56 27 59 13 8 40 57 62 12 60 64 50 55 35 18 39 43 53 42 15 36 45 11 51 31 52 47 48 44 24 28 10 34 25 23 38 22 21 4 29
3 9 35 26 50 4 32 42 43 51 41 1 39 15 55 58 45 30 29 12 63 38 11 64 57 61 10 56 59 34 62 7 47 2 13 48 6 36 60 52 40 54 14 53 44 17 23 16 24 49 5 37 20 22 31 33 21 18 8 46 27 19 28 25
6 2 53 63 35 44 24 17 58 18 1 50 55 40 29 31 62 15 61 41 49 23 60 42 46 59 47 20 45 64 51 5 39 57 32 13 56 52 54 9 27 19 36 10 34 38 12 48 21 43 3 28 16 8 22 25 7 4 30 37 26 11 33 14
54 3 4 10 52 58 22 61 7 1 28 63 50 62 32 33 64 55 34 60 48 31 21 59 30 39 57 51 37 56 41 23 46 44 17 2 15 47 53 5 36 49 38 45 29 24 43 6 40 26 12 42 18 11 20 35 27 8 14 13 19 9 25 16
7 58 47 64 1 42 49 54 57 24 55 35 32 60 63 61 27 6 30 56 45 62 59 53 22 51 41 48 10 2 50 39 34 46 38 52 13 43 36 15 16 3 29 44 28 23 5 8 4 37 31 11 33 9 17 26 40 14 21 12 25 18 20 19
29 42 57 31 63 45 56 48 1 41 50 37 64 58 60 39 55 59 28 52 47 61 4 51 62 24 54 38 33 27 2 53 18 15 23 34 7 25 12 35 32 44 22 40 5 11 30 43 19 20 46 36 14 26 6 21 10 3 49 16 17 8 13 9
34 4 52 51 62 50 58 1 63 61 45 46 60 28 59 41 6 64 21 43 53 33 36 48 17 57 23 12 42 55 56 37 44 10 49 40 35 20 38 27 54 29 26 22 31 5 47 30 11 24 18 8 3 39 25 32 13 9 19 2 16 14 7 15
36 48 41 57 58 1 55 60 54 63 34 42 47 33 61 40 59 24 53 62 37 64 19 39 51 16 50 2 56 52 27 46 35 38 31 30 32 44 22 43 29 28 17 14 12 18 49 11 25 21 20 26 4 7 10 8 45 23 3 9 13 6 15 5
53 1 58 55 61 63 60 56 48 57 64 52 45 59 38 24 30 62 37 32 51 50 40 49 36 54 43 17 27 44 33 47 28 39 29 31 42 6 35 13 26 21 19 20 3 15 16 9 46 41 14 22 25 34 18 12 23 10 7 4 2 5 11 8
57 62 1 58 54 55 59 63 60 42 61 40 34 37 36 64 46 53 43 6 22 52 56 35 48 18 51 45 32 47 44 50 26 49 7 29 24 12 21 17 25 41 31 38 23 33 28 39 10 2 8 9 27 20 19 3 30 15 11 5 14 13 16 4
