75131 64024 60905 63022 57987 56043 52459 41433 41433 40781 39173 36511 31456 26159 25318 22918 21458 19088 18459 19081 15840 13903 14096 11111 10339 9667 8334 8446 7665 6879 6168 6060 4741 4992 4595 4249 3983 3391 3157 3088 3119 2446 2285 2190 2063 1972 1924 1659 1560 1341 1141 1166 1075 1092 877 945 748 653 683 564 526 536 452 463 402 391 323 329 319 249 242 214 208 203 174 161 143 131 122 110 100 101 85 80 72 69 66 57 51 42 37 40 39 34 29 32 29 24 24 21 21 17 17 13 13 12 11 11 9 8 8 7 7 6 6 5 5 5 4 4 4 3 3 2 2 2 2 2 2 1 1 1 1 1 1 1 1 1 1 1 1 1
7 11 13 22 32 18 27 25 17 1 29 9 4 28 19 31 2 21 5 14 26 16 20 3 6 8 15 23 12 10 30 24
19 18 20 1 11 24 26 30 12 3 2 14 27 16 13 21 7 5 31 17 25 4 10 9 6 15 23 8 29 22 28 32
23 11 4 14 22 21 25 8 31 17 15 32 16 6 18 29 2 7 5 30 20 19 27 3 12 9 26 24 1 10 13 28
18 29 5 32 12 3 20 2 8 26 7 16 14 22 19 30 23 21 31 10 28 9 4 15 17 27 24 25 6 1 11 13
7 9 20 18 13 29 11 30 25 1 28 3 4 26 12 27 32 6 8 24 22 16 19 31 15 2 23 10 5 14 17 21
1 25 18 20 26 8 27 4 17 12 21 11 28 9 5 13 19 23 22 30 3 2 29 14 6 10 15 31 16 7 32 24
19 22 8 3 24 12 23 6 2 17 20 1 27 7 9 30 11 26 14 10 25 15 18 28 31 29 32 13 4 21 5 16
30 21 15 11 17 22 25 29 31 3 2 28 12 13 18 7 5 20 6 27 4 19 1 23 9 24 16 14 10 26 8 32
25 18 13 4 3 21 28 15 26 8 31 32 20 6 24 11 2 5 29 7 17 1 10 16 22 14 19 12 23 9 30 27
9 2 11 26 21 17 12 24 1 28 19 25 29 10 32 27 31 30 4 14 7 6 20 13 16 8 23 5 18 22 3 15
5 32 31 13 22 16 10 28 12 25 1 15 19 24 20 4 14 7 26 2 23 8 30 21 27 18 11 9 17 3 29 6
11 17 24 14 28 32 19 10 6 3 29 21 31 22 23 20 12 16 5 27 26 13 8 7 1 15 9 25 30 2 18 4
26 23 28 31 27 7 14 13 25 21 22 30 2 16 6 15 17 10 12 18 20 32 11 9 3 1 24 8 19 5 4 29
16 28 10 1 18 24 30 12 27 5 6 8 13 31 19 14 4 17 20 32 29 25 21 23 9 22 26 7 15 11 2 3
25 26 4 3 11 6 20 22 16 12 13 14 32 18 15 10 8 21 24 31 28 7 27 17 19 2 30 23 29 9 5 1
17 8 14 22 4 15 3 16 28 18 32 2 11 20 29 9 30 19 13 1 5 27 12 26 7 23 6 10 31 25 24 21
19 13 23 11 14 21 25 20 10 1 9 3 27 29 8 17 7 22 12 16 30 5 4 24 15 6 18 2 32 26 28 31
23 20 3 16 32 29 8 2 4 26 10 7 17 25 5 11 19 13 22 28 18 24 9 6 12 27 15 31 1 21 30 14
15 23 5 32 13 14 1 25 31 29 21 11 7 19 18 6 10 9 3 20 24 30 22 2 17 16 4 27 26 12 8 28
1 7 11 5 30 2 26 9 15 14 32 28 22 18 25 29 12 3 24 17 31 19 13 4 23 20 8 6 21 10 16 27
30 32 19 7 6 18 27 11 1 16 15 21 28 9 2 3 5 17 8 26 24 4 25 31 29 23 12 20 10 14 13 22
17 31 15 2 18 22 6 27 12 24 20 16 25 1 28 10 23 11 4 7 5 9 29 19 21 8 26 13 30 3 32 14
9 25 14 18 17 4 23 8 27 26 31 29 12 2 16 21 11 30 20 32 10 1 19 28 13 22 15 24 5 7 6 3
6 21 10 30 14 3 28 12 11 5 2 1 4 26 22 17 7 20 31 27 29 8 18 15 16 9 25 23 19 32 24 13
23 26 25 16 4 32 12 29 8 2 6 7 24 31 10 20 17 22 28 15 3 11 27 21 18 13 30 14 9 1 5 19
5 24 20 4 6 17 11 18 26 29 1 9 32 28 8 14 31 23 13 10 25 27 30 12 2 16 19 7 15 22 3 21
16 17 31 22 21 24 5 6 3 28 10 30 7 25 19 27 4 13 26 18 2 15 32 9 20 14 11 12 23 8 29 1
18 15 3 1 19 5 31 16 2 13 9 25 24 10 22 7 30 8 14 4 28 32 12 23 6 21 17 27 20 26 11 29
19 21 23 31 8 7 6 25 29 1 22 2 14 16 26 15 11 9 5 30 4 24 10 3 27 17 20 13 32 12 18 28
26 18 15 30 13 4 27 7 21 8 14 3 20 29 2 9 10 5 6 16 22 12 1 19 17 24 23 31 25 11 28 32
25 31 13 7 27 19 3 9 28 12 15 14 22 6 16 30 8 10 29 1 18 5 11 26 20 2 32 24 17 21 4 23
7 8 18 3 28 14 5 4 11 24 26 10 27 23 12 16 1 19 22 17 30 9 20 31 21 32 6 2 29 25 15 13
15 11 28 2 32 8 14 21 17 1 19 16 25 24 9 13 23 18 12 26 3 7 5 6 29 10 4 20 31 27 30 22
23 25 20 14 11 12 1 15 16 9 13 6 17 22 28 4 7 21 5 27 24 30 32 10 19 29 18 8 26 3 2 31
12 28 11 20 3 21 10 22 27 16 29 15 32 26 25 14 19 6 31 7 5 4 8 24 13 18 2 23 30 9 17 1
22 9 4 16 30 32 19 11 6 2 1 8 28 7 23 20 5 3 26 31 18 13 25 17 15 27 12 14 21 10 24 29
17 6 19 26 27 22 11 30 8 12 21 14 4 20 31 3 32 13 28 15 29 25 9 2 7 10 18 16 1 5 23 24
13 20 5 12 32 6 30 27 25 18 31 9 7 19 15 29 17 26 2 8 23 24 22 14 16 1 11 10 3 28 4 21
30 7 10 32 17 16 25 15 26 8 4 1 24 23 29 11 2 18 6 14 20 12 21 28 22 13 3 27 31 9 5 19
6 24 31 7 11 15 32 30 10 26 20 3 14 25 12 21 8 23 29 18 28 16 27 4 1 19 9 5 17 2 13 22
5 26 3 18 8 12 30 2 15 21 6 22 31 28 9 27 1 16 13 20 4 19 24 7 17 14 23 25 10 11 29 32
26 32 25 1 21 2 8 20 12 7 19 16 27 29 11 17 14 5 22 28 31 15 30 10 13 24 4 6 9 3 18 23
18 13 28 26 6 8 12 32 1 29 14 10 4 24 20 7 15 25 3 2 17 27 19 21 23 9 30 31 5 22 11 16
11 2 18 14 26 6 29 7 3 17 28 5 19 22 16 13 10 9 24 15 25 32 1 23 27 31 12 8 20 21 30 4
9 32 13 20 14 16 27 12 11 18 2 15 22 10 19 8 31 7 4 1 30 5 21 26 29 17 6 24 23 25 3 28
1 11 23 5 22 29 3 21 4 25 10 7 13 2 15 6 17 19 14 18 27 30 9 24 16 20 8 12 32 26 28 31
19 8 4 2 3 24 23 28 13 5 21 6 25 16 29 15 11 26 12 31 22 27 10 9 1 18 32 20 30 7 17 14
16 24 18 30 7 17 26 27 21 14 15 25 12 6 28 9 4 10 29 8 2 11 5 1 22 23 20 3 19 32 31 13
12 29 14 16 28 5 11 25 31 20 4 3 32 24 22 30 26 8 17 10 18 2 13 15 7 1 19 23 9 27 6 21
15 2 5 29 13 8 25 9 28 14 18 32 17 20 26 4 23 6 31 30 27 7 11 3 19 22 24 10 21 12 16 1
30 16 10 32 18 21 1 22 17 5 20 2 28 9 23 29 12 3 13 4 26 24 25 31 27 6 11 7 15 8 19 14
28 13 25 31 30 7 19 4 26 29 9 10 20 15 11 16 2 18 8 14 22 1 23 6 12 21 17 27 3 5 24 32
18 31 21 4 12 9 8 2 16 28 22 24 7 10 25 20 32 5 14 3 13 15 27 17 6 11 30 23 26 1 29 19
1 20 19 3 4 2 27 18 6 16 29 8 24 26 7 17 14 25 22 28 30 9 32 31 23 13 5 12 21 10 11 15
16 23 11 27 19 32 31 20 1 13 7 30 14 22 18 8 12 10 26 2 17 28 5 21 25 24 4 6 29 9 15 3
23 6 15 11 14 5 10 24 28 17 26 22 29 19 31 27 8 20 4 7 2 25 18 3 12 32 9 13 1 21 30 16
12 15 28 14 21 19 32 11 29 8 13 9 26 25 22 3 4 7 24 20 31 16 10 1 17 23 18 5 30 2 6 27
9 28 31 16 6 22 14 29 12 24 20 1 27 23 15 11 7 21 5 26 25 8 30 10 18 19 3 2 17 32 13 4
11 18 14 32 28 7 12 30 25 26 1 5 22 29 2 21 10 20 3 17 4 13 24 19 15 9 6 16 31 27 8 23
22 26 3 1 18 9 30 10 11 14 2 16 12 7 29 13 19 25 6 32 20 4 8 15 21 27 17 31 5 28 23 24
28 9 24 12 11 15 29 32 3 25 7 14 4 2 26 6 23 5 20 10 27 13 22 17 16 31 30 8 19 1 18 21
13 32 5 29 17 21 6 27 10 3 22 9 28 1 18 7 15 11 14 4 30 8 19 23 2 20 12 24 26 25 16 31
19 2 20 18 22 32 3 15 8 21 9 30 26 31 23 29 17 6 12 14 24 27 11 1 13 10 16 25 4 7 5 28
30 8 25 31 12 32 27 7 15 1 14 21 19 6 20 4 5 3 2 16 18 28 29 26 22 17 24 9 10 11 23 13
17 15 11 13 30 16 23 21 4 28 31 32 27 7 9 6 12 18 24 10 26 19 1 2 25 29 8 14 20 5 3 22
15 31 3 22 32 6 14 4 17 7 18 28 25 9 8 27 11 19 26 1 5 24 30 10 21 16 2 20 23 12 13 29
12 22 8 5 13 7 1 28 26 21 15 29 20 23 11 3 32 10 6 30 31 9 25 24 27 19 4 16 17 2 18 14
6 23 28 20 24 17 30 22 12 5 13 16 7 25 19 15 31 21 29 26 10 32 8 14 1 18 11 2 3 9 4 27
9 7 10 2 8 15 31 18 21 24 29 6 14 16 12 11 1 13 17 27 28 5 20 4 19 22 26 25 32 3 30 23
5 11 15 14 4 21 28 12 1 20 19 30 24 26 16 10 7 9 31 17 25 2 13 23 18 6 32 27 29 22 8 3
18 20 23 27 19 8 12 16 31 17 10 1 13 29 28 14 26 30 4 32 22 15 24 9 6 11 3 7 25 5 2 21
5 18 14 1 7 19 26 24 29 13 2 21 32 31 25 8 4 6 22 16 20 12 11 3 17 27 23 9 30 10 15 28
19 28 5 11 26 9 6 20 1 14 4 25 17 2 7 21 10 22 13 3 30 16 12 15 29 23 18 8 32 27 31 24
22 26 21 4 18 12 32 30 25 8 7 9 24 6 16 13 23 10 28 20 17 1 19 31 27 2 5 3 15 14 11 29
11 16 31 5 27 22 29 10 21 25 26 3 12 18 23 20 30 8 2 28 13 7 1 17 15 24 19 14 9 32 6 4
28 24 15 27 30 3 11 13 17 26 10 14 2 20 6 7 1 18 12 4 29 25 22 21 16 32 9 5 23 8 19 31
17 13 24 30 11 29 1 21 16 18 19 32 28 15 8 9 7 26 14 2 27 25 10 4 23 31 20 6 3 12 5 22
16 18 4 3 14 6 5 11 8 1 15 24 19 2 9 17 32 7 13 31 26 30 23 10 22 27 20 12 25 21 29 28
30 6 25 18 22 19 23 7 11 28 21 29 13 20 26 10 17 3 8 14 5 32 27 24 2 9 4 12 31 1 15 16
15 22 14 16 21 7 19 9 6 13 18 10 26 1 28 30 4 5 3 20 2 11 32 23 12 29 8 31 17 25 24 27
13 32 8 12 6 21 28 15 25 3 9 24 7 23 31 20 26 11 5 30 10 2 29 14 19 17 16 27 1 22 18 4
7 9 23 14 24 5 3 6 16 20 21 8 27 19 11 29 10 25 31 28 22 30 18 26 1 32 12 13 4 2 17 15
23 7 11 2 3 12 10 27 4 25 31 1 14 26 15 13 19 20 22 16 18 5 30 6 17 8 32 24 21 9 28 29
16 28 13 32 12 15 27 2 21 5 10 3 20 18 25 8 30 23 29 31 24 9 22 17 7 1 11 6 19 26 4 14
30 29 3 20 17 21 23 16 8 7 26 25 4 31 2 14 15 10 6 1 13 12 27 19 18 22 9 5 32 28 11 24
1 2 10 22 19 9 11 20 26 25 4 21 17 28 18 6 23 7 12 14 5 16 13 3 15 24 30 31 29 27 8 32
17 23 24 4 13 18 26 32 11 29 9 16 28 22 20 3 14 19 5 2 27 7 12 1 25 31 15 8 30 10 6 21
9 8 21 30 32 5 25 27 12 16 18 7 14 10 28 4 31 22 26 17 20 1 29 24 6 23 19 3 15 11 2 13
11 26 31 1 4 8 5 22 25 14 13 32 29 7 19 17 12 30 28 27 10 15 21 2 20 6 18 16 9 3 24 23
18 15 19 14 11 29 12 24 28 21 4 30 32 6 8 27 5 26 13 16 31 25 1 9 22 10 20 2 23 7 17 3
28 20 11 27 7 22 8 16 17 9 1 10 13 25 12 15 32 6 4 3 2 19 30 23 29 18 26 24 5 21 31 14
6 11 28 18 26 15 10 32 3 17 29 8 12 16 9 30 7 19 31 4 25 24 23 21 1 27 2 13 20 14 5 22
15 31 20 13 17 2 30 12 28 18 22 6 26 23 25 7 8 11 3 32 24 5 9 19 21 16 4 14 10 1 29 27
12 13 3 11 32 16 29 2 31 24 9 25 19 20 7 8 10 5 22 30 26 15 18 14 6 17 23 27 1 21 28 4
22 20 25 12 19 6 3 13 1 8 15 14 27 9 2 16 11 18 29 10 17 4 32 24 23 21 5 7 26 28 30 31
13 8 14 29 21 12 1 4 6 26 2 5 7 15 18 9 32 3 17 27 28 30 22 31 16 11 23 25 20 10 19 24
28 26 8 16 30 3 27 20 12 5 31 29 4 10 15 14 19 6 24 7 18 13 11 21 22 2 17 9 32 25 23 1
7 15 10 5 28 22 19 18 4 3 14 24 32 1 11 27 12 21 6 26 30 2 25 17 20 29 8 31 23 9 13 16
23 16 5 31 22 7 11 29 17 21 28 1 2 18 6 10 15 26 14 3 20 19 32 4 27 9 24 12 25 8 30 13
30 28 4 27 3 18 31 9 26 1 7 25 22 19 23 16 17 8 2 14 13 11 21 15 29 10 20 6 5 12 24 32
11 7 13 30 18 19 32 25 8 28 10 9 24 6 31 15 4 5 12 1 22 16 20 3 23 14 2 27 17 26 29 21
1 9 20 11 12 16 26 22 4 7 18 14 13 25 8 27 30 10 29 32 2 15 19 23 17 21 5 24 31 3 6 28
19 20 10 14 11 17 28 21 3 9 26 29 27 22 12 6 23 25 13 16 31 4 24 2 18 1 32 8 30 7 5 15
6 11 25 18 24 32 23 15 16 13 21 30 12 28 19 14 5 22 4 20 17 1 10 9 7 8 26 2 3 27 31 29
17 22 14 12 13 24 8 28 1 3 10 5 25 16 7 4 26 21 2 31 29 32 9 23 27 6 30 20 15 11 18 19
18 2 11 4 6 8 5 24 12 21 14 3 20 29 9 17 7 23 26 28 30 25 22 10 15 27 19 13 1 32 16 31
15 16 23 5 7 29 10 32 25 20 13 24 28 1 26 3 31 30 8 2 4 12 11 6 21 17 18 14 9 22 19 27
9 23 21 13 28 12 30 7 11 17 4 32 29 31 20 10 15 18 3 1 27 5 25 26 2 24 16 6 19 14 8 22
12 31 5 29 24 8 6 20 10 14 15 21 32 7 25 11 30 22 28 4 26 2 13 19 16 18 3 27 23 9 17 1
16 24 19 22 27 15 12 29 31 8 6 1 13 26 28 9 5 7 17 20 25 30 18 14 23 32 4 2 10 21 11 3
12 13 3 27 32 21 25 6 8 26 7 5 22 9 16 20 1 11 24 14 17 28 23 15 18 10 19 31 29 2 30 4
6 29 19 3 8 32 26 16 17 18 22 24 14 2 23 13 12 30 5 31 10 25 27 9 20 21 11 7 15 1 4 28
5 32 31 16 30 9 14 18 25 13 28 1 4 15 2 7 11 19 6 27 20 8 12 17 29 22 26 24 3 10 23 21
1 20 25 32 6 7 23 12 11 21 29 9 19 10 18 30 26 3 22 17 2 24 13 4 27 8 15 16 5 28 31 14
9 22 28 1 18 17 3 11 31 24 26 30 12 23 15 27 10 6 14 4 13 32 20 21 7 16 5 25 19 8 2 29
23 26 11 31 27 24 1 4 12 28 15 3 29 6 8 9 19 21 13 10 22 7 32 2 17 14 18 20 30 25 5 16
22 28 23 12 4 3 29 27 26 5 18 10 2 25 19 7 14 8 17 32 31 1 30 24 21 6 20 13 9 11 16 15
18 11 5 29 21 2 27 9 6 1 13 25 24 7 23 8 17 20 31 30 10 16 19 14 15 22 4 3 26 12 28 32
17 15 13 22 19 6 11 24 10 16 21 32 20 2 28 4 7 5 29 3 26 12 23 1 25 27 30 8 31 9 18 14
28 24 20 30 12 16 32 15 3 14 7 9 13 26 6 17 31 10 8 2 29 25 21 23 1 18 11 27 5 22 19 4
30 2 21 13 17 19 31 22 1 26 14 5 7 20 11 6 8 23 12 28 18 15 29 3 16 10 9 25 4 32 24 27
13 28 25 5 11 29 8 2 17 7 6 21 32 22 12 3 4 26 24 10 27 30 18 9 23 31 16 20 1 14 15 19
15 31 24 27 22 12 23 6 21 9 18 8 4 29 16 10 26 25 28 14 2 5 11 19 20 17 32 7 30 3 13 1
7 8 19 4 32 15 28 12 16 29 22 10 25 18 2 14 11 5 26 20 30 1 27 6 17 24 3 9 31 21 23 13
23 9 14 3 13 21 12 29 28 8 4 30 20 1 7 11 32 19 22 31 25 27 24 6 18 2 5 16 10 26 17 15
19 20 4 16 21 18 6 32 11 3 26 8 13 9 25 30 10 22 31 1 28 12 29 17 7 23 2 14 15 27 5 24
7 23 3 2 24 8 19 16 12 17 9 1 14 31 18 20 5 10 4 26 13 28 30 21 27 32 15 6 29 25 11 22
18 32 8 3 7 29 26 21 25 20 13 6 12 28 15 9 30 11 5 17 27 4 22 24 2 1 19 14 31 10 23 16
13 11 23 32 18 22 25 4 8 5 6 10 27 1 12 14 19 7 3 30 29 24 20 15 21 31 26 16 9 2 17 28
30 22 11 31 14 5 6 7 16 9 21 24 19 10 26 13 15 25 29 27 20 2 32 4 1 8 17 12 23 28 18 3
5 13 14 18 12 32 23 27 26 7 31 30 29 15 20 6 8 3 2 16 25 11 19 10 22 21 24 9 17 28 4 1
9 26 10 5 8 6 14 11 31 18 15 32 22 16 7 20 12 21 13 3 4 1 25 19 17 2 23 24 30 27 28 29
15 20 28 13 14 24 19 18 11 16 2 30 25 9 26 4 7 5 8 10 17 32 21 23 29 27 12 6 3 1 31 22
23 13 19 11 27 3 6 9 10 20 4 14 28 29 8 15 31 26 5 16 22 2 18 17 7 21 24 12 1 25 30 32
16 15 13 2 21 9 12 7 4 5 22 6 20 19 25 17 11 3 29 28 30 8 27 10 1 14 23 31 32 26 18 24
17 9 4 16 13 5 28 15 25 18 31 3 29 6 2 11 10 30 14 20 26 7 32 1 22 24 12 8 23 21 19 27
7 2 14 4 11 6 10 12 16 3 28 29 24 22 18 30 17 25 26 32 31 1 19 9 27 23 5 13 20 8 15 21
30 26 11 31 28 21 8 27 1 29 15 9 22 18 16 7 5 23 12 10 25 32 24 4 2 6 3 20 17 14 13 19
5 22 31 18 30 15 1 24 26 28 29 21 32 10 6 3 23 8 4 14 17 27 13 2 25 9 20 7 19 12 11 16
19 29 25 27 32 12 26 22 28 14 7 1 17 15 31 8 4 6 24 2 20 13 23 21 18 16 30 9 10 11 5 3
1 31 28 29 22 32 30 18 12 21 10 24 26 16 19 13 14 20 2 3 5 11 9 6 23 8 17 27 25 7 4 15
28 24 10 1 7 18 29 25 31 17 26 32 19 23 9 16 15 21 22 27 4 30 12 14 20 11 2 6 5 3 8 13
