5272 5125 5060 4629 4419 4388 4001 3802 4062 4001 3853 3722 3479 3190 3225 3297 3133 2899 2833 2649 2200 2277 1491 909 995 878 911 872 820 787 716 681 659 651 563 556 472 462 395 341 385 333 323 317 270 261 235 197 213 191 176 179 162 155 154 139 113 112 100 91 84 87 76 75 64 59 54 53 51 48 42 38 37 30 31 27 30 26 23 18 21 19 17 16 14 14 12 11 11 11 10 9 7 8 7 6 6 5 5 5 4 4 4 3 3 3 3 2 2 2 2 2 2 2 1 1 1 1 1 1 1 1 1 1 1 1 1 1
14 16 6 17 2 4 9 19 18 10 11 23 12 7 22 8 3 5 24 15 21 13 1 20
6 3 7 18 14 24 8 12 1 16 10 17 11 19 2 15 21 13 20 22 4 23 9 5
23 15 18 1 24 10 4 3 16 19 17 9 8 2 13 21 5 20 12 6 14 22 11 7
5 8 1 11 3 14 24 20 13 7 22 6 9 16 15 2 4 21 19 12 18 17 10 23
24 14 5 13 6 19 15 1 4 23 8 22 10 21 11 3 2 7 18 17 20 16 12 9
4 7 19 16 23 6 20 5 21 1 9 10 17 18 3 24 11 15 22 14 8 12 2 13
2 9 17 23 12 3 21 14 20 6 16 11 7 22 19 1 18 10 5 13 15 4 24 8
11 17 12 21 4 15 1 2 6 14 20 7 5 3 24 19 8 22 16 23 9 10 13 18
21 24 11 2 20 13 23 16 8 22 12 14 3 6 7 4 10 19 9 5 1 18 15 17
1 13 4 14 5 18 7 10 12 17 19 3 22 20 6 23 24 11 8 9 2 15 16 21
22 2 20 15 18 12 13 17 9 21 5 19 14 11 1 16 6 23 10 8 7 3 4 24
12 22 8 19 7 5 17 24 15 2 1 21 18 13 14 6 20 4 23 10 16 9 3 11
16 21 15 24 17 22 2 9 3 11 14 13 20 23 5 12 7 8 1 4 6 19 18 10
10 4 23 9 16 20 3 15 24 12 7 5 1 14 8 22 17 2 13 18 11 6 21 19
3 5 13 20 15 1 22 23 19 8 21 2 6 10 18 17 9 24 11 16 12 7 14 4
17 18 16 4 8 21 6 11 23 15 2 24 19 1 9 10 12 3 14 7 13 20 5 22
13 23 2 12 21 16 14 22 5 9 18 20 15 4 10 7 1 6 17 19 24 11 8 3
18 10 9 8 1 7 19 4 22 3 23 15 21 24 17 13 16 12 2 11 5 14 20 6
19 1 10 22 9 11 5 21 14 4 24 8 16 17 12 20 13 18 7 3 23 2 6 15
9 11 22 6 2 23 10 8 7 18 13 4 24 12 21 5 19 14 15 20 3 1 17 16
15 20 7 3 13 2 18 6 11 5 4 12 23 9 16 14 22 17 21 24 10 8 19 1
20 12 3 7 19 8 9 18 10 24 6 1 13 5 23 11 15 16 4 2 17 21 22 14
7 19 24 10 11 9 12 13 17 20 15 16 4 8 3 18 14 1 6 21 22 5 23 2
14 6 21 5 10 17 11 7 16 13 22 18 2 15 4 8 23 9 3 1 19 24 20 12
8 6 14 21 22 24 16 18 2 12 3 23 4 15 20 9 13 10 11 1 19 5 7 17
14 19 5 17 12 3 16 7 13 11 20 18 2 8 4 1 10 9 6 15 22 24 21 23
8 20 14 5 3 17 11 13 2 18 16 24 12 19 22 9 15 1 21 6 4 10 23 7
6 17 21 1 11 9 16 7 24 20 8 23 5 15 18 3 14 22 13 12 10 4 19 2
10 6 1 11 14 7 4 19 17 16 15 22 23 9 24 2 3 18 5 21 20 12 13 8
16 11 24 18 22 8 1 12 4 13 10 6 2 5 20 9 23 17 3 15 19 7 14 21
15 23 6 13 4 2 19 21 12 14 9 5 3 10 11 8 7 24 1 22 17 20 16 18
18 4 14 23 10 20 21 6 2 15 12 11 9 3 8 1 17 5 19 24 22 16 7 13
14 19 23 17 6 12 20 5 11 1 4 3 21 24 2 15 22 7 16 13 18 8 9 10
20 21 1 10 3 6 24 8 16 22 17 13 4 7 5 19 2 9 23 18 14 11 12 15
3 10 5 16 12 9 18 15 20 24 22 7 13 2 1 4 8 19 14 23 21 6 17 11
8 3 22 13 19 10 9 4 6 5 7 16 17 12 21 23 20 11 15 1 24 2 18 14
6 8 7 20 11 22 13 1 23 21 16 15 12 14 17 24 18 2 10 5 9 3 4 19
7 14 12 2 13 21 15 3 1 8 5 20 10 16 4 18 11 17 22 6 23 19 24 9
5 12 13 18 22 16 23 11 10 17 3 9 24 19 6 2 4 14 20 7 15 21 8 1
15 18 10 22 14 1 5 9 13 2 11 21 16 17 19 8 12 3 24 20 7 23 6 4
11 9 21 5 24 3 10 18 19 6 13 2 15 4 14 20 7 8 12 17 1 22 23 16
13 8 6 17 5 11 12 24 3 4 21 23 2 15 7 16 9 18 1 19 10 14 22 20
1 5 17 21 20 4 3 22 9 19 15 10 7 23 8 14 24 16 13 12 11 18 2 6
4 7 2 24 16 19 11 23 1 10 20 14 22 8 18 13 6 21 3 15 17 9 5 12
19 22 18 10 6 23 17 14 21 8 24 7 9 13 12 1 16 20 4 11 5 15 3 2
8 16 24 11 21 13 22 20 5 2 9 18 1 19 10 7 3 23 6 14 4 12 15 17
12 6 3 14 15 8 16 17 22 18 23 21 19 20 1 10 4 5 11 2 9 7 13 24
22 9 20 1 18 15 10 13 7 21 11 5 24 14 16 6 17 12 19 4 3 8 2 23
9 13 19 23 24 7 4 10 12 11 18 20 2 22 15 14 8 1 17 16 6 5 21 3
17 1 15 6 4 24 5 8 2 7 12 9 16 23 22 3 11 13 14 10 21 19 18 20
21 12 4 16 14 5 3 7 8 13 10 22 6 11 9 20 19 15 24 2 18 17 23 1
22 15 16 8 2 17 18 6 10 3 1 23 14 9 13 11 12 24 5 20 19 21 4 7
5 18 10 22 23 11 7 1 15 17 8 14 20 12 19 21 9 4 2 24 16 6 3 13
10 17 1 23 20 21 9 16 19 24 14 12 5 7 4 22 15 3 8 13 11 2 6 18
19 10 18 15 22 23 20 12 17 1 3 2 11 5 21 6 24 7 9 16 13 14 8 4
14 20 2 6 11 1 8 5 3 15 21 13 10 4 17 16 22 12 18 23 24 9 7 19
11 22 12 1 10 15 16 20 21 6 7 8 13 17 2 9 18 19 23 4 14 3 24 5
18 14 13 4 19 22 12 21 9 7 2 10 8 1 5 15 16 6 20 11 3 23 17 24
13 16 8 10 18 3 23 7 5 20 6 11 17 15 12 4 2 14 21 19 1 24 9 22
3 6 5 17 4 12 21 9 22 13 20 18 11 2 16 24 14 23 10 1 15 7 19 8
24 19 14 2 12 7 13 11 20 5 4 15 3 16 17 8 18 10 1 21 9 6 22 23
12 24 21 20 3 8 22 19 13 17 5 1 6 7 14 2 23 18 16 9 4 10 11 15
15 5 24 11 16 20 6 13 18 23 22 9 7 17 4 10 3 2 19 14 8 1 12 21
8 3 19 24 10 16 2 21 4 14 13 5 12 22 11 7 1 20 6 18 23 15 17 9
6 2 14 21 17 19 15 1 7 4 12 8 23 24 22 13 20 9 3 10 11 18 5 16
1 8 7 14 5 9 11 23 6 18 24 22 10 19 16 3 4 17 13 12 21 20 15 2
10 23 15 18 20 2 1 3 11 21 8 12 9 16 24 19 5 13 4 14 22 17 7 6
7 14 4 5 6 10 19 24 15 22 18 23 8 11 9 1 16 3 20 17 2 21 13 12
21 7 10 20 23 13 24 6 3 19 16 14 4 2 5 9 15 1 17 11 12 8 22 18
4 9 24 12 22 5 10 20 16 8 7 18 19 13 2 15 17 21 23 1 6 3 14 11
16 13 20 21 7 6 18 12 17 1 11 2 24 9 23 8 14 4 10 15 5 22 19 3
9 12 6 24 13 16 3 4 8 20 19 17 5 23 10 2 22 15 1 21 14 11 18 7
14 17 8 2 16 3 7 22 12 13 15 11 18 24 20 4 9 19 21 5 10 1 6 23
5 2 3 1 9 19 23 8 13 10 17 21 20 22 15 24 6 11 16 7 18 14 12 4
17 1 4 10 24 8 12 13 22 23 6 16 21 15 18 14 11 7 5 19 3 20 9 2
11 4 7 12 14 24 16 9 21 15 20 3 19 10 13 23 8 5 6 2 22 18 1 17
20 16 12 18 11 13 7 17 24 3 23 10 15 6 14 5 19 22 8 9 21 2 4 1
22 24 18 8 15 17 21 4 6 9 3 7 14 1 19 10 20 23 13 12 11 5 2 16
17 7 19 21 3 20 13 14 11 5 10 22 9 12 1 18 4 16 2 15 8 23 24 6
24 15 21 2 10 11 8 5 20 4 17 12 3 19 16 6 1 14 22 18 23 9 7 13
13 22 14 4 19 7 5 16 9 12 2 1 17 23 10 11 6 15 18 3 20 24 8 21
6 18 21 15 2 22 4 12 7 14 1 19 10 5 24 20 11 13 9 23 16 17 3 8
3 5 22 18 7 4 9 10 1 24 21 15 8 13 23 16 2 14 19 20 6 12 11 17
8 17 16 11 6 2 22 19 10 13 14 23 24 4 9 21 15 20 3 7 1 18 5 12
14 3 2 24 5 6 19 11 18 23 4 9 16 10 15 13 8 21 7 17 12 22 1 20
7 20 15 10 18 3 23 8 21 11 5 6 4 1 12 22 17 2 16 13 14 24 19 9
11 23 13 6 4 15 1 17 5 10 3 8 12 20 21 19 14 16 24 18 2 9 22 7
16 19 3 1 12 9 21 6 17 2 20 13 23 11 22 15 7 10 5 4 18 8 24 14
15 13 6 14 4 17 3 22 19 5 24 12 2 9 18 7 16 1 8 20 21 10 23 11
24 2 5 12 17 16 11 13 15 19 7 8 20 22 4 3 18 9 23 1 10 14 6 21
1 6 14 20 13 10 8 18 4 7 15 17 3 2 19 23 24 5 21 16 9 11 12 22
5 1 18 21 24 12 16 11 13 9 23 14 19 7 2 20 22 3 17 10 4 6 15 8
8 12 2 17 22 11 6 5 20 18 9 19 1 15 16 24 3 14 10 4 13 23 21 7
10 18 1 8 20 6 12 14 16 15 17 3 21 4 13 9 23 11 2 19 22 5 7 24
7 5 23 22 3 21 24 9 11 6 14 13 4 10 1 16 19 8 18 2 15 20 17 12
9 3 24 5 10 15 19 12 22 8 4 6 14 16 23 11 7 20 1 21 2 17 13 18
17 19 18 13 16 24 20 3 10 14 6 23 5 11 15 4 2 7 22 12 8 21 9 1
6 9 19 11 13 2 15 16 24 4 10 21 22 17 14 18 1 23 7 5 20 8 12 3
12 23 22 6 5 3 4 8 7 2 1 16 18 24 21 13 9 10 14 17 19 15 11 20
4 24 21 1 7 20 18 19 17 3 2 9 8 22 10 6 11 16 13 14 23 12 15 5
15 20 13 24 14 5 23 10 8 11 7 1 2 19 9 22 17 6 4 21 12 3 18 16
20 17 9 2 18 4 16 6 12 22 21 15 10 1 24 14 8 13 19 7 5 11 3 23
5 13 7 12 6 11 22 17 18 10 9 21 16 15 8 2 20 19 3 23 14 1 24 4
3 10 15 14 19 17 20 13 1 24 8 6 23 2 12 5 7 4 9 18 16 21 22 11
22 8 2 17 12 19 24 9 4 18 11 3 7 23 20 15 16 5 1 10 13 6 21 14
16 7 5 6 11 21 9 18 19 17 15 12 24 8 22 13 4 1 14 23 3 10 2 20
21 9 12 10 15 4 6 5 22 23 16 19 17 3 20 24 14 2 7 11 18 8 1 13
19 12 16 13 2 9 21 22 5 6 4 14 1 24 23 8 15 11 10 7 20 17 18 3
13 22 10 21 18 12 11 24 20 4 1 2 9 7 16 19 3 17 8 5 6 14 23 15
11 8 6 20 23 10 19 21 13 18 12 17 15 9 14 7 22 3 2 4 24 1 5 16
9 23 24 2 17 8 1 3 11 15 7 10 21 12 13 18 19 20 4 14 16 5 6 22
4 20 23 24 13 7 5 10 3 8 19 14 22 16 2 11 18 15 6 21 12 9 17 1
6 10 3 14 2 5 4 11 7 22 24 1 23 17 12 16 15 21 13 18 19 20 8 9
17 2 4 18 14 20 10 8 15 24 13 16 12 19 11 21 6 23 22 1 9 3 7 5
20 19 9 5 16 22 15 17 10 14 8 23 3 6 18 1 24 4 21 12 11 2 13 7
19 3 8 22 12 16 20 14 6 1 10 15 21 13 9 4 7 2 18 17 23 11 5 24
9 12 16 1 5 10 15 18 24 6 11 13 4 20 8 7 14 17 2 19 21 23 22 3
11 8 15 17 7 19 3 5 16 12 23 18 9 6 10 14 4 22 1 13 20 21 2 24
1 17 13 5 6 7 20 22 10 3 9 2 15 11 16 8 24 14 21 4 18 12 23 19
13 9 14 4 3 17 11 12 16 5 8 19 6 7 15 22 2 20 24 10 1 23 21 18
16 7 6 10 19 8 4 9 12 2 21 13 17 24 22 23 1 11 3 5 15 18 14 20
7 19 8 12 15 22 5 13 6 21 17 3 4 9 2 1 16 24 10 20 23 14 18 11
3 16 5 11 10 9 19 6 24 7 2 12 1 20 21 4 23 8 18 14 22 17 13 15
19 6 16 20 22 2 21 24 11 4 23 18 5 13 1 3 8 9 17 7 14 15 10 12
24 3 2 22 17 16 12 19 21 1 15 23 7 8 18 9 20 4 5 13 11 10 6 14
20 13 10 21 24 12 23 16 1 11 4 22 18 15 14 5 17 6 19 3 8 2 9 7
21 22 7 13 16 24 1 18 20 15 6 17 14 2 23 19 9 5 8 12 10 11 3 4
22 20 12 1 23 15 18 21 8 17 14 9 24 10 13 11 3 16 4 2 5 7 19 6
