1921 1412 1225 1168 836 578 574 394 445 313 248 193 143 132 99 61 69 45 38 25 18 17 13 8 6 5 4 3 2 2 1 1 1
1 6 3 2 4 7 5
3 2 1 5 7 4 6
6 3 2 4 1 5 7
1 4 5 7 2 6 3
2 5 6 4 3 1 7
5 1 4 6 7 2 3
4 7 2 5 6 3 1
7 5 6 1 3 2 4
5 2 7 3 4 1 6
4 1 3 6 5 7 2
6 5 7 1 2 3 4
2 3 4 5 7 6 1
5 3 1 2 6 7 4
3 7 6 4 5 2 1
1 7 5 3 4 6 2
7 2 3 1 6 5 4
7 3 6 4 2 1 5
2 5 3 1 6 7 4
3 7 4 6 2 5 1
2 5 1 6 7 3 4
1 5 3 6 4 7 2
7 4 5 2 6 3 1
3 1 6 4 7 5 2
1 7 3 2 4 6 5
3 5 6 2 4 7 1
1 5 7 2 6 3 4
3 7 1 2 4 6 5
1 7 5 4 6 3 2
3 1 7 4 6 5 2
3 4 1 2 6 7 5
1 7 6 4 5 3 2
1 7 4 2 6 3 5
3 1 7 4 5 6 2
