56477 60461 44921 49827 44921 48163 38941 38714 35752 34064 28327 30227 26590 22832 23421 23627 21331 20019 17641 16220 16551 16220 14490 14608 13197 11941 11950 12076 10938 11232 10857 10235 9501 8611 8520 7898 7572 6806 6201 5612 5335 4911 4619 4237 3691 3977 4043 3682 3468 2810 3023 3010 3044 2748 2510 2479 2575 2358 2224 2149 2008 1931 1728 1632 1567 1404 1479 1274 1207 1180 1097 1096 996 920 875 761 817 694 717 658 595 592 535 478 511 489 470 453 393 347 348 367 337 296 271 251 265 248 243 220 211 182 188 177 159 160 140 145 136 130 114 111 115 106 100 92 87 83 75 68 69 62 61 57 55 54 50 46 43 43 39 38 35 34 31 28 29 27 27 24 26 21 22 20 20 18 18 16 15 14 13 13 11 11 11 10 10 9 9 9 8 7 7 6 7 6 6 5 5 5 5 4 4 4 3 3 3 3 3 3 2 2 2 2 2 2 2 2 2 2 1 1 1 1 1 1 1 1 1 1 1 1 1 1 1 1 1 1 1 1 1
38 18 20 44 45 36 32 48 13 19 16 26 30 21 10 23 22 40 11 47 4 25 24 2 46 33 37 1 14 42 6 41 17 8 43 12 7 9 3 5 29 35 15 39 34 27 28 31
16 11 5 10 15 46 40 4 32 30 29 33 9 37 17 24 22 36 41 1 34 23 7 6 44 35 12 21 19 27 31 20 48 45 38 13 26 28 25 39 14 47 43 18 8 3 2 42
7 42 38 40 45 20 36 41 8 16 14 13 26 46 9 2 22 17 35 3 15 18 12 34 4 1 27 44 47 23 19 21 32 28 10 43 11 37 6 31 48 30 5 39 24 33 29 25
18 3 10 44 11 29 40 19 34 21 32 26 16 36 28 45 24 47 30 46 22 5 6 41 12 25 37 1 23 7 2 15 8 39 20 31 38 17 9 33 35 27 14 42 43 4 13 48
41 7 31 23 48 47 45 10 4 5 35 25 21 29 16 20 19 11 33 2 13 42 8 34 37 24 44 46 14 15 18 28 12 30 26 43 6 36 17 39 3 9 1 32 38 27 40 22
3 36 38 45 39 21 1 27 22 17 33 23 46 16 42 34 15 40 2 9 35 44 5 48 14 4 13 28 26 10 24 41 7 25 6 29 18 19 20 32 47 31 12 8 37 43 11 30
23 19 45 11 36 12 40 48 35 38 28 47 9 17 29 43 46 34 31 21 15 30 33 2 4 26 20 13 8 42 22 27 37 6 39 3 7 16 14 10 18 32 44 24 41 1 25 5
4 10 20 38 26 5 19 8 3 40 16 43 32 13 2 46 27 29 25 24 6 15 35 21 39 33 36 34 17 12 37 48 47 1 41 42 45 18 22 23 30 44 7 31 11 9 28 14
35 9 1 40 7 38 32 31 28 45 14 24 10 30 44 2 17 20 22 4 3 36 18 39 13 21 5 27 16 47 48 43 46 8 15 6 34 37 26 29 11 23 25 12 42 19 33 41
10 18 21 41 28 36 17 24 31 13 44 1 26 25 30 16 34 43 37 3 14 40 27 33 8 20 42 7 2 11 12 29 23 4 46 32 19 9 15 48 45 35 6 39 22 38 5 47
38 8 17 3 40 10 33 42 29 26 11 13 31 1 48 15 5 47 4 27 41 25 28 30 20 2 46 14 21 7 36 18 44 39 43 12 23 37 6 19 32 45 34 35 24 22 16 9
19 46 40 16 18 23 9 15 2 37 22 42 14 35 32 44 38 4 33 31 36 29 47 41 7 1 6 39 12 30 20 26 43 11 48 13 3 5 28 45 17 10 24 25 8 21 34 27
7 41 39 33 15 20 5 25 14 3 43 11 9 19 10 42 23 17 40 8 24 34 26 4 46 13 2 35 44 21 1 16 32 28 45 37 12 38 31 30 48 29 22 18 27 6 47 36
43 31 27 4 45 29 20 41 21 38 32 26 23 6 35 22 24 8 11 47 2 18 7 19 44 48 12 17 1 33 28 15 16 13 9 14 5 34 25 39 3 30 40 37 10 46 36 42
8 45 5 15 17 44 25 43 40 27 29 38 30 37 13 20 41 10 35 14 33 1 26 11 19 47 34 16 23 36 6 3 18 12 39 22 24 48 7 31 28 9 21 42 32 4 46 2
46 7 16 34 41 45 10 4 44 31 40 29 38 8 5 35 22 20 17 48 27 9 12 36 26 6 24 11 14 3 30 19 15 33 37 39 43 28 32 1 21 13 47 23 42 18 2 25
9 35 22 2 12 33 40 11 13 6 17 32 26 20 24 10 36 1 47 45 39 8 48 29 28 38 21 44 4 42 16 25 30 14 19 31 41 34 5 23 18 15 27 46 7 3 43 37
39 25 31 44 46 30 35 7 8 40 27 12 5 36 17 38 13 11 2 10 37 45 6 1 48 23 15 24 22 19 26 47 9 18 28 43 32 20 3 16 14 33 42 4 41 34 21 29
28 17 18 7 44 26 39 10 48 1 19 25 32 46 9 27 30 21 12 40 41 3 4 8 42 24 20 37 16 23 13 6 5 11 43 45 34 36 2 22 35 47 14 15 38 33 29 31
12 42 2 41 31 16 6 48 30 45 33 7 21 35 3 47 37 43 20 11 25 14 24 32 15 39 19 9 10 1 27 36 28 26 29 46 38 8 18 5 4 40 23 13 17 22 34 44
18 40 41 20 48 17 33 24 46 5 9 39 19 29 26 11 3 13 22 1 28 43 35 6 36 25 37 31 47 34 14 21 42 45 23 2 7 32 4 10 27 16 8 30 12 38 44 15
36 33 38 6 23 24 45 27 1 26 18 16 29 17 39 42 4 40 46 13 14 34 20 22 12 3 32 19 8 28 44 30 7 10 15 48 25 11 9 21 47 31 43 2 37 5 41 35
9 31 25 38 36 10 29 44 35 16 46 34 47 39 48 40 33 22 45 27 2 42 28 24 20 26 43 4 15 11 30 23 12 6 41 1 13 7 14 18 32 37 5 3 19 8 21 17
38 8 40 24 7 12 32 5 4 21 11 28 10 6 42 45 13 36 31 26 34 9 33 18 30 2 3 47 39 35 46 16 37 20 48 25 44 22 23 41 29 27 15 19 43 1 17 14
24 38 20 26 14 48 36 8 21 47 15 42 31 30 25 39 40 34 23 12 29 11 27 10 46 13 35 44 18 37 2 1 22 16 9 3 4 17 6 43 5 45 7 32 28 19 33 41
35 41 45 40 37 18 22 26 31 29 13 27 4 19 15 34 10 48 11 5 42 20 8 30 44 21 17 3 2 7 6 28 24 25 38 14 33 43 47 12 16 23 32 1 39 9 36 46
12 15 14 16 39 6 1 2 29 38 22 8 3 13 40 23 34 21 41 42 20 31 18 5 37 35 27 43 25 24 47 46 33 19 10 28 45 44 7 32 30 48 11 17 26 36 4 9
31 1 21 12 44 14 17 42 19 13 35 43 45 41 36 24 25 18 37 8 47 15 40 2 7 6 48 34 30 27 38 20 26 23 5 4 9 46 29 28 39 3 33 10 22 32 16 11
13 23 10 25 40 38 8 6 42 33 7 46 28 1 2 5 29 9 30 32 43 36 31 39 15 11 41 14 34 47 19 18 17 4 44 12 27 16 24 48 45 26 20 22 35 21 3 37
43 18 48 3 21 20 47 38 15 19 24 9 14 16 32 22 1 8 13 2 4 30 42 23 40 37 44 17 29 46 33 10 45 39 26 36 12 41 31 25 11 5 35 7 34 28 6 27
4 46 24 39 27 7 44 11 10 3 43 33 2 25 34 15 18 26 40 38 6 17 29 36 41 31 42 16 19 12 20 48 1 8 45 37 23 9 22 35 21 32 28 5 30 47 14 13
15 10 5 34 13 40 43 19 27 37 42 11 16 20 46 4 38 23 29 30 24 25 44 3 33 48 39 35 17 21 9 14 47 41 12 8 28 18 45 31 2 36 1 6 32 26 7 22
8 7 17 11 28 21 19 36 2 39 34 25 42 37 29 20 5 15 3 43 35 4 47 27 32 14 46 38 26 48 22 24 31 30 18 23 6 45 41 33 44 9 12 13 10 1 40 16
41 3 25 46 26 5 2 31 22 44 32 7 8 47 30 48 37 10 18 14 19 40 1 9 24 33 36 21 28 39 12 15 16 38 6 42 29 20 43 17 4 11 34 35 27 23 13 45
32 22 34 10 24 46 20 17 11 35 12 47 41 3 9 1 23 29 4 26 30 39 7 42 19 28 16 33 21 15 36 27 43 40 37 13 8 2 5 18 38 14 6 48 45 31 25 44
19 11 2 43 17 41 24 9 3 18 4 40 12 34 13 10 36 20 21 22 33 8 45 48 39 44 6 25 42 31 28 26 23 1 35 7 5 37 16 29 27 30 15 14 38 46 32 47
23 4 40 35 15 34 29 7 25 36 16 30 11 48 20 43 42 19 14 1 27 2 9 17 38 22 18 41 33 10 37 21 24 32 46 6 3 47 26 5 13 28 45 31 12 8 44 39
29 25 42 15 46 35 9 23 33 17 28 26 37 40 38 13 11 47 6 4 8 18 16 41 22 24 27 48 10 20 21 39 12 34 19 32 2 44 30 14 36 7 31 1 3 43 45 5
39 17 38 40 23 36 45 16 30 22 14 34 9 29 7 47 24 13 27 6 3 5 15 19 28 4 2 11 43 1 48 12 8 26 33 41 31 25 20 21 18 10 44 37 32 35 46 42
16 38 18 2 11 47 40 10 28 27 17 23 21 39 3 41 22 1 37 48 12 6 4 34 26 15 20 24 45 36 13 43 44 8 29 42 19 7 25 30 32 35 14 46 5 33 9 31
7 9 22 28 10 29 6 43 46 1 44 27 31 12 17 24 30 16 40 47 15 33 42 11 25 39 21 19 35 34 18 41 48 13 38 45 26 36 14 32 20 4 8 23 37 2 5 3
10 19 45 20 31 44 15 21 34 9 42 24 4 30 26 35 27 17 41 40 36 14 5 33 48 16 13 37 2 23 3 1 38 25 39 46 43 8 32 12 28 47 22 18 7 6 11 29
22 40 43 38 19 30 36 31 24 45 18 12 10 46 44 16 17 8 20 27 14 21 48 4 13 47 34 9 42 33 3 29 5 6 28 1 7 32 15 39 35 37 23 26 11 41 2 25
28 16 1 6 48 18 25 44 14 5 13 38 30 8 47 40 3 43 11 42 22 31 23 24 4 20 19 7 33 35 26 36 46 45 9 39 27 41 12 10 37 32 21 15 17 34 29 2
30 6 14 26 12 34 18 37 44 43 47 42 5 19 35 27 16 40 9 10 46 3 31 21 8 23 1 36 29 41 45 11 28 7 15 25 33 17 24 22 2 13 32 4 39 38 20 48
46 8 16 7 22 40 1 48 13 33 19 39 44 17 25 41 10 21 31 45 12 9 6 32 42 26 37 27 34 20 18 47 30 28 29 3 4 38 2 43 14 36 11 24 35 5 23 15
26 35 20 18 45 38 5 43 48 37 23 8 47 34 21 39 46 4 2 24 42 1 40 6 14 3 30 13 15 19 29 12 32 17 25 22 31 16 44 41 11 27 7 33 28 9 10 36
22 21 41 23 37 27 33 9 35 42 15 16 19 3 20 2 29 34 10 25 13 45 12 1 8 38 14 32 40 31 44 6 7 4 48 28 24 43 17 47 30 11 5 39 26 36 46 18
10 36 31 4 7 41 32 17 34 6 33 29 46 44 16 11 19 9 45 3 39 2 27 8 48 15 42 14 47 24 38 21 37 12 35 30 43 18 20 23 5 26 40 25 13 22 1 28
29 42 10 24 18 9 8 21 32 26 46 17 28 1 40 44 6 16 13 11 22 15 20 34 25 7 12 4 30 39 14 37 36 19 43 31 38 35 47 48 45 3 33 2 41 27 5 23
7 41 22 44 2 23 39 26 46 38 34 13 19 27 24 37 40 48 12 31 29 42 1 6 30 16 5 3 17 43 8 10 33 18 20 4 21 11 9 28 47 15 25 35 45 14 36 32
16 15 21 20 40 26 10 27 8 29 7 32 23 35 48 34 33 17 30 13 25 6 24 11 37 22 41 44 12 28 47 3 9 45 38 2 19 5 18 46 39 14 1 42 43 4 31 36
39 31 30 13 6 17 19 41 14 44 32 23 45 37 7 42 22 38 33 35 24 36 8 2 12 25 20 11 26 27 21 43 40 10 15 48 34 9 28 16 29 1 47 46 5 18 4 3
19 33 39 12 46 35 29 38 1 47 9 5 40 36 42 48 4 13 23 6 3 43 16 24 22 2 32 41 21 26 27 28 31 20 10 14 25 7 8 15 18 45 11 17 37 44 34 30
18 26 37 41 10 6 22 25 44 13 24 40 5 12 15 38 1 47 35 14 33 29 28 30 36 4 17 8 45 21 31 11 39 2 23 43 32 46 16 19 20 48 34 3 7 27 9 42
42 45 9 16 24 21 2 7 31 30 27 37 3 13 39 47 38 20 46 5 4 32 26 18 40 33 35 36 19 48 1 15 22 6 41 11 28 8 10 12 44 23 43 14 34 17 29 25
41 9 27 47 11 46 24 42 33 3 22 34 29 8 36 10 37 18 14 44 19 20 6 7 32 1 43 31 35 15 13 26 17 23 39 12 2 48 4 21 16 40 28 30 25 38 45 5
46 1 48 26 14 33 17 4 42 35 28 38 21 30 10 23 36 6 44 12 47 11 45 5 24 27 15 43 25 37 2 19 16 34 9 8 13 20 41 31 7 18 22 32 39 3 40 29
36 3 42 1 19 14 8 30 40 18 4 33 44 6 5 32 45 11 20 22 2 34 47 41 28 26 46 16 43 23 48 39 13 7 21 37 29 25 31 17 24 9 12 10 27 35 38 15
37 8 17 3 12 48 35 23 30 40 43 46 41 39 13 1 34 29 4 32 38 14 15 10 44 36 19 9 28 16 26 24 42 25 33 47 22 45 7 18 21 5 27 31 11 6 20 2
30 6 2 7 15 29 20 10 3 39 14 47 42 41 17 13 31 40 18 45 34 5 27 19 26 38 44 48 11 22 35 25 36 1 16 23 12 33 24 46 4 21 32 9 8 43 28 37
23 38 14 24 45 5 25 2 28 48 35 12 32 40 30 43 18 1 17 31 46 4 9 8 39 47 3 27 10 19 37 16 7 41 26 20 6 15 22 33 13 29 21 34 42 36 11 44
32 42 38 35 22 36 6 8 24 19 46 27 11 33 9 20 5 15 29 1 14 40 23 4 43 28 16 7 3 10 30 41 18 39 12 45 26 34 25 48 2 44 31 37 17 21 13 47
35 40 18 6 13 10 9 19 25 31 12 11 30 46 29 24 41 32 3 27 36 17 7 42 15 44 48 34 14 47 16 20 37 8 28 1 45 2 43 5 38 33 23 22 26 4 21 39
24 19 34 25 31 27 44 6 48 36 16 30 14 29 32 45 11 10 15 43 35 21 40 9 42 23 39 38 8 7 28 18 46 13 37 41 5 47 12 1 3 26 20 4 22 33 2 17
3 17 31 11 37 20 45 15 4 26 19 8 2 47 44 35 13 22 6 38 28 18 48 21 41 24 5 39 40 12 33 30 9 16 46 42 23 36 29 34 14 43 7 1 10 32 25 27
8 27 10 40 48 7 43 36 11 21 13 42 9 16 3 5 23 26 47 24 15 31 12 32 4 20 1 19 39 41 2 29 45 33 6 46 44 38 30 22 37 28 17 18 25 34 14 35
29 11 43 38 7 47 36 5 16 45 15 17 37 48 28 22 35 9 21 25 6 34 10 1 20 39 42 33 2 26 12 23 4 40 19 31 41 32 13 14 30 27 24 8 3 46 44 18
25 36 24 10 2 34 1 16 21 22 11 28 46 20 40 4 17 8 9 42 43 29 33 23 19 14 13 47 18 39 45 27 12 38 5 6 3 37 15 30 41 7 35 26 44 31 32 48
28 15 6 9 26 24 47 20 46 43 3 39 10 48 38 27 19 23 11 8 41 30 18 29 13 37 21 45 4 34 36 42 40 14 33 2 32 22 16 25 17 35 1 7 12 44 5 31
42 39 5 12 27 40 18 37 2 24 47 43 26 46 15 9 6 4 25 11 20 32 31 33 38 21 36 28 29 30 22 48 8 44 34 13 45 17 10 35 19 3 14 23 41 1 7 16
26 18 20 4 28 12 15 44 32 17 29 9 47 27 24 16 1 7 22 13 8 42 5 21 33 3 2 25 30 31 19 37 48 11 10 39 38 35 23 6 45 36 40 46 34 41 43 14
7 23 45 39 18 21 10 26 22 9 34 24 28 47 35 15 40 36 12 3 11 43 1 48 46 31 37 4 44 20 8 14 38 19 41 42 2 29 17 32 5 16 25 6 30 27 33 13
15 16 41 20 23 9 13 11 10 38 24 7 12 19 34 8 27 43 30 40 37 5 14 36 31 17 18 35 45 21 6 22 32 26 44 4 29 46 2 28 39 1 33 48 42 3 47 25
41 31 1 34 15 33 39 38 13 27 28 32 40 20 26 37 5 16 46 48 30 45 24 4 25 11 12 21 3 36 9 6 47 2 18 7 8 19 44 43 35 10 42 17 22 14 23 29
16 22 12 41 24 45 32 2 35 5 46 40 4 29 47 44 42 19 13 9 6 48 26 27 8 7 34 37 21 28 31 1 33 11 38 20 25 18 14 10 36 30 43 15 39 17 3 23
14 4 16 44 40 35 45 25 27 11 7 26 19 33 46 20 3 34 31 10 42 18 29 17 37 48 41 24 12 47 1 36 5 38 43 30 28 23 9 39 21 15 8 2 13 22 6 32
12 25 39 46 44 26 40 31 6 48 42 18 23 1 2 34 16 15 3 4 36 8 28 24 7 33 17 38 10 35 20 14 30 32 19 43 27 9 45 41 29 37 5 13 11 47 21 22
31 26 21 23 36 38 3 11 1 6 32 13 8 30 27 40 34 22 45 33 41 44 20 42 19 29 48 17 43 7 24 10 39 14 46 25 18 5 47 16 4 12 28 37 35 9 2 15
13 41 38 11 21 23 29 24 31 19 44 33 5 6 42 48 25 43 35 2 20 39 8 30 40 16 32 37 17 46 14 47 10 12 26 9 7 36 28 15 3 4 34 22 27 18 1 45
10 46 40 28 37 30 2 21 19 29 17 5 16 13 39 22 15 48 11 14 43 33 44 34 38 26 7 25 47 24 27 36 1 18 12 45 9 41 8 23 20 32 6 3 4 35 31 42
19 45 24 21 48 14 25 17 15 22 12 27 29 41 38 2 4 32 33 30 39 3 16 9 20 13 36 28 26 10 37 1 42 8 35 47 6 44 18 31 11 40 7 34 43 5 46 23
22 33 12 45 39 44 35 19 34 31 16 29 30 37 20 1 38 36 25 6 2 15 42 10 4 7 43 3 11 27 13 18 17 26 23 41 24 48 32 47 28 14 21 9 8 46 40 5
39 3 30 43 17 36 5 23 8 42 35 40 46 16 13 45 11 47 29 12 27 2 26 20 31 24 14 34 25 37 21 22 44 10 9 1 41 33 6 19 18 7 15 32 38 28 4 48
18 21 16 26 6 29 9 37 4 40 27 47 3 12 25 39 31 38 10 24 34 11 1 32 33 14 15 43 46 19 35 48 22 41 5 36 13 2 23 30 44 45 20 42 17 8 7 28
37 11 22 2 10 5 20 41 46 21 19 34 42 28 16 47 24 17 23 38 8 25 45 18 14 36 6 39 35 48 44 30 13 40 15 3 26 43 4 29 32 33 12 1 7 31 9 27
46 6 2 13 14 41 36 10 11 24 33 7 21 17 26 16 18 9 40 35 28 4 8 5 48 25 42 32 19 43 38 20 1 39 45 23 22 15 29 12 47 31 44 30 37 27 34 3
39 35 42 38 7 26 33 48 21 43 18 37 10 1 9 4 13 8 22 47 11 6 44 41 40 2 3 19 34 15 30 27 28 25 16 46 12 29 20 17 36 5 24 31 45 14 23 32
23 7 18 1 46 20 17 4 3 26 40 11 45 39 10 9 41 29 2 27 33 21 47 19 42 35 37 31 15 16 22 43 36 13 6 12 5 34 44 14 24 48 25 8 28 32 38 30
30 38 39 6 12 7 13 8 32 18 11 26 37 3 5 27 45 23 47 1 46 9 42 36 43 20 35 44 28 22 48 24 15 4 29 31 34 16 17 33 2 21 14 10 19 41 40 25
7 26 20 41 22 9 6 30 48 39 14 46 2 40 29 42 23 16 4 8 35 1 24 34 15 38 32 11 18 12 45 28 31 44 21 37 19 47 10 25 27 13 43 5 3 33 17 36
3 1 41 34 31 6 40 20 44 30 4 28 38 35 48 8 19 10 9 32 15 2 7 42 46 17 12 47 29 23 36 25 33 16 26 43 21 11 24 22 37 27 45 14 5 18 13 39
13 36 34 18 40 10 24 9 22 3 42 30 32 8 47 5 27 21 44 25 38 14 31 6 28 4 46 45 43 1 12 26 39 19 37 7 23 20 15 48 16 11 33 35 41 17 29 2
19 42 1 2 26 17 22 5 13 35 3 8 9 29 36 43 46 7 37 45 25 15 27 10 41 39 34 16 14 11 47 23 18 33 28 48 4 44 12 21 38 30 40 24 32 6 20 31
16 19 45 28 23 24 47 42 40 38 34 9 12 36 7 32 17 4 41 5 14 39 48 2 13 26 15 35 46 27 8 37 30 20 25 6 3 22 31 1 44 18 11 33 10 21 43 29
8 46 6 35 10 44 18 27 2 37 9 43 40 48 3 13 36 20 21 22 24 17 29 11 39 28 16 7 4 30 1 41 12 32 38 45 34 15 5 19 14 23 31 25 26 47 33 42
4 23 5 16 27 30 1 21 24 44 19 25 47 28 39 40 35 18 12 11 2 8 10 3 7 37 20 13 17 33 31 6 38 34 48 41 43 32 45 46 29 36 42 26 22 9 14 15
12 41 48 24 45 40 39 31 25 9 23 33 26 3 2 37 29 13 6 10 47 21 14 20 38 22 27 4 8 36 16 46 42 1 43 32 19 17 30 5 28 15 35 7 34 44 11 18
10 17 31 21 28 12 2 24 1 45 47 32 11 46 30 34 37 6 14 42 13 33 5 29 26 23 39 48 40 22 18 15 44 7 20 3 25 35 8 43 41 9 27 19 38 4 36 16
18 9 17 3 11 45 44 6 35 36 43 42 14 41 32 38 33 26 20 2 8 40 28 23 24 47 7 21 19 48 27 12 4 10 15 22 31 37 16 29 30 1 34 13 39 46 25 5
36 31 43 38 44 33 19 25 48 16 46 5 41 47 10 35 30 11 29 40 28 20 15 24 8 2 17 9 34 7 26 21 37 6 39 12 27 45 13 32 18 3 23 4 42 22 1 14
24 39 40 45 46 48 32 36 16 5 29 23 31 12 35 2 6 19 18 9 14 44 26 27 42 1 30 8 25 20 33 3 15 11 34 37 38 7 43 41 17 21 22 10 4 28 47 13
22 3 25 12 17 5 43 2 30 1 44 13 46 16 34 23 42 21 33 31 35 36 18 4 20 11 48 27 47 24 6 29 32 38 45 14 7 41 9 10 19 40 15 39 8 26 28 37
32 22 9 25 39 38 20 26 10 47 35 17 2 27 42 44 40 29 13 43 37 3 6 33 12 31 19 24 30 15 48 41 16 23 46 8 21 36 14 18 7 4 1 34 11 5 45 28
31 4 14 43 23 34 15 11 33 40 17 24 29 19 28 45 10 16 30 1 46 9 20 18 41 27 13 38 35 39 21 42 7 2 44 47 26 8 25 6 32 37 5 22 12 36 3 48
28 25 38 44 31 35 6 43 42 13 11 40 9 30 46 15 1 47 10 22 27 14 23 17 19 48 21 41 33 26 29 37 24 18 20 36 5 34 2 12 39 16 7 32 3 8 4 45
25 45 10 26 21 46 5 44 32 27 22 39 37 35 40 43 36 20 3 12 30 1 14 8 13 6 24 33 42 34 9 16 28 17 41 31 29 2 18 15 4 48 11 23 19 38 7 47
35 21 39 46 12 29 18 19 27 36 28 38 8 37 5 24 34 23 17 11 42 30 16 32 4 33 43 7 15 3 20 1 10 40 48 9 13 25 41 47 45 26 6 14 44 31 2 22
26 16 40 7 24 36 8 48 6 17 32 23 28 33 21 22 45 4 37 46 34 25 42 1 31 38 2 14 11 19 13 18 5 20 12 39 41 9 47 30 3 43 44 15 27 35 10 29
41 38 6 9 13 23 47 30 3 37 27 18 5 36 44 10 15 7 11 45 24 4 33 34 25 35 42 17 26 16 19 39 40 8 29 1 12 48 22 28 20 32 31 2 43 21 46 14
15 23 1 40 36 9 22 16 19 27 18 24 4 29 20 13 6 26 14 42 39 11 45 7 37 3 41 35 28 12 38 48 47 33 21 46 8 17 25 34 2 10 43 5 30 32 44 31
30 41 27 11 48 14 33 38 8 35 24 43 10 39 13 42 18 40 6 32 12 20 29 19 15 21 36 28 2 46 44 22 17 26 5 4 23 37 16 31 47 45 25 3 7 1 34 9
22 18 31 39 19 17 3 7 21 40 16 13 23 44 27 47 11 15 41 35 33 45 48 2 26 20 1 34 10 43 30 6 36 4 37 25 9 46 28 14 24 12 32 8 5 38 29 42
46 33 30 13 7 10 45 8 15 38 14 17 16 48 40 34 22 1 2 26 27 43 12 20 39 24 35 3 44 41 37 36 31 19 9 42 4 29 5 6 11 28 23 25 32 47 21 18
36 1 18 20 22 7 13 10 34 33 12 42 47 6 24 32 23 11 21 40 38 29 26 27 43 39 14 4 45 31 46 28 15 41 16 2 44 19 9 35 37 30 8 48 17 3 5 25
4 42 34 23 26 47 1 17 24 16 27 40 21 20 2 15 38 6 45 33 11 44 31 9 30 29 37 19 18 10 8 25 46 39 43 13 3 22 12 48 5 7 14 35 28 41 36 32
12 8 21 1 15 20 10 36 16 48 7 9 32 41 29 40 17 18 31 5 13 6 28 11 46 4 3 27 14 37 47 43 26 44 19 30 24 33 2 39 35 23 34 42 25 22 38 45
8 35 42 4 37 38 9 23 46 21 33 16 40 13 3 44 10 36 25 2 47 1 20 5 28 7 34 48 26 30 27 29 45 12 39 11 32 43 31 15 19 18 22 24 41 6 14 17
32 27 48 26 14 44 40 42 4 19 3 29 38 1 15 8 37 10 12 47 36 31 9 30 7 25 18 11 39 23 24 20 16 2 28 6 34 5 45 21 41 35 17 46 22 33 43 13
19 39 12 33 40 24 35 6 2 44 13 7 45 27 36 37 42 8 47 4 25 17 16 22 48 15 20 31 29 11 1 23 18 34 38 46 28 32 43 41 14 5 21 26 10 9 3 30
23 7 43 46 11 27 39 2 25 29 34 12 42 28 16 9 40 19 18 8 41 3 47 6 33 36 5 44 21 35 45 24 37 32 15 31 22 38 14 1 30 13 20 10 26 4 17 48
16 36 37 44 46 34 29 26 22 5 9 33 3 40 7 45 41 38 20 48 19 21 24 8 14 17 15 43 2 39 31 12 1 6 10 23 27 35 30 32 18 11 42 4 13 28 25 47
37 19 20 43 14 41 8 11 35 3 23 5 29 17 25 1 31 34 9 13 2 39 18 48 24 27 44 32 30 46 36 47 42 16 6 7 21 15 4 22 38 10 45 33 12 26 40 28
18 22 25 9 6 40 44 10 27 1 29 32 12 47 30 23 4 48 21 24 42 15 5 17 36 14 37 38 28 16 35 26 39 11 34 43 8 2 41 19 13 31 33 7 45 46 20 3
42 26 45 34 7 12 24 16 1 39 47 8 14 19 28 35 30 9 29 31 46 48 6 23 40 38 20 41 10 36 22 15 33 13 25 37 43 44 32 18 3 21 27 5 4 17 11 2
24 11 17 40 39 6 32 19 14 42 18 34 26 12 46 2 3 16 35 30 43 20 33 36 38 22 41 13 25 37 28 21 4 1 44 48 31 45 10 23 7 29 15 9 27 8 47 5
3 25 9 12 48 5 2 31 11 45 17 38 30 29 39 10 15 13 40 1 37 36 14 4 28 7 46 33 42 41 19 16 47 23 26 22 18 20 8 43 32 27 24 6 34 44 21 35
26 15 24 45 37 29 5 44 40 27 14 30 31 8 42 43 19 21 4 38 20 25 23 41 48 13 35 9 46 10 2 22 28 17 18 1 6 7 3 33 47 16 12 39 11 34 32 36
23 31 16 20 12 48 19 38 10 47 11 46 8 44 5 24 33 7 22 9 14 32 40 42 43 21 27 45 15 34 6 3 30 25 35 39 26 18 13 29 4 36 1 17 41 28 2 37
30 3 2 7 22 35 17 8 33 13 40 47 45 48 32 5 25 4 46 6 41 9 27 29 20 1 42 24 44 26 21 23 12 38 43 14 28 36 18 34 16 37 11 31 39 19 10 15
31 17 38 23 21 46 36 27 32 18 7 25 11 39 9 48 13 43 30 47 15 40 8 34 42 28 1 37 35 12 44 6 24 10 45 4 22 16 14 5 2 26 20 3 19 41 33 29
10 4 22 6 26 45 19 48 13 17 32 29 37 33 21 23 27 34 3 43 30 2 7 1 39 31 24 11 18 15 12 46 5 41 16 8 38 47 20 25 44 40 14 35 42 36 28 9
46 21 45 11 24 33 25 36 27 9 4 43 5 16 44 47 41 40 17 48 35 30 42 32 37 3 2 31 34 23 38 20 10 13 39 6 19 18 15 12 29 1 28 8 7 26 14 22
4 9 21 25 27 30 43 17 2 6 24 28 10 41 35 38 22 23 13 12 19 45 15 3 14 37 18 47 11 20 26 48 44 7 34 36 29 8 31 46 39 33 40 42 5 32 1 16
28 45 38 39 23 9 36 4 19 37 12 40 42 30 34 27 46 15 6 33 47 11 29 7 24 26 32 35 43 1 16 10 18 8 21 20 3 25 17 41 14 48 22 2 13 5 44 31
18 38 48 35 44 36 22 41 8 13 42 12 46 20 10 4 24 26 2 25 39 40 45 5 7 29 14 16 47 3 9 37 32 33 19 11 34 23 43 21 17 30 27 1 28 6 31 15
8 16 27 3 18 47 15 24 1 30 19 32 21 46 38 22 6 29 37 2 28 4 40 10 12 23 34 36 33 31 20 42 7 44 41 9 25 5 13 39 45 11 35 48 26 14 43 17
22 15 37 24 31 34 20 25 42 1 13 39 12 40 32 45 29 17 44 10 2 8 6 11 19 35 16 48 14 33 18 43 38 28 5 47 27 9 7 23 41 4 21 26 30 3 46 36
39 46 14 26 19 7 10 37 22 18 16 9 38 35 20 42 1 11 41 3 25 34 24 48 31 47 12 8 4 27 29 30 40 6 23 2 44 33 32 28 21 43 45 15 17 36 5 13
32 39 2 38 40 10 33 7 30 22 23 11 4 1 48 24 35 6 31 46 15 14 8 18 36 25 21 19 45 43 37 28 17 26 9 41 12 34 44 29 20 3 5 13 27 47 16 42
37 6 17 1 36 44 18 43 21 11 35 42 2 29 5 40 34 20 14 13 24 48 10 33 26 4 39 38 15 19 31 27 22 25 46 23 41 32 47 16 28 7 8 30 12 9 45 3
41 31 43 4 6 14 32 21 35 39 44 27 16 19 9 38 40 8 10 5 36 33 20 24 30 17 15 28 18 48 46 26 37 11 29 3 7 2 22 12 13 45 42 34 25 1 23 47
14 25 5 41 45 46 2 30 44 36 34 33 3 37 42 16 17 13 11 40 43 32 23 19 22 20 7 4 26 28 47 10 1 39 6 31 9 35 29 48 18 15 12 24 8 21 38 27
25 4 20 13 10 21 35 6 28 5 22 16 40 17 29 1 45 19 47 44 14 31 26 9 33 15 3 27 8 11 30 36 39 34 12 42 24 41 2 43 38 18 7 23 37 46 32 48
7 42 9 40 41 20 45 31 14 21 27 5 29 30 46 10 37 38 23 24 11 15 47 6 8 39 19 3 43 35 12 1 48 2 28 13 4 22 16 25 17 26 34 32 44 33 36 18
15 17 41 47 11 30 24 9 16 44 28 7 14 13 39 34 38 18 20 27 42 36 31 22 25 33 5 32 4 21 35 46 26 1 37 12 8 43 45 10 29 23 40 48 3 19 6 2
36 41 25 26 15 29 44 20 11 16 9 24 47 8 21 37 31 10 18 38 35 30 12 2 40 27 6 34 46 1 13 39 42 19 48 43 23 45 17 14 32 28 33 3 22 4 7 5
24 33 16 45 17 23 6 11 40 3 29 18 28 27 2 48 42 26 4 35 46 9 7 30 15 13 36 21 47 12 1 41 8 14 38 37 43 20 5 19 39 32 44 31 10 22 34 25
12 19 10 2 14 6 29 41 31 42 46 38 9 3 44 4 23 47 40 26 34 39 18 21 30 36 17 13 11 15 45 48 33 32 25 22 5 7 28 35 20 27 24 1 43 8 16 37
42 36 34 12 46 9 40 19 6 27 33 17 31 28 3 2 18 22 13 48 39 25 5 20 7 16 21 43 14 24 26 37 4 38 10 41 32 15 30 47 44 1 23 8 45 35 11 29
41 22 42 34 12 38 1 7 4 45 40 8 32 6 25 5 10 9 33 31 37 29 16 36 46 48 30 39 44 20 19 14 13 23 15 47 21 11 24 18 2 35 43 17 26 27 3 28
22 9 18 20 26 27 39 17 30 19 4 16 23 44 28 35 11 40 29 8 12 6 15 5 37 24 43 7 34 46 36 47 45 10 21 48 25 38 41 33 3 13 1 42 32 31 2 14
7 3 30 33 28 24 17 38 42 48 12 46 8 36 35 43 19 1 45 11 13 2 27 29 22 14 32 16 21 23 47 25 31 34 5 9 18 44 15 6 41 40 20 37 4 26 10 39
19 16 24 43 6 40 22 26 13 33 42 7 10 39 34 8 46 36 11 25 27 21 28 41 48 20 14 44 2 47 38 3 45 23 18 1 31 29 4 32 37 12 15 35 30 17 5 9
32 11 31 44 13 48 5 23 34 29 3 24 30 33 27 47 4 6 25 1 20 43 14 10 42 26 16 8 39 36 9 22 12 18 45 46 38 19 7 15 21 37 17 2 41 28 40 35
35 26 40 21 37 41 3 25 8 47 28 23 16 12 10 20 5 48 46 32 30 4 33 27 39 38 15 14 17 43 24 18 42 6 29 11 34 2 9 22 7 36 31 13 19 44 1 45
24 21 1 47 44 45 9 8 10 17 32 40 41 16 30 39 25 20 23 12 38 3 42 7 4 37 36 48 35 27 46 15 26 13 6 2 29 34 43 31 14 5 11 19 28 18 33 22
26 27 12 39 11 24 40 4 3 45 34 37 21 20 36 22 23 29 6 42 47 8 9 1 19 15 13 35 33 10 44 30 32 17 41 25 7 48 18 46 2 14 28 5 43 38 31 16
3 35 22 41 24 5 20 44 15 9 18 11 19 47 7 27 36 13 17 10 33 40 48 32 8 29 6 28 45 31 2 12 16 38 39 30 23 25 14 1 4 21 42 26 34 43 46 37
18 38 39 35 15 12 2 21 44 42 13 27 26 48 20 43 40 17 10 30 41 1 29 4 33 36 5 19 28 11 16 24 8 14 37 23 9 46 3 32 45 31 7 25 22 34 6 47
16 18 42 46 27 17 25 26 21 43 40 33 4 41 48 15 30 11 44 45 28 34 6 22 14 47 1 32 19 3 37 20 10 12 9 8 31 38 13 5 36 29 24 39 7 35 23 2
4 40 24 9 48 35 13 10 22 39 16 5 45 28 32 2 15 38 41 44 25 14 23 8 12 11 7 3 42 26 20 29 17 1 46 6 43 36 31 18 19 30 34 33 37 47 21 27
25 3 2 4 40 33 1 37 46 16 7 9 23 36 15 32 13 8 30 5 19 17 18 42 24 39 34 31 12 48 29 26 44 11 35 14 27 41 20 47 38 10 21 6 45 22 43 28
8 36 18 38 41 23 35 15 19 48 44 13 47 12 3 9 6 16 21 43 37 20 14 2 25 1 27 11 29 39 30 42 22 40 28 4 26 45 24 46 32 33 31 34 10 5 7 17
14 23 31 2 45 38 32 48 25 13 22 47 42 6 40 34 29 18 37 46 15 11 27 9 26 24 3 4 10 33 35 28 36 7 19 20 41 8 12 1 5 16 43 30 17 21 44 39
36 45 21 11 23 7 24 38 28 30 14 42 46 16 44 1 37 19 9 3 2 33 20 34 40 31 18 43 17 41 6 27 47 32 12 39 4 22 8 35 13 10 5 15 25 26 29 48
46 7 10 45 39 40 8 30 24 22 11 18 37 3 13 5 38 48 47 33 12 2 44 6 15 27 17 9 25 28 21 36 31 4 34 42 19 35 43 29 16 1 32 23 26 41 20 14
13 6 34 24 21 47 45 36 1 3 23 25 12 46 10 37 41 15 14 2 20 29 28 48 31 17 19 27 42 26 22 43 33 39 38 7 18 44 4 30 11 35 40 9 5 8 32 16
37 39 43 7 10 6 15 24 40 35 29 30 28 44 2 16 3 26 22 9 34 4 33 17 38 48 12 45 21 19 1 23 13 8 20 41 5 11 18 31 47 36 14 32 27 46 25 42
7 15 30 12 17 48 33 9 14 21 19 39 11 13 42 35 34 1 40 47 27 25 5 4 20 22 24 38 2 36 18 37 46 28 41 3 44 43 32 16 29 45 23 26 8 6 10 31
10 8 9 25 2 17 43 27 16 1 7 29 5 19 35 44 42 36 31 40 30 45 26 23 41 6 39 37 47 22 13 21 4 33 18 12 24 32 28 34 3 48 20 46 11 14 38 15
39 4 6 13 28 41 47 7 35 27 12 46 14 48 9 42 17 34 2 22 38 20 8 11 36 33 43 21 40 24 26 16 18 44 23 31 3 5 25 15 37 30 1 10 32 19 45 29
15 42 16 6 48 35 29 41 33 19 17 12 2 27 46 23 31 20 3 1 11 32 47 24 25 4 44 13 39 21 45 18 37 26 10 43 8 9 7 14 28 40 22 34 30 38 36 5
12 46 1 18 26 14 3 6 32 29 35 17 9 39 28 38 45 40 20 11 13 48 16 8 43 21 2 7 34 31 36 30 24 10 44 37 25 15 22 33 41 4 27 19 42 5 47 23
26 33 14 23 22 10 17 25 19 5 44 28 3 36 30 45 15 21 41 4 37 39 31 42 12 16 27 34 11 47 38 1 48 2 46 9 32 20 8 6 7 29 35 24 13 43 40 18
8 26 48 3 2 21 45 4 46 11 24 32 31 40 36 20 10 29 30 38 35 43 42 1 7 25 18 16 14 34 47 6 39 12 28 13 22 19 23 41 5 27 15 37 44 33 17 9
31 27 20 4 41 29 6 43 2 17 23 5 26 35 38 8 24 10 9 13 42 36 40 18 30 14 21 33 19 37 46 3 1 32 48 47 12 16 15 22 44 28 45 7 39 34 11 25
19 9 12 40 46 24 10 23 28 37 16 27 29 20 25 48 18 6 2 26 41 34 7 3 4 35 17 44 45 43 8 14 30 11 15 36 38 47 5 21 39 32 42 33 13 1 31 22
28 17 5 43 11 27 13 15 31 36 46 29 38 37 21 23 22 8 14 25 33 6 45 19 24 3 41 47 35 39 20 10 40 18 16 30 26 7 2 48 32 12 44 1 4 9 34 42
13 36 37 9 19 5 25 11 10 44 42 30 40 41 27 4 35 43 22 31 38 14 20 32 15 33 34 24 28 48 26 12 7 2 6 46 21 18 45 17 47 16 23 39 3 8 1 29
16 41 25 38 23 12 32 2 6 40 3 37 19 30 34 43 1 4 17 24 14 9 15 36 48 26 42 39 44 27 22 47 5 28 29 11 18 33 20 46 21 13 8 35 10 31 7 45
24 33 27 46 13 34 22 10 40 18 14 43 4 47 39 45 30 17 21 6 15 1 28 2 36 38 35 41 29 3 12 42 16 8 5 48 7 20 9 19 37 31 11 25 26 44 32 23
41 26 34 40 45 23 8 38 4 43 3 42 32 28 48 20 11 21 18 12 47 17 24 10 37 22 1 13 33 16 31 46 15 39 9 7 29 44 14 30 36 5 25 6 19 27 2 35
32 21 40 20 7 33 35 8 14 47 34 23 2 12 26 22 46 13 45 42 39 29 5 24 19 6 36 9 10 15 30 25 18 41 38 1 27 16 3 43 11 37 31 17 44 4 28 48
25 15 39 26 22 6 18 2 3 48 11 7 30 1 29 42 13 34 46 14 20 8 9 27 38 16 32 45 12 10 44 41 37 19 23 4 21 36 24 28 17 33 35 5 43 47 40 31
4 31 6 21 18 38 9 26 15 33 13 34 8 17 30 27 36 16 11 5 46 39 14 41 12 3 7 35 2 1 24 28 48 44 37 25 22 19 10 47 20 23 40 32 42 43 29 45
31 16 42 13 14 12 1 30 24 9 18 8 3 33 5 10 19 15 6 27 2 21 44 7 22 11 46 36 4 41 37 23 38 26 35 20 32 43 47 29 45 40 34 48 39 28 25 17
46 22 18 33 21 7 5 19 8 45 16 11 10 30 15 24 41 38 44 48 25 3 26 9 43 20 13 27 40 23 35 29 36 1 39 6 34 47 2 12 4 31 32 42 37 17 14 28
3 42 41 34 6 9 24 36 22 5 44 25 11 13 7 37 4 26 10 43 19 31 47 33 20 1 2 48 17 35 16 15 39 40 21 8 12 23 30 18 38 29 28 14 45 32 46 27
26 45 30 3 12 21 20 24 35 29 27 33 16 44 36 39 10 4 47 32 28 1 8 34 40 48 19 37 42 11 9 6 17 38 18 13 43 46 23 15 2 7 14 31 25 41 5 22
36 19 22 39 15 46 44 37 27 35 24 32 4 40 16 38 1 47 25 2 34 11 31 30 8 17 5 43 14 20 21 48 28 7 26 42 13 45 12 10 29 9 33 23 41 6 3 18
37 1 43 44 28 47 39 48 25 30 40 13 21 29 2 9 38 10 12 6 11 36 42 23 46 31 35 8 4 27 19 26 33 34 20 22 5 7 41 32 14 3 24 15 17 18 45 16
41 23 48 1 37 45 40 17 33 44 32 13 28 27 34 35 38 9 31 47 36 43 10 42 8 15 30 4 39 7 18 16 12 25 46 2 3 11 29 6 19 21 22 24 5 26 20 14
37 18 14 23 36 10 39 20 1 33 22 24 19 35 38 5 34 11 40 12 43 15 48 29 31 27 21 28 25 26 6 42 30 4 9 7 8 32 16 41 44 45 17 13 3 46 47 2
25 17 22 18 37 23 33 43 30 42 19 27 32 28 20 15 24 7 12 31 35 6 40 2 26 36 16 11 21 10 29 3 46 39 38 47 4 8 45 48 13 14 5 34 41 44 1 9
32 8 43 2 27 20 15 17 33 21 23 12 19 29 28 16 6 40 3 35 14 11 7 22 4 26 18 38 46 41 31 24 42 10 25 48 44 9 13 5 39 36 45 37 30 1 34 47
8 1 16 24 26 20 18 10 13 11 14 9 12 17 2 40 29 7 21 22 36 34 23 30 19 39 15 4 28 3 45 46 47 6 48 43 25 5 41 31 37 32 33 35 27 38 44 42
30 9 37 23 10 34 3 16 21 19 24 40 14 39 25 8 15 22 13 4 12 20 27 6 33 29 5 41 11 47 2 26 7 17 45 42 38 48 43 46 18 28 44 1 32 31 36 35
16 4 20 11 15 27 10 9 2 22 12 18 28 46 32 42 5 17 29 24 13 45 48 23 30 25 6 14 8 43 47 36 40 41 44 3 19 33 31 39 7 21 1 26 34 35 38 37
14 35 24 4 2 33 17 7 6 16 34 23 21 8 39 5 18 20 37 45 11 15 40 19 38 13 44 47 10 46 30 48 31 28 29 1 26 41 22 32 36 12 42 9 3 27 43 25
39 11 14 7 31 24 8 37 34 3 29 28 5 16 13 15 22 6 17 40 41 36 42 10 48 4 46 43 44 23 38 47 1 32 12 2 9 45 20 35 21 30 27 25 19 26 33 18
41 7 25 35 24 46 22 6 30 18 4 5 26 12 20 38 27 19 40 2 42 9 45 11 14 23 43 44 47 48 36 1 10 8 28 39 31 15 29 33 3 37 21 17 13 34 32 16
36 19 12 6 48 40 29 25 4 27 11 38 47 20 16 9 30 10 2 13 15 8 18 3 46 21 42 39 45 1 22 43 44 7 26 37 41 32 14 34 28 35 24 23 17 33 31 5
19 41 2 45 28 14 6 38 27 17 42 39 30 40 9 34 35 43 46 44 47 48 15 21 36 24 7 8 33 37 1 18 32 4 16 31 5 29 25 10 11 26 20 13 12 22 3 23
24 6 9 39 23 10 40 8 25 37 3 46 45 41 44 48 1 11 35 38 43 32 12 18 42 47 36 31 29 16 19 20 28 33 34 14 7 5 13 30 4 27 22 15 26 21 2 17
29 26 27 43 44 38 2 20 16 48 40 47 8 36 42 32 3 18 45 46 37 17 10 5 39 31 1 28 35 34 6 41 33 12 23 4 24 25 9 22 13 14 7 30 11 19 21 15
4 27 38 1 40 35 44 31 11 36 46 37 41 19 48 2 45 47 25 42 30 43 33 20 7 14 32 21 34 24 12 39 26 23 15 9 28 22 16 5 29 13 17 6 8 18 10 3
12 38 21 41 36 23 32 4 44 47 35 43 46 48 26 45 42 40 31 30 39 25 28 1 37 17 27 16 14 33 29 22 24 34 20 11 13 18 15 6 19 9 5 8 10 3 7 2
35 46 48 38 39 47 45 44 32 40 28 42 4 1 27 43 25 36 18 8 24 33 31 29 26 15 41 34 2 20 13 37 22 19 6 30 3 9 12 21 16 5 11 10 7 17 23 14
28 39 34 44 45 29 35 48 1 43 22 32 31 47 46 40 37 9 41 26 27 30 16 42 25 38 24 33 19 15 21 10 12 2 5 36 18 11 3 14 17 23 8 7 4 6 20 13
42 40 1 46 41 45 47 43 48 39 32 16 38 37 21 44 31 29 30 33 34 2 6 36 28 35 20 11 12 26 18 27 13 25 10 22 23 7 8 19 14 3 15 24 5 4 17 9
