27817 15061 12092 8024 5492 5462 4338 3251 3030 2562 2196 1501 1376 1328 848 865 812 724 530 391 363 307 198 245 182 145 145 127 105 83 78 66 44 39 41 20 23 17 14 13 11 9 5 5 4 3 2 1 1 1 1 1 1
11 13 5 14 2 4 9 6 3 7 8 1 10 12
6 13 11 3 12 14 9 8 10 4 5 1 2 7
11 4 7 12 5 8 9 2 10 6 13 1 3 14
9 2 1 12 11 10 6 7 13 4 5 8 3 14
13 11 12 7 9 3 4 1 10 2 6 14 8 5
14 11 8 12 7 3 4 2 6 10 5 9 1 13
9 2 12 4 6 14 13 1 7 11 8 10 3 5
12 4 1 7 13 5 10 8 9 2 6 3 11 14
12 5 8 14 9 10 6 4 3 1 11 7 2 13
13 2 6 12 3 9 11 7 10 5 4 8 1 14
1 2 5 9 10 14 3 6 7 11 8 12 4 13
3 11 6 7 9 4 14 2 1 12 5 10 13 8
1 13 12 11 7 3 9 8 10 4 6 14 2 5
2 10 12 3 6 4 7 1 11 8 9 13 5 14
12 11 10 8 9 5 4 3 6 2 13 7 14 1
6 2 7 11 5 1 13 4 3 12 9 10 14 8
13 5 11 8 12 3 4 2 9 7 6 14 10 1
12 2 1 9 3 8 7 6 11 10 5 13 4 14
3 10 5 7 2 9 14 4 1 6 11 12 13 8
2 13 12 8 3 1 6 7 10 5 4 9 11 14
1 4 10 12 7 11 9 3 6 2 13 8 14 5
6 13 7 3 2 14 11 9 10 5 8 12 4 1
9 4 12 7 3 5 11 8 14 6 10 1 2 13
9 10 1 3 5 4 13 2 7 12 6 14 11 8
6 13 5 12 9 10 4 7 3 11 8 1 2 14
3 4 12 9 6 1 11 8 14 2 10 7 5 13
2 5 10 7 12 9 6 3 1 8 4 13 11 14
12 4 11 9 3 5 14 6 7 1 10 8 2 13
6 10 5 4 9 11 7 3 14 2 8 12 13 1
1 13 10 8 6 3 14 9 11 7 4 12 2 5
13 2 12 4 5 14 9 7 3 11 6 8 10 1
2 4 5 12 7 3 13 9 6 1 11 10 14 8
3 13 11 8 2 1 9 7 6 12 4 14 10 5
12 5 7 3 2 4 11 6 1 10 9 14 13 8
1 4 12 7 3 10 9 6 11 2 8 13 14 5
13 10 5 9 12 14 6 8 3 2 11 7 4 1
6 13 10 9 5 1 4 8 3 7 11 12 2 14
3 5 11 9 12 4 7 2 14 1 6 10 13 8
2 13 5 3 12 9 6 8 1 10 4 7 11 14
13 2 5 8 3 10 11 9 7 12 6 14 4 1
9 5 10 4 2 14 13 3 6 7 8 12 11 1
6 10 11 9 13 3 7 8 14 1 4 12 2 5
12 4 8 3 13 11 6 7 1 5 9 10 2 14
2 5 12 8 3 1 13 9 11 10 6 7 4 14
3 10 12 4 6 14 13 2 1 7 9 8 11 5
1 4 5 9 2 3 6 7 11 12 10 14 13 8
9 5 12 3 7 8 11 6 1 10 4 13 2 14
6 2 8 4 3 5 13 9 7 1 10 12 11 14
9 2 8 4 12 11 6 7 3 5 10 13 14 1
6 5 12 9 13 11 4 3 1 7 8 10 2 14
1 2 11 9 3 8 13 6 14 12 10 7 4 5
9 5 8 4 12 11 7 2 3 1 6 10 13 14
13 2 5 3 7 8 6 9 14 10 4 12 11 1
