5590 4992 5074 4620 4647 4560 4224 4187 3841 3597 3683 3666 3650 3213 3113 3084 2894 2857 2738 2367 2184 1880 1908 1252 1095 1081 908 853 816 730 687 702 600 624 583 550 544 478 433 396 352 357 313 294 259 239 197 199 193 195 168 153 152 146 130 127 122 112 99 103 89 82 77 68 56 64 63 52 46 43 37 34 35 29 28 25 26 25 24 20 20 18 18 14 16 15 12 12 11 10 8 8 8 8 7 7 6 6 5 5 4 4 4 3 3 3 3 2 2 2 2 2 2 1 1 1 1 1 1 1 1 1 1 1 1 1 1 1 1
1 23 18 7 13 22 3 10 24 9 21 5 14 8 16 15 11 2 4 6 17 20 19 12
22 11 1 16 3 13 6 17 10 19 18 21 8 23 12 5 7 20 24 9 15 4 2 14
19 3 17 8 2 12 24 1 5 21 22 6 20 9 15 18 10 13 14 7 23 16 11 4
7 6 5 24 19 17 16 8 3 2 11 4 1 12 21 22 13 23 18 14 9 10 20 15
24 16 19 20 11 9 14 21 1 18 13 10 5 7 3 2 12 17 15 8 22 6 4 23
17 13 16 18 4 15 10 2 21 6 7 9 22 3 5 1 24 11 12 20 8 23 14 19
11 22 20 3 12 21 8 16 14 1 2 15 7 10 17 6 18 24 9 23 4 19 5 13
12 9 15 17 6 10 11 19 23 20 4 13 21 22 8 3 16 14 2 18 7 24 1 5
6 12 9 13 23 19 22 4 7 11 14 16 18 5 2 17 3 1 20 10 24 15 21 8
3 5 10 21 17 1 4 14 20 23 9 22 15 16 7 19 2 12 6 24 13 11 8 18
10 15 21 1 9 11 7 3 2 14 23 8 24 18 6 12 19 4 5 17 16 13 22 20
13 1 23 9 16 24 21 7 4 5 10 17 11 20 14 8 15 18 19 22 2 12 6 3
8 19 7 15 20 2 1 5 17 24 12 14 4 6 13 16 23 9 22 11 18 3 10 21
23 20 13 4 14 5 18 6 12 8 19 3 9 15 22 7 21 16 10 1 11 2 17 24
16 8 12 5 22 18 19 24 9 4 17 11 23 2 20 13 6 10 21 3 14 7 15 1
14 4 2 10 18 6 13 15 16 12 8 20 17 24 23 11 22 19 1 5 3 21 9 7
20 18 8 11 21 14 2 9 15 17 3 23 10 1 24 4 5 6 13 19 12 22 7 16
4 7 14 6 24 23 5 13 8 22 20 12 3 19 1 9 17 21 11 15 10 18 16 2
21 2 4 19 15 3 12 22 6 7 5 24 16 23 10 20 14 8 17 13 1 9 18 11
2 24 3 22 1 16 23 18 11 10 15 19 12 14 9 21 20 7 8 4 5 17 13 6
5 10 22 14 7 4 17 20 19 13 24 2 6 11 18 23 8 15 3 16 21 1 12 9
18 21 6 23 10 7 15 12 22 3 1 4 19 8 11 14 9 13 16 2 20 5 24 17
15 14 24 2 8 20 9 11 18 16 6 7 13 17 12 10 1 5 23 21 19 4 3 22
9 17 11 22 5 8 20 23 13 15 16 18 1 21 19 24 4 3 7 12 6 14 2 10
18 17 5 12 13 7 20 14 10 19 21 1 2 3 4 15 11 22 8 24 6 16 23 9
1 21 11 12 3 14 16 23 18 15 13 6 5 4 9 24 10 22 7 2 20 8 19 17
11 24 1 14 19 4 15 9 3 21 17 18 7 12 16 5 8 2 20 6 13 10 23 22
7 15 20 16 8 18 23 10 22 2 1 5 9 13 3 14 4 12 6 11 21 19 17 24
19 8 22 2 5 16 9 24 1 13 6 21 11 4 18 23 17 14 7 3 10 20 15 12
3 20 16 13 22 11 2 7 5 19 4 1 10 21 14 15 9 23 12 17 24 6 8 18
6 14 19 3 10 20 17 1 11 16 15 5 23 2 24 22 7 18 9 21 4 8 12 13
9 5 8 6 11 1 20 4 19 3 24 7 17 12 22 21 13 10 18 15 23 14 2 16
23 12 2 10 4 19 13 3 22 17 14 8 21 15 7 5 18 11 24 1 6 16 9 20
10 7 15 23 13 5 11 17 8 1 12 21 18 6 4 9 3 20 14 22 16 24 19 2
8 10 12 11 15 23 4 19 3 6 18 17 2 21 5 24 14 16 22 20 9 13 7 1
19 18 5 21 23 7 8 15 9 20 16 13 22 11 6 3 2 1 4 10 12 17 24 14
13 23 10 19 17 6 12 5 1 15 21 18 24 16 8 7 20 4 2 9 14 11 22 3
17 3 14 24 21 12 6 11 15 7 9 10 19 5 2 13 22 23 16 18 1 20 4 8
20 9 4 5 14 3 18 8 16 23 10 22 17 7 11 1 12 24 21 19 13 2 6 15
7 16 20 1 12 13 22 18 6 8 23 2 4 24 10 17 15 9 3 14 21 5 11 19
3 13 1 20 16 24 5 6 14 18 2 15 8 17 21 4 7 22 10 12 19 9 23 11
21 4 6 9 7 2 3 20 13 22 17 24 15 14 19 10 16 12 11 8 5 1 18 23
16 2 11 15 19 17 14 22 20 9 8 1 12 10 23 6 18 3 5 4 24 21 13 7
2 11 16 18 1 8 17 13 12 10 15 3 6 22 24 14 9 7 23 21 4 19 20 5
24 21 9 4 3 12 7 18 17 11 10 23 20 8 19 16 22 14 1 13 2 15 5 6
11 1 19 17 8 20 9 15 24 12 7 16 21 18 13 5 6 2 10 23 3 22 14 4
4 24 22 16 9 3 10 6 5 14 1 11 2 13 20 18 23 17 21 7 8 12 19 15
2 20 3 13 24 1 15 12 10 9 4 14 5 23 17 11 21 18 7 19 22 16 8 6
14 5 2 7 18 13 23 4 21 22 6 15 3 9 10 12 17 24 20 1 11 8 16 19
4 3 7 16 12 10 22 19 18 2 5 23 6 8 1 21 11 15 24 17 20 14 9 13
14 17 23 22 19 16 21 8 5 11 1 6 18 13 7 20 4 9 15 12 2 10 3 24
6 12 13 14 1 5 19 24 21 18 16 9 22 2 15 23 3 11 8 10 20 4 17 7
9 1 21 11 22 19 20 5 10 4 3 16 24 14 13 8 2 7 17 15 18 23 6 12
3 16 24 4 14 7 18 2 12 10 20 5 23 17 11 15 1 22 9 13 19 6 21 8
1 14 15 24 21 23 16 17 13 7 9 2 19 10 4 22 8 3 11 5 6 18 12 20
16 20 13 18 5 9 12 11 17 21 24 22 7 15 6 23 14 2 4 1 8 19 10 3
12 13 21 15 19 6 4 1 20 17 2 10 11 23 22 3 24 8 16 18 7 9 5 14
23 2 10 21 4 1 7 22 6 8 18 11 15 13 3 17 5 20 14 9 12 16 24 19
7 9 23 10 15 21 6 14 24 19 12 1 13 3 2 5 20 16 18 22 11 8 17 4
6 18 19 17 8 11 13 7 2 15 14 20 10 16 1 24 12 21 3 23 9 22 4 5
15 24 12 9 16 2 8 3 22 14 21 7 18 4 20 6 23 17 1 19 5 10 13 11
24 10 15 3 7 13 23 1 19 18 8 14 9 22 21 20 17 4 5 11 16 12 2 6
11 21 17 13 24 20 9 10 16 5 7 18 2 3 19 4 6 12 23 8 14 15 1 22
19 22 6 7 20 9 2 11 14 23 4 17 5 18 16 13 1 10 12 3 21 24 8 15
20 7 22 2 17 21 19 3 15 9 23 24 12 8 5 1 13 11 6 14 18 4 16 10
3 8 7 20 13 2 11 17 18 6 1 12 21 15 23 16 14 24 19 4 10 5 22 9
1 19 9 8 7 24 15 6 11 12 16 13 2 5 18 10 3 14 22 20 4 17 21 23
16 4 5 1 9 23 2 24 3 11 13 14 20 10 17 12 8 15 6 7 22 18 19 21
10 1 24 2 15 6 5 14 9 22 3 7 8 23 12 11 21 4 19 18 17 13 20 16
20 17 8 3 11 16 18 19 5 10 9 1 15 22 2 21 4 23 12 14 13 6 7 24
9 22 16 5 12 19 10 4 21 14 24 17 23 20 7 18 11 3 13 6 1 2 15 8
12 6 23 19 2 5 16 20 10 4 17 21 3 7 8 9 24 13 18 1 15 11 14 22
4 18 1 15 20 17 19 7 8 16 6 10 22 13 12 14 5 9 11 21 24 23 3 2
15 9 18 1 23 8 3 22 24 5 13 16 19 21 11 2 7 10 14 4 6 20 12 17
7 10 22 9 14 1 23 8 2 20 5 11 6 4 15 12 13 16 3 17 21 19 24 18
21 11 17 13 16 19 7 9 22 12 20 18 24 14 3 8 2 23 5 15 4 1 6 10
14 24 3 20 22 11 5 12 17 15 23 6 4 8 9 1 10 21 2 16 18 13 19 7
19 21 15 10 24 12 16 2 6 18 1 22 23 17 5 13 9 11 20 8 3 14 7 4
8 14 11 16 21 10 17 18 13 6 7 20 12 9 19 15 1 2 4 24 22 23 5 3
23 22 10 12 1 6 14 19 20 11 4 9 8 2 7 5 24 15 16 3 17 21 18 13
9 4 6 19 17 7 24 13 15 22 2 23 20 5 3 11 12 18 1 21 14 8 10 16
24 12 13 7 16 17 20 4 19 3 18 2 10 1 21 6 15 9 8 23 5 22 14 11
13 2 5 8 18 3 6 14 9 16 12 24 22 15 11 21 7 17 23 10 1 4 20 19
1 7 12 23 6 5 21 22 18 2 8 15 19 20 13 24 11 10 17 4 16 9 3 14
6 19 4 24 5 13 8 23 14 7 9 1 11 21 20 3 2 12 18 17 10 16 22 15
14 1 23 17 19 16 18 7 11 10 2 13 3 22 24 9 8 20 15 6 4 5 12 21
2 16 7 5 8 11 1 20 17 21 15 12 9 24 10 4 23 3 13 19 14 18 6 22
11 13 24 3 23 8 19 6 10 9 20 17 14 2 5 16 21 4 22 1 7 12 15 18
16 17 19 21 14 23 12 10 2 1 5 18 24 4 15 7 20 8 9 22 13 11 3 6
21 23 16 18 4 1 14 12 22 8 24 2 6 3 19 20 13 7 11 15 5 10 9 17
20 5 15 23 22 2 10 9 8 24 18 7 13 17 16 12 6 14 3 11 21 1 19 4
15 24 8 22 6 21 9 2 3 19 12 11 5 16 1 23 4 13 14 7 17 20 18 10
8 11 18 5 12 20 3 22 21 4 13 15 7 10 17 6 14 16 2 9 1 19 24 23
17 9 10 14 1 5 21 19 24 12 6 16 20 23 8 7 15 22 4 13 18 2 11 3
10 7 5 1 11 12 6 23 15 17 3 21 4 20 22 8 24 13 19 18 2 14 16 9
1 16 12 3 17 19 20 18 6 24 4 7 13 14 2 21 10 11 5 22 23 9 8 15
19 4 22 15 8 18 1 24 17 14 10 21 9 7 23 2 11 3 12 5 16 6 20 13
23 2 13 19 24 6 17 4 20 9 14 12 8 21 16 18 5 15 22 7 3 1 10 11
4 22 11 12 21 14 7 5 3 15 10 9 19 8 18 13 17 20 1 23 6 24 2 16
7 8 6 11 22 3 15 20 18 2 17 16 24 9 12 5 21 14 23 1 10 13 4 19
6 19 17 2 5 7 11 10 21 3 8 23 12 18 9 15 13 16 20 14 22 4 1 24
2 20 9 17 4 21 5 13 19 22 15 11 18 1 6 23 8 7 16 3 12 10 24 14
16 12 23 20 13 19 2 8 11 1 3 17 6 15 4 24 9 10 14 18 7 22 5 21
9 14 5 8 3 23 18 6 22 19 16 1 10 13 15 20 12 2 17 11 24 21 7 4
20 3 10 9 6 17 4 7 8 21 13 22 12 24 5 1 14 2 11 16 15 18 19 23
12 1 7 13 20 9 21 2 24 10 6 15 11 18 3 16 23 4 8 17 5 19 14 22
2 13 1 23 4 16 8 9 14 20 18 24 5 22 12 3 7 17 19 15 6 11 21 10
15 18 22 24 8 1 10 5 16 11 23 6 3 13 19 4 12 9 17 20 21 14 2 7
11 12 24 7 23 8 19 17 10 16 9 18 4 5 21 14 2 1 3 6 13 20 22 15
21 10 16 2 5 20 24 6 9 8 7 13 14 17 1 11 3 22 15 19 12 4 18 23
19 3 15 22 21 11 6 8 5 4 17 12 7 14 18 9 10 20 13 24 23 1 16 2
4 1 11 12 18 13 2 7 6 3 24 14 19 10 8 5 20 16 9 21 22 23 15 17
11 5 3 1 24 2 12 19 18 6 14 22 8 7 4 21 23 15 20 13 16 17 10 9
6 18 19 21 14 8 5 10 22 2 9 17 20 1 23 15 7 11 13 24 3 12 4 16
3 19 6 24 22 1 18 20 17 14 5 23 11 15 2 13 9 12 16 4 21 10 8 7
13 11 17 9 16 10 22 23 20 15 12 21 3 2 6 18 5 7 4 8 14 24 1 19
21 24 18 14 13 11 5 15 16 10 8 1 19 9 22 23 17 3 12 20 4 2 7 6
15 2 13 10 3 8 16 14 12 7 1 11 23 5 9 20 4 24 17 18 21 6 19 22
9 16 18 13 8 12 10 15 19 11 17 7 14 20 2 3 6 22 23 5 4 21 1 24
8 14 9 7 6 10 11 13 3 19 16 17 12 2 23 15 5 18 1 4 24 20 22 21
20 13 8 3 12 18 9 5 2 15 10 23 6 24 17 4 7 1 22 16 14 19 21 11
10 12 6 18 5 9 7 17 8 2 24 21 11 23 22 1 4 13 3 19 15 14 20 16
16 7 4 5 14 17 19 10 21 24 23 9 20 8 1 22 6 11 2 15 13 12 18 3
3 10 22 19 11 13 14 20 9 23 15 5 7 1 21 2 24 8 4 17 12 18 16 6
15 4 12 17 20 23 18 9 24 21 5 7 13 22 6 14 2 3 16 11 1 10 8 19
6 19 23 8 17 5 15 24 22 14 21 1 4 16 20 10 11 12 18 9 3 2 7 13
12 20 24 14 22 1 21 23 5 17 7 11 3 18 19 16 13 9 15 8 2 6 4 10
14 18 19 21 23 24 22 12 17 1 13 20 10 15 16 6 8 7 5 3 9 11 2 4
19 21 17 23 1 20 24 14 11 22 4 16 18 13 15 8 12 2 9 6 10 5 3 7
