14541 14104 10823 9088 9088 7074 4580 4659 3194 3233 3281 2566 2123 1735 1465 1404 1219 899 807 707 667 451 330 320 294 253 209 149 123 106 88 68 57 54 44 30 31 27 20 20 9 11 9 7 6 5 3 3 3 3 2 2 1 1 1 1 1 1
13 15 12 8 4 11 2 7 9 6 14 1 10 5 3
9 8 12 3 4 10 14 15 5 6 7 11 1 13 2
11 2 9 8 15 13 5 4 7 12 1 6 14 10 3
13 9 8 11 6 14 15 2 5 3 4 12 10 7 1
4 10 13 6 3 5 1 7 8 14 12 11 15 9 2
13 7 4 5 1 12 3 14 10 8 11 2 6 15 9
11 7 10 13 15 6 14 1 3 9 8 2 4 5 12
3 9 11 8 7 4 12 5 13 10 6 15 1 14 2
9 1 8 3 6 11 5 2 7 14 4 12 10 13 15
13 8 1 11 6 3 12 14 4 9 2 15 5 7 10
11 2 15 9 7 12 5 8 6 4 1 13 14 10 3
2 3 10 14 15 13 7 1 9 12 6 11 4 5 8
9 12 1 13 4 11 3 7 10 5 8 14 6 2 15
15 7 11 3 4 14 1 2 13 8 5 6 10 9 12
3 1 8 11 9 6 14 10 5 15 2 12 4 7 13
2 7 1 13 14 10 12 5 8 3 4 6 15 11 9
11 10 12 6 9 3 5 15 4 2 14 13 1 7 8
3 12 15 10 8 13 14 4 7 6 11 1 5 2 9
4 2 6 9 15 5 1 10 8 12 11 14 7 3 13
13 3 10 8 12 6 7 1 5 14 4 11 2 9 15
15 13 6 8 3 2 9 11 10 1 14 4 7 5 12
1 3 11 13 9 10 14 4 7 6 2 12 5 15 8
2 10 8 9 6 12 3 15 13 5 11 1 4 7 14
13 9 12 11 8 4 1 7 3 14 5 6 15 10 2
2 9 15 6 4 5 12 10 13 3 1 11 14 7 8
9 12 11 10 15 13 5 4 7 6 8 14 1 2 3
1 7 8 13 6 4 3 2 9 12 5 15 10 11 14
4 2 10 9 14 6 5 1 3 8 11 12 7 15 13
9 10 1 11 7 3 12 2 4 15 14 13 6 5 8
15 2 10 11 9 6 12 7 3 8 1 4 14 5 13
1 13 8 6 12 10 3 15 9 5 2 11 4 7 14
13 8 12 9 14 5 7 1 4 15 11 6 2 10 3
13 2 11 10 7 6 5 1 3 14 8 15 4 9 12
13 10 12 11 4 3 1 7 8 9 5 14 6 15 2
1 9 11 13 15 4 12 2 3 14 8 6 5 7 10
2 3 10 8 7 12 5 4 13 6 11 14 1 9 15
15 13 8 6 9 5 12 2 10 3 1 4 7 11 14
15 3 1 11 14 10 5 7 8 6 4 13 2 9 12
2 8 15 6 4 3 7 1 9 5 11 12 14 10 13
3 13 8 9 6 4 1 15 7 12 14 11 5 10 2
1 9 10 3 14 5 12 4 13 8 2 6 7 11 15
3 9 11 13 12 10 1 7 4 8 5 6 14 15 2
3 10 1 6 15 12 7 4 8 9 2 14 5 11 13
2 7 11 10 14 3 5 4 13 15 8 6 1 9 12
3 2 10 11 4 5 12 1 9 6 8 13 15 7 14
2 8 11 3 7 6 5 15 4 9 1 12 14 10 13
11 12 15 6 9 10 1 4 13 3 5 14 7 2 8
1 8 10 3 9 6 12 4 7 5 14 11 15 2 13
11 3 15 9 6 4 5 1 13 14 8 12 2 7 10
3 2 12 10 7 5 1 15 9 8 4 13 6 11 14
2 12 1 11 9 3 5 7 13 15 14 6 4 10 8
1 8 11 13 6 10 12 7 9 3 14 4 5 15 2
11 3 12 6 15 10 7 1 8 5 4 14 2 9 13
3 12 10 11 14 5 7 4 13 8 1 6 15 9 2
3 7 1 9 15 6 12 4 8 5 2 11 14 10 13
2 7 12 3 9 6 5 1 13 14 8 4 15 11 10
1 8 11 13 14 3 7 2 9 15 4 6 5 10 12
11 13 10 6 12 4 1 15 7 3 5 14 2 9 8
