0.2499031669338203 0.1279742037905811 0.03746516727971079 0.007200195798807648 0.03706281341039962 0.0656860267933037 0.006929882432557901 0.10155741666218904 0.025871264412803498 0.03745395931458841 0.08689849459442457 0.04344817447968134 0.006532234165696974 0.02040316327431875 0.01224292723835665 0.013724310785653579 0.018110614988876835 0.020285727863296837 0.033532243609007424 0.02472642830329353 0.013867488273633195 0.009124095594998176
1 8 4 2 3 5 6 7
3 2 7 5 6 8 4 1
5 8 3 6 2 1 7 4
7 8 4 1 2 3 6 5
5 7 2 1 3 8 6 4
3 8 2 1 6 5 7 4
7 4 3 5 2 1 6 8
4 8 7 3 2 1 6 5
1 2 4 5 6 8 7 3
7 8 3 1 6 2 4 5
3 8 4 5 2 1 7 6
7 2 5 1 3 8 6 4
5 2 3 1 4 8 6 7
7 2 4 3 8 5 6 1
1 4 3 2 6 8 7 5
5 2 7 3 8 1 6 4
7 8 3 1 2 5 4 6
5 8 3 2 6 1 7 4
1 2 3 5 6 8 7 4
5 2 4 1 3 8 6 7
7 8 4 3 2 1 6 5
5 4 7 1 2 8 6 3
