20153 13743 15076 8749 8749 8749 6327 3552 2219 2430 2219 1809 1536 1517 683 484 424 292 211 199 211 171 118 72 79 59 42 32 25 14 14 9 7 5 5 5 3 2 2 1 1 1 1
10 7 1 3 9 11 8 5 12 2 4 6
10 2 11 7 9 4 12 8 6 1 5 3
2 7 3 5 11 1 8 4 12 10 6 9
4 10 9 8 3 7 5 12 6 11 2 1
8 11 10 4 5 6 9 2 1 7 12 3
1 8 12 10 9 7 6 3 5 2 11 4
5 12 10 11 3 9 7 4 8 1 2 6
10 2 1 7 9 4 12 8 6 11 5 3
8 7 3 2 6 4 12 5 1 11 10 9
9 2 1 3 5 6 11 7 8 12 10 4
8 10 3 2 7 4 5 11 12 6 9 1
3 4 1 9 11 8 12 5 6 7 2 10
10 7 3 8 6 4 2 12 9 11 1 5
4 2 12 7 11 6 3 8 10 1 5 9
1 4 12 8 6 7 9 3 10 2 11 5
3 7 1 10 5 8 2 12 6 11 9 4
4 8 3 9 11 6 7 5 12 10 2 1
9 12 1 11 7 8 3 4 10 6 2 5
5 2 1 3 4 9 12 7 8 11 10 6
4 8 1 10 3 6 2 12 9 7 11 5
9 10 12 7 3 5 11 2 8 6 1 4
5 4 1 9 7 8 2 11 6 3 10 12
3 12 8 11 5 9 1 4 10 7 2 6
8 2 12 3 6 4 11 5 10 7 9 1
4 8 3 2 5 9 1 7 12 11 10 6
8 4 12 3 7 6 9 5 10 2 11 1
5 2 8 10 6 7 12 3 9 11 1 4
1 8 3 2 5 4 11 7 9 6 10 12
1 2 8 9 7 4 12 11 6 3 10 5
3 4 1 11 5 6 2 8 12 7 10 9
9 12 8 7 3 4 2 11 10 6 1 5
8 4 1 10 7 9 2 3 12 11 5 6
9 8 12 2 5 7 1 4 10 3 11 6
9 4 1 2 6 7 11 8 10 3 5 12
9 2 8 10 5 6 11 3 12 7 1 4
3 2 8 7 11 9 1 4 12 6 10 5
8 4 1 2 6 7 12 3 10 11 5 9
9 2 8 3 5 4 1 7 10 6 11 12
1 4 12 10 6 9 2 7 8 3 11 5
8 2 1 3 6 7 12 4 10 11 5 9
8 2 3 9 6 4 11 5 10 7 1 12
9 8 3 10 5 6 2 4 12 7 11 1
8 4 1 2 6 7 12 11 10 3 5 9
