43507 50026 40963 41711 38413 37134 33831 31629 28357 27567 26314 22598 22598 20953 21901 20899 20644 20486 18720 16713 17118 17137 15725 15172 14981 14088 12758 12153 11769 10771 10334 10631 10816 10631 10247 9822 8926 8268 8220 7295 7184 6888 7025 6784 6093 6093 5839 5662 5727 5474 4819 4801 4549 4689 4185 3734 3387 3127 3399 3428 3254 3049 2946 2900 2560 2445 2401 2186 2009 1946 1970 1887 1942 1687 1658 1620 1635 1417 1364 1396 1250 1289 1278 1277 1117 1141 1049 1094 993 895 899 849 843 797 737 626 734 673 644 552 601 547 550 513 473 460 425 421 406 387 365 367 362 340 328 296 301 295 274 269 254 244 233 218 214 201 194 177 179 168 167 152 151 143 148 138 134 124 124 126 118 112 98 100 91 91 89 86 81 73 75 73 70 69 58 61 57 56 58 49 46 46 44 41 42 34 36 38 33 35 31 33 31 30 30 27 28 27 27 24 23 23 21 21 21 20 19 18 17 16 14 15 12 13 11 12 13 12 11 10 11 9 9 9 8 8 7 8 7 6 7 7 6 6 6 5 5 5 5 5 4 4 4 4 4 4 4 4 3 3 3 3 3 3 2 2 2 2 2 2 2 2 2 1 1 1 1 1 1 1 1 1 1 1 1 1 1 1 1 1 1 1 1 1 1 1 1 1 1 1 1 1 1 1 1
33 12 18 8 58 14 21 3 55 7 54 4 28 57 23 25 51 10 36 40 34 41 45 63 26 22 61 9 37 15 56 39 2 52 1 29 64 35 60 5 43 31 17 13 48 24 59 50 32 20 11 46 53 44 49 27 6 62 30 19 16 42 38 47
21 42 4 50 12 41 27 10 5 23 57 63 17 55 51 62 31 29 30 58 34 11 64 38 2 32 47 44 9 16 6 39 20 28 60 7 49 48 18 3 25 22 43 59 15 53 14 35 37 33 54 8 45 46 19 61 52 26 36 24 40 1 13 56
49 25 58 38 11 14 26 12 28 13 21 4 27 59 32 16 53 3 64 17 8 63 56 19 1 47 52 57 10 24 6 39 45 61 43 36 29 51 33 40 34 23 50 55 35 44 31 54 46 5 37 41 48 18 20 42 2 62 30 9 7 60 22 15
5 14 18 29 44 61 36 4 43 41 20 30 13 53 8 50 56 31 55 23 9 32 12 54 51 39 11 63 33 22 27 60 37 3 1 35 42 19 58 57 15 21 52 16 59 46 26 28 34 45 38 10 24 62 49 40 6 2 47 64 17 7 25 48
19 46 49 47 61 4 33 45 17 7 38 37 35 64 10 54 52 40 24 2 15 41 6 5 1 20 32 53 26 21 59 27 56 57 58 28 8 42 51 9 44 14 23 25 63 60 34 31 36 13 11 62 30 16 29 48 55 3 12 39 22 18 43 50
45 27 55 8 60 34 40 52 37 1 4 9 46 62 18 31 41 10 36 56 23 47 21 11 42 22 3 25 35 64 15 49 57 54 59 13 61 30 7 63 20 32 44 24 48 39 5 14 28 33 53 17 16 51 19 12 29 26 6 58 43 50 2 38
11 12 13 53 10 30 56 35 44 59 6 15 58 29 36 37 60 5 46 62 49 51 34 16 8 7 17 28 27 45 9 20 43 64 21 22 31 61 4 40 54 41 48 3 55 26 2 50 57 52 42 47 1 33 14 18 25 24 39 19 63 23 38 32
46 49 53 58 50 11 15 34 48 35 44 16 20 39 60 8 51 59 37 13 54 4 3 28 63 40 27 31 64 57 19 52 2 33 29 9 10 38 6 1 42 55 14 56 22 36 7 21 25 30 23 12 18 5 32 26 62 43 17 24 41 45 61 47
2 34 6 55 1 41 21 57 13 32 45 54 16 36 7 22 56 46 51 29 33 39 62 63 25 10 19 9 50 53 3 64 14 49 60 58 12 26 43 5 35 8 38 52 11 48 27 23 18 31 4 44 24 47 61 28 17 42 20 15 59 30 37 40
43 19 1 18 26 25 3 4 33 14 2 6 28 57 49 63 61 52 38 53 34 45 58 24 17 23 47 5 40 55 44 42 22 12 11 27 39 35 8 54 21 10 13 50 32 15 64 30 59 20 9 36 48 56 60 41 7 29 37 31 16 62 51 46
38 23 29 43 40 15 63 11 2 27 54 47 36 10 31 19 50 35 28 56 22 60 25 34 9 30 41 52 7 49 32 5 33 26 53 37 6 59 39 20 61 46 12 51 18 62 24 1 21 16 3 55 45 13 57 17 42 8 14 44 58 4 48 64
54 50 51 45 59 6 34 41 25 20 35 4 7 14 63 38 47 43 30 40 62 64 18 58 26 24 33 17 61 44 5 15 19 42 52 36 49 32 29 1 8 12 31 9 57 2 48 22 3 39 16 46 53 60 11 27 37 28 23 21 56 13 55 10
24 1 9 60 19 39 12 43 50 56 4 3 59 5 45 10 44 17 31 57 16 26 15 41 47 2 22 40 11 13 8 6 29 27 63 53 21 48 25 64 46 49 55 30 34 28 14 52 23 61 37 35 62 36 33 20 38 32 7 51 18 42 58 54
3 9 42 20 16 61 55 25 6 33 36 23 38 52 39 14 34 1 63 26 45 18 59 32 54 60 21 64 27 12 50 40 53 46 7 8 28 30 47 15 56 35 4 41 31 13 37 19 48 29 62 51 17 44 43 11 22 57 49 2 24 10 5 58
39 31 54 52 49 5 15 11 55 2 20 22 32 27 41 45 53 51 13 60 7 29 17 47 1 34 6 37 35 50 33 3 16 61 28 63 64 36 57 9 48 19 18 62 14 24 42 44 4 58 10 38 21 59 12 8 46 30 56 26 40 43 23 25
15 51 36 40 56 31 64 1 24 22 21 59 27 34 47 2 23 60 37 3 44 57 61 19 41 4 28 26 25 63 49 39 45 43 38 35 46 16 52 6 17 58 29 8 7 5 12 32 20 9 50 42 11 54 13 55 33 10 30 62 48 14 18 53
33 25 44 50 12 13 26 37 21 48 64 19 29 59 40 39 1 3 28 22 15 23 10 11 6 43 61 14 45 36 60 16 24 58 57 7 17 55 31 38 41 20 47 18 35 9 51 4 5 27 63 8 42 52 46 34 30 2 53 56 54 32 62 49
29 10 31 48 52 54 4 17 61 45 53 50 5 46 43 35 62 20 40 33 36 12 1 15 44 9 60 18 3 58 14 27 13 37 25 51 23 19 38 39 55 64 32 11 8 16 22 47 41 42 34 59 30 2 28 49 56 63 26 6 7 24 21 57
49 59 12 31 15 33 5 54 57 4 16 40 19 35 23 17 64 30 36 53 8 27 14 42 38 45 58 9 44 41 29 55 60 52 1 47 22 46 32 3 34 28 48 2 25 37 50 10 6 26 21 13 56 18 24 7 43 62 51 11 61 39 20 63
53 13 22 57 30 63 47 12 48 54 15 58 23 62 20 4 18 55 16 28 10 14 56 31 25 36 2 32 37 43 21 35 9 6 19 39 51 45 61 7 40 50 17 38 46 59 44 49 1 52 24 11 29 34 41 42 64 60 27 8 26 33 3 5
7 35 10 33 13 52 20 34 64 28 51 63 50 44 18 46 5 42 60 45 19 58 8 48 30 59 55 6 24 38 43 15 62 31 21 22 27 41 56 4 23 47 39 37 2 29 61 11 14 32 12 1 3 49 40 54 16 53 25 9 36 57 26 17
17 58 26 10 38 43 24 46 45 62 50 39 64 19 13 53 41 4 8 37 12 35 2 21 48 52 63 20 33 14 47 6 42 23 32 49 11 56 1 18 15 31 5 44 3 51 9 28 55 40 54 57 27 22 59 61 36 16 60 25 29 34 7 30
25 42 18 39 28 32 37 22 10 8 5 62 45 13 64 57 50 44 3 4 46 11 21 34 2 6 52 58 47 53 1 29 7 40 30 33 14 59 35 20 24 41 31 27 17 43 55 56 61 12 16 63 23 9 54 60 26 48 19 49 15 38 36 51
57 43 45 44 58 4 16 40 25 12 20 33 9 39 7 49 13 48 24 38 29 41 62 22 21 19 35 42 50 6 64 18 54 1 26 27 3 5 36 30 31 60 10 23 59 61 17 55 32 15 53 52 14 63 47 37 11 51 46 34 8 56 2 28
19 45 59 42 32 14 57 29 49 1 54 16 15 41 31 24 28 6 46 39 13 48 34 58 52 17 56 44 23 20 55 53 36 2 64 3 33 51 60 10 26 8 62 50 5 25 30 7 47 21 11 61 40 37 63 43 12 9 38 35 4 27 22 18
59 34 4 1 61 8 39 55 50 41 37 25 48 28 29 5 16 54 30 32 42 31 12 10 26 53 43 17 9 22 51 2 20 56 40 6 47 14 15 63 62 23 13 60 45 35 58 18 33 44 27 11 52 24 21 36 19 7 3 46 49 64 57 38
21 48 27 36 1 41 29 35 4 20 9 42 30 15 32 22 33 24 53 61 60 25 23 38 45 8 49 64 31 34 6 37 16 28 55 59 39 40 13 54 44 51 43 7 47 46 3 17 18 5 56 2 58 19 11 52 10 26 57 14 63 12 50 62
4 50 58 59 42 51 21 23 17 5 34 15 20 33 63 47 44 53 25 52 37 61 18 14 54 2 41 30 26 3 10 7 46 60 43 28 40 27 48 55 9 38 8 19 36 57 62 11 56 16 39 24 1 35 49 29 6 13 12 64 22 31 32 45
44 21 47 5 54 26 51 28 19 7 60 4 46 64 58 33 34 13 38 17 2 1 32 24 36 62 27 53 10 59 23 20 56 3 37 9 42 50 29 16 63 61 22 49 15 14 57 35 43 45 8 41 6 55 25 12 48 18 11 31 52 30 39 40
35 46 49 18 64 50 56 47 37 23 6 30 28 34 8 16 31 39 51 2 11 60 52 29 7 5 19 12 57 44 17 9 22 54 53 36 61 42 33 43 25 45 15 63 24 41 27 62 40 13 38 3 55 26 10 20 4 14 1 32 21 59 58 48
54 2 13 23 36 30 45 33 42 27 52 38 35 31 51 60 19 43 1 29 34 53 57 41 9 7 6 37 64 15 56 5 32 49 28 8 63 24 40 46 21 17 14 25 22 44 26 18 59 39 61 50 11 12 16 62 3 4 47 20 55 10 48 58
16 63 2 38 8 11 58 45 43 37 57 31 54 7 60 26 21 1 64 35 59 32 24 5 17 34 61 28 56 12 48 4 29 14 10 39 6 47 23 52 53 42 50 30 9 3 13 27 36 33 41 19 22 62 20 40 25 49 18 44 46 51 55 15
61 19 48 37 50 46 33 5 28 35 36 26 43 6 56 25 4 60 63 15 27 40 45 53 59 30 23 49 51 24 20 42 21 47 2 29 55 39 64 57 8 32 44 41 11 10 31 9 16 1 58 7 18 14 12 13 52 22 34 3 17 62 38 54
5 17 6 19 11 27 36 4 63 42 59 46 16 57 10 9 56 49 7 62 32 2 22 13 1 47 40 31 41 45 50 64 51 39 35 53 8 26 54 60 48 21 12 29 18 28 20 44 37 43 14 55 33 30 23 34 61 3 58 15 38 25 52 24
12 53 14 8 55 39 63 64 13 61 38 36 26 42 49 30 32 5 18 10 9 21 6 44 50 22 33 62 11 57 27 58 59 17 41 37 24 35 3 47 7 16 23 45 34 4 48 54 46 31 25 43 29 15 60 51 2 52 20 19 28 40 1 56
11 57 62 32 29 18 3 6 27 26 23 45 22 36 55 50 12 33 16 58 56 47 13 51 44 60 38 59 17 35 63 40 53 48 46 41 31 52 39 5 14 4 2 1 28 30 49 25 54 20 19 8 43 34 64 9 7 15 21 24 37 42 61 10
6 1 53 62 57 16 8 27 56 50 2 5 61 40 39 58 20 35 36 13 10 17 59 49 41 23 28 11 63 21 54 30 19 51 34 12 38 48 7 45 43 29 9 24 4 26 64 22 52 25 32 44 15 31 55 18 14 46 42 47 60 3 37 33
26 20 60 7 21 36 2 52 33 49 4 51 23 32 6 62 55 17 48 9 35 14 58 63 11 54 22 40 16 39 59 50 8 12 5 24 28 1 18 42 3 30 57 56 43 15 34 64 53 29 37 13 31 38 19 10 44 47 41 27 25 61 45 46
55 9 33 34 41 3 54 19 60 10 35 1 38 12 36 32 11 59 26 30 29 56 39 62 58 24 52 57 6 48 8 28 27 22 20 5 49 16 25 51 61 7 40 15 42 2 18 31 50 63 4 46 53 13 43 21 37 44 23 17 14 45 47 64
24 10 23 25 46 61 9 3 14 29 44 54 1 63 28 8 52 56 6 40 16 39 50 60 62 42 4 5 27 19 12 33 45 57 11 13 32 30 49 58 37 22 51 18 41 48 2 36 64 7 15 35 17 26 31 47 55 38 59 21 43 34 53 20
30 61 28 22 31 25 34 57 32 54 19 14 49 53 23 3 45 40 55 41 64 26 29 16 63 20 2 52 44 56 39 59 50 33 47 7 10 36 43 46 35 12 38 21 48 11 15 60 17 58 18 1 37 42 24 27 62 5 4 51 6 9 8 13
3 32 15 41 39 53 40 2 12 48 33 6 62 10 57 38 61 37 31 26 23 64 35 20 16 13 17 50 46 55 4 43 60 27 1 58 21 45 34 25 30 44 49 9 8 7 56 19 28 22 52 42 51 54 18 24 29 14 63 11 59 36 5 47
56 5 54 53 63 35 12 36 34 52 45 9 44 14 16 19 3 24 41 48 8 57 11 28 6 39 58 22 38 50 46 1 37 61 60 47 15 55 20 40 42 26 13 43 31 29 59 10 25 62 7 51 21 18 33 2 17 64 49 4 30 32 23 27
62 46 55 58 44 6 28 53 2 38 16 21 45 51 41 15 60 10 43 7 22 23 40 25 42 8 35 4 36 63 31 56 54 59 17 52 12 24 47 1 49 14 18 26 27 37 5 32 9 61 57 33 3 64 29 11 20 13 30 34 48 39 19 50
64 16 1 3 26 5 37 24 48 21 43 17 50 13 45 14 18 54 60 52 44 12 61 7 27 38 55 19 40 22 56 49 33 42 6 15 58 9 57 29 41 11 36 51 47 62 25 4 20 53 59 31 32 35 46 8 10 28 39 2 23 63 34 30
39 28 32 20 51 55 1 47 23 22 61 44 17 54 5 59 27 30 40 4 33 52 26 2 13 36 21 25 60 49 9 63 24 58 38 35 8 46 31 62 34 41 53 11 45 64 37 42 48 14 10 57 16 7 15 50 3 12 6 29 18 56 43 19
43 23 44 40 27 64 55 56 31 33 7 10 25 5 59 39 58 20 9 60 46 41 17 1 34 49 47 42 45 37 15 51 36 19 29 63 30 8 11 18 6 50 54 52 53 16 13 21 24 48 3 38 14 12 57 28 32 22 62 26 2 4 35 61
35 49 17 57 16 32 47 20 10 4 15 64 13 31 40 54 50 51 62 23 45 18 25 56 43 5 11 14 61 36 1 52 39 28 58 8 60 44 63 21 33 27 48 19 46 59 7 30 29 55 9 12 42 24 34 41 22 26 2 6 53 38 3 37
2 45 51 35 20 50 27 23 37 59 64 43 7 18 3 44 6 21 28 34 62 15 53 54 39 61 60 58 30 41 19 12 13 1 57 33 26 42 8 10 29 38 31 55 63 9 24 49 40 46 5 36 52 56 47 48 11 4 17 22 16 14 25 32
49 27 36 64 34 15 56 35 44 58 21 23 59 29 9 57 47 48 38 37 14 8 60 11 20 52 32 18 1 51 10 39 55 5 63 40 33 19 16 43 54 3 17 12 2 24 4 50 6 13 45 22 7 28 61 42 30 25 26 62 41 31 46 53
53 21 35 30 19 52 24 34 42 32 1 50 2 62 38 55 48 39 13 15 37 29 51 8 28 4 43 63 7 3 49 16 41 31 27 22 56 17 10 54 46 58 33 25 6 40 12 47 44 9 23 59 11 5 36 14 64 18 60 61 26 57 20 45
52 44 46 48 12 11 39 43 38 2 54 37 29 27 58 22 41 62 51 57 36 31 15 35 47 6 26 61 25 59 33 18 63 23 13 20 5 40 19 7 17 49 8 30 60 53 3 14 56 45 64 9 24 4 10 55 34 21 1 32 42 16 50 28
17 13 50 60 10 8 44 29 46 14 53 11 58 25 33 24 1 18 54 55 30 4 63 38 51 45 56 32 35 12 6 3 40 64 7 43 36 41 2 39 47 20 52 59 57 5 62 23 27 15 34 61 9 19 28 26 42 48 37 31 22 21 16 49
57 50 9 36 54 63 32 25 45 28 6 34 35 48 47 23 53 42 37 2 12 27 10 20 18 1 8 21 31 58 41 60 17 16 59 49 11 61 52 64 15 55 39 3 7 62 14 29 33 26 44 4 30 22 13 46 38 43 19 56 40 24 51 5
62 12 42 56 30 59 21 13 6 20 37 48 52 34 31 33 5 44 1 27 54 11 64 2 24 53 49 26 10 14 51 9 47 46 28 63 40 50 38 22 23 35 32 16 55 36 61 17 43 19 39 3 58 57 41 45 4 15 7 8 29 60 18 25
29 35 64 55 59 33 5 41 57 1 43 58 28 15 20 37 26 13 46 17 60 45 3 19 30 2 63 12 48 16 23 31 32 40 10 51 47 14 9 4 56 34 25 38 22 61 27 8 18 39 11 50 62 44 54 7 6 52 36 21 24 49 53 42
63 2 29 47 42 51 45 22 5 13 9 54 11 35 18 10 33 6 25 38 61 58 56 31 62 40 19 64 49 34 17 37 43 52 30 28 3 16 57 55 44 60 50 4 14 15 26 1 41 53 8 24 23 59 48 36 12 46 27 20 21 7 32 39
44 25 18 31 8 34 58 28 12 45 57 7 46 41 21 4 23 55 24 10 13 1 59 17 27 20 30 53 56 15 16 29 22 43 26 9 42 32 63 6 40 47 5 37 64 2 50 19 61 62 54 51 48 60 14 49 36 3 11 35 52 33 39 38
38 34 15 33 25 31 20 10 61 8 36 56 40 19 29 47 64 3 59 45 11 24 50 16 54 17 41 30 37 43 21 55 62 6 44 12 14 5 4 48 32 51 22 23 35 46 58 28 57 27 42 49 1 9 63 52 2 60 53 39 7 13 26 18
2 48 28 50 23 14 16 40 19 43 5 3 32 64 41 45 13 1 62 58 49 25 55 24 8 54 42 6 26 38 29 35 46 37 34 7 39 51 20 11 9 31 4 63 59 10 44 56 53 30 60 52 21 36 17 15 33 47 12 27 61 18 22 57
21 59 53 10 31 4 57 11 50 23 16 62 48 55 63 13 18 29 41 32 19 42 38 22 14 34 27 28 64 6 44 33 7 56 37 3 61 39 58 30 12 45 47 8 24 25 2 52 1 5 15 35 40 46 20 60 26 9 51 49 54 43 36 17
59 43 13 45 40 41 12 1 4 56 33 22 36 39 10 46 20 27 30 61 42 48 32 25 16 19 64 44 50 53 5 63 9 26 52 15 29 47 11 3 35 62 55 60 17 51 34 31 14 21 24 57 6 37 18 54 28 49 38 2 8 23 58 7
19 42 26 18 21 30 64 54 43 62 50 33 5 53 32 17 46 52 34 39 51 61 45 48 3 10 11 37 16 44 12 28 2 59 6 58 22 38 49 25 24 8 29 7 9 35 20 60 23 63 56 31 36 1 40 27 55 57 47 14 4 41 13 15
54 19 56 44 60 26 4 45 41 12 34 30 27 33 13 5 51 53 3 35 7 29 23 14 11 59 6 20 24 63 47 16 42 2 40 39 28 9 25 52 8 61 10 50 36 48 22 55 32 58 18 1 17 49 31 21 43 38 46 37 15 64 57 62
24 14 35 53 11 43 9 55 17 50 60 21 54 30 59 49 52 4 8 40 20 39 29 32 6 62 61 18 27 13 64 10 56 33 5 37 23 1 34 16 31 28 15 2 42 44 57 26 47 12 7 38 22 63 19 41 25 51 3 46 36 48 45 58
7 58 45 5 46 54 29 53 33 21 4 17 20 59 8 15 12 43 40 28 11 35 1 34 63 38 3 26 57 30 55 2 39 60 25 36 31 27 6 42 62 19 14 9 41 13 64 22 37 52 61 10 56 32 24 18 48 23 44 47 49 50 16 51
33 27 32 34 13 53 26 46 8 29 38 42 15 52 57 39 48 40 60 9 61 24 35 10 45 30 2 6 47 19 59 4 16 51 55 22 11 56 18 63 41 12 43 49 3 64 54 7 28 25 23 36 31 14 21 17 37 50 62 44 58 1 5 20
4 31 1 39 61 13 34 2 25 38 52 47 62 29 51 60 45 6 9 22 19 41 14 53 21 42 30 63 46 20 3 5 8 57 27 50 32 36 43 58 26 23 12 44 15 28 17 54 35 48 59 33 18 55 49 11 16 7 56 64 24 10 37 40
55 51 17 7 1 34 54 37 2 48 3 25 49 12 28 32 61 46 53 62 16 60 40 42 52 36 4 50 44 39 31 20 19 27 21 8 58 45 13 6 29 22 57 41 5 43 18 35 64 33 9 59 23 47 11 10 14 24 63 15 56 30 26 38
6 21 22 41 50 61 45 29 32 5 2 10 9 44 18 4 19 54 64 38 13 11 39 28 58 47 26 14 56 24 23 40 57 31 43 35 12 30 16 3 34 60 49 37 48 7 15 36 46 1 63 42 51 62 25 20 52 53 59 17 55 33 8 27
12 32 29 25 41 4 8 57 55 49 35 1 64 63 16 38 23 39 24 13 60 18 58 5 26 7 17 9 40 36 43 15 20 56 53 6 3 59 33 51 61 34 62 21 28 14 31 30 54 42 45 22 11 37 10 48 46 44 2 19 52 27 47 50
25 44 10 38 32 36 24 27 64 54 45 40 11 28 39 8 6 33 31 29 42 47 26 41 2 43 35 52 9 22 15 59 50 23 1 20 49 56 61 4 37 21 53 62 58 3 30 18 17 7 34 46 16 60 48 14 19 5 57 51 63 13 55 12
5 17 60 23 8 14 58 42 49 59 19 31 16 46 56 53 27 20 38 33 34 45 24 63 39 13 28 25 48 21 29 7 41 54 47 40 6 52 32 57 3 44 51 15 11 30 26 64 50 22 37 12 55 2 36 62 61 10 4 9 43 1 35 18
64 16 4 42 28 25 2 33 56 37 44 51 61 27 38 26 31 22 6 41 30 1 17 13 34 24 58 19 23 50 60 49 36 12 32 5 21 35 54 45 55 7 40 8 43 29 9 10 59 20 57 63 53 52 15 47 62 3 14 11 46 18 39 48
29 23 46 59 38 31 28 12 8 14 51 19 1 7 40 35 41 17 36 3 37 32 2 60 24 39 22 57 63 49 9 50 52 58 20 13 15 48 10 62 6 42 44 27 18 11 55 21 5 43 53 47 33 34 30 26 56 64 54 4 25 16 61 45
30 20 47 43 57 16 5 28 24 4 61 37 19 32 45 31 58 49 18 10 35 64 51 62 41 40 60 22 33 13 54 3 27 6 26 53 63 1 39 29 21 56 48 23 14 36 59 11 9 55 38 17 15 44 46 12 7 52 25 8 2 50 34 42
39 61 33 24 64 11 55 34 27 10 20 6 22 54 36 59 26 48 1 45 2 31 9 51 30 49 42 58 41 56 50 53 63 52 60 35 46 8 7 5 43 47 38 4 44 57 25 23 21 32 19 62 37 15 16 40 17 28 3 29 14 12 18 13
63 46 23 47 58 26 44 17 5 41 64 39 54 18 43 51 60 35 16 27 15 53 11 7 1 45 56 37 61 55 20 29 22 3 19 59 42 14 36 10 25 31 8 38 4 40 49 62 52 30 32 2 24 9 12 50 57 13 21 6 28 34 48 33
35 42 54 57 63 33 51 5 28 8 21 15 38 52 7 2 11 13 43 53 45 4 61 58 20 22 27 1 3 64 48 31 56 19 30 24 60 44 14 40 49 17 9 18 55 26 50 25 16 29 46 41 32 36 34 37 10 12 6 62 59 47 23 39
38 13 42 40 15 54 39 19 34 27 1 14 28 31 29 62 55 30 37 35 49 12 25 59 50 10 52 5 6 41 33 58 32 46 57 64 51 53 4 20 56 11 23 45 22 61 24 9 36 3 8 7 48 16 43 2 44 18 63 26 17 60 21 47
15 2 44 56 37 13 50 52 4 45 3 9 21 28 6 23 57 10 19 32 62 17 12 29 38 20 63 59 60 34 5 39 55 26 11 33 47 46 8 22 7 30 54 1 64 16 53 51 25 40 58 24 27 35 14 42 36 48 41 31 18 49 43 61
43 53 64 62 30 8 33 22 60 2 15 46 40 5 34 19 56 3 25 61 12 58 21 1 48 9 49 11 10 44 6 37 47 28 63 52 36 24 38 18 42 45 17 16 27 59 4 35 55 31 14 13 26 57 41 51 29 50 20 39 23 7 32 54
17 34 18 20 42 32 1 3 12 35 59 64 52 7 9 37 16 61 49 58 44 21 62 47 40 23 33 30 36 4 41 60 43 14 2 28 13 11 31 46 53 29 10 25 57 5 54 8 15 27 50 19 56 51 55 45 6 22 39 48 26 63 38 24
26 63 62 31 16 28 54 13 9 7 2 44 46 12 64 50 32 5 51 22 36 15 52 21 19 60 47 42 38 20 39 18 24 61 29 41 17 59 3 55 14 8 57 11 34 10 56 27 35 53 4 43 1 33 49 6 45 30 40 58 48 23 25 37
52 18 55 29 34 53 57 36 13 42 35 59 2 48 20 58 3 60 7 28 23 27 64 49 9 1 19 40 15 37 4 43 14 22 41 50 38 12 51 47 30 16 33 63 25 24 61 56 44 39 10 32 45 54 31 8 26 46 11 17 6 21 62 5
11 30 36 37 10 34 40 38 17 58 7 23 29 25 60 16 52 24 48 57 54 26 3 28 42 61 39 62 51 15 56 55 45 1 18 53 14 41 9 21 47 32 49 50 63 2 12 4 27 19 64 8 6 5 59 33 20 31 44 35 22 43 13 46
16 45 58 8 39 6 20 41 50 22 49 48 25 42 47 14 1 59 13 15 64 56 63 10 43 7 55 12 37 38 44 51 21 5 17 61 24 27 2 52 40 35 31 60 53 4 3 32 29 26 62 11 9 46 33 28 19 23 18 34 36 57 54 30
6 35 50 5 36 46 37 24 25 39 52 11 44 55 31 63 4 18 54 48 14 8 57 32 17 2 21 56 45 16 51 10 60 64 58 43 40 47 19 30 33 27 13 29 3 15 7 26 20 9 41 61 23 59 28 34 12 62 42 22 53 38 1 49
61 1 9 22 50 59 63 12 6 33 23 34 43 35 10 24 11 21 55 41 20 14 16 5 51 8 32 4 17 19 49 27 53 37 46 3 31 38 40 64 54 26 2 30 60 28 48 42 18 45 52 44 58 47 25 13 62 7 56 15 29 39 36 57
7 58 31 45 55 39 21 35 43 56 54 50 23 27 8 44 60 42 28 62 33 57 34 53 18 6 41 49 26 30 11 1 29 40 52 36 22 17 48 9 63 20 12 2 5 13 37 19 59 46 25 10 14 4 61 24 16 15 47 3 38 64 51 32
12 25 14 48 31 30 27 10 38 13 45 36 59 18 3 47 5 55 8 29 56 23 60 44 28 19 40 64 35 53 46 52 33 16 37 22 26 42 63 39 17 41 62 43 6 7 2 1 50 61 11 9 51 32 54 49 34 21 57 20 4 24 58 15
44 49 48 35 1 64 15 25 42 20 57 45 27 30 23 33 21 37 53 34 62 52 10 60 2 4 8 61 11 14 19 12 54 39 38 6 5 36 13 63 46 28 50 41 31 43 59 47 24 16 56 3 22 18 29 55 32 26 17 51 40 9 7 58
53 28 59 19 27 52 36 57 22 1 15 25 32 44 21 54 33 29 46 38 2 3 18 41 8 39 35 26 31 45 64 6 17 43 13 47 30 55 56 16 23 58 14 34 24 37 49 50 61 12 5 42 40 62 63 7 51 4 9 11 60 48 20 10
45 5 2 1 28 3 34 6 48 61 9 41 58 40 49 25 12 51 43 33 60 35 53 56 21 54 17 31 30 39 10 20 59 13 7 29 55 26 47 38 32 64 18 62 8 11 15 63 23 52 27 50 42 24 57 46 4 14 36 37 16 19 22 44
57 50 11 30 26 43 45 4 46 24 59 38 5 36 28 3 6 44 31 40 22 2 8 34 13 17 23 32 60 63 21 7 64 12 10 9 29 16 1 54 35 51 15 55 41 39 58 52 48 14 62 33 18 49 19 61 25 47 37 56 42 27 53 20
49 14 51 9 13 35 4 27 10 28 21 39 50 29 33 45 23 31 6 26 37 61 62 24 7 11 64 53 57 48 63 30 40 42 60 20 56 32 16 1 34 15 55 59 47 46 18 54 17 44 12 2 43 22 3 36 38 5 58 25 8 41 52 19
54 48 26 52 58 63 64 2 14 16 44 5 20 34 32 57 25 4 18 55 13 40 56 22 47 42 60 62 6 50 37 15 51 27 35 8 33 39 61 7 45 11 46 24 36 9 17 49 41 1 3 59 30 31 23 12 29 53 38 19 21 10 43 28
36 12 22 60 49 15 26 14 57 10 51 17 62 32 5 55 27 56 30 20 46 53 54 63 59 47 3 50 25 8 1 39 9 23 29 33 58 40 35 6 44 38 43 18 42 16 13 11 28 2 24 4 31 19 64 52 37 48 34 21 41 61 45 7
25 57 56 55 61 18 32 34 19 5 20 26 35 51 13 22 44 43 16 37 8 46 6 54 48 49 28 58 15 24 17 59 38 47 11 40 45 30 33 41 31 23 36 3 7 53 64 29 1 42 39 12 52 21 10 9 2 60 27 14 63 4 62 50
55 16 54 36 53 51 47 40 2 23 34 21 17 33 63 48 13 52 24 3 10 58 15 29 38 43 30 20 27 6 8 9 50 28 5 37 61 45 57 42 26 4 60 49 46 41 22 7 56 62 44 31 11 1 18 35 14 12 59 64 25 32 19 39
33 59 17 50 19 41 16 45 32 37 4 42 30 6 55 10 46 1 60 5 51 21 11 7 34 36 39 47 38 43 27 35 22 31 20 13 23 9 52 25 8 49 53 56 28 61 44 14 54 29 58 63 48 12 40 2 3 57 62 24 15 18 26 64
29 34 1 32 12 27 39 54 61 41 64 47 36 53 18 2 31 62 63 30 9 56 13 42 45 20 26 21 37 35 16 5 58 57 19 24 28 23 43 59 49 7 4 38 15 40 14 22 46 33 10 52 17 55 11 50 48 3 60 44 6 51 8 25
24 45 33 53 54 25 2 47 23 32 37 16 15 10 43 62 41 59 3 4 49 42 19 51 52 30 38 57 63 34 55 64 27 9 26 58 8 50 60 39 6 12 22 44 35 1 31 36 14 5 56 11 21 7 13 20 28 29 46 61 18 40 48 17
4 18 60 44 41 55 28 43 33 8 36 9 48 13 57 54 58 39 34 10 42 17 16 14 3 52 24 25 61 30 11 29 2 1 32 59 64 5 38 20 37 62 51 23 45 35 27 31 6 7 63 22 53 56 21 26 46 19 15 47 49 12 50 40
19 23 6 10 60 35 8 1 41 54 50 63 49 59 7 46 34 27 26 17 30 4 22 31 14 24 58 11 52 16 47 42 57 3 28 15 38 56 9 45 21 55 5 51 39 44 20 40 32 13 53 29 36 64 48 37 43 25 2 62 61 33 18 12
63 31 23 54 38 50 51 28 45 4 33 35 29 41 58 16 7 10 11 13 15 60 25 30 9 59 43 22 17 37 61 40 55 34 53 5 12 19 36 46 24 18 48 21 32 26 57 62 47 6 42 1 3 14 20 8 56 64 49 52 2 44 39 27
30 43 48 42 21 31 12 17 1 25 60 10 11 63 39 59 56 37 13 52 19 26 35 58 20 5 40 44 45 41 23 2 54 46 55 28 32 61 8 62 29 50 47 27 18 14 16 9 22 49 4 36 15 3 33 24 64 38 53 6 7 34 57 51
64 9 45 13 37 2 56 53 60 59 19 6 27 57 51 35 50 24 36 23 34 1 55 48 58 62 4 63 26 21 12 49 14 40 3 31 10 32 39 29 25 22 52 15 17 46 5 44 33 43 18 16 7 41 54 28 61 8 20 30 47 11 38 42
56 14 13 25 63 43 3 33 28 50 1 51 5 39 23 55 61 17 40 60 54 27 12 38 44 22 32 53 41 57 20 58 4 6 48 49 21 35 34 47 62 42 29 16 11 36 45 18 64 15 8 7 59 37 2 10 52 24 19 9 30 31 46 26
11 20 46 39 15 4 10 5 34 52 14 58 36 54 8 45 64 33 19 7 59 12 51 13 27 9 2 28 32 22 3 53 47 17 30 61 50 48 18 57 41 29 40 1 43 24 26 60 16 25 21 38 62 55 31 42 23 44 6 56 37 49 35 63
55 42 31 59 23 61 29 22 63 45 54 3 10 15 20 26 57 49 64 2 35 25 17 8 39 34 5 4 50 14 48 37 53 19 27 41 56 11 40 58 13 16 44 7 47 62 9 21 52 30 32 51 33 60 12 6 36 28 18 46 43 24 1 38
62 30 64 23 16 39 44 55 6 42 5 1 35 49 59 13 47 61 38 9 33 32 2 11 50 40 22 19 3 51 31 28 46 58 21 36 60 41 56 52 26 17 27 45 48 29 53 25 37 20 57 8 24 18 15 43 7 10 12 63 4 14 34 54
21 51 32 18 40 27 50 37 64 49 61 4 26 28 29 30 45 20 23 13 12 15 38 17 41 53 33 5 35 59 10 31 19 16 1 44 3 52 7 48 43 34 39 8 58 25 24 42 57 56 46 62 14 63 36 54 6 9 11 2 55 60 47 22
15 19 14 29 13 5 24 52 27 43 35 7 23 64 38 57 16 22 48 36 56 41 39 62 40 45 42 59 1 53 60 50 63 2 44 20 17 12 58 10 61 3 9 37 46 51 25 28 21 31 11 32 6 4 34 55 30 18 26 49 8 47 54 33
43 5 55 7 44 6 47 23 57 27 3 15 32 38 33 24 18 48 37 62 11 64 53 19 26 13 61 56 49 58 39 63 20 22 41 12 42 45 21 51 9 60 54 52 31 59 34 8 36 14 25 35 16 28 17 40 10 4 1 29 46 50 2 30
16 25 62 43 53 11 1 64 44 22 52 37 20 19 9 48 26 35 59 15 7 6 58 14 36 57 41 40 23 3 46 56 8 5 18 51 47 17 13 54 12 31 38 4 24 30 50 33 29 63 34 55 32 2 60 45 42 49 39 27 28 10 21 61
38 24 35 41 64 25 20 42 12 2 23 11 17 31 32 58 19 40 6 52 45 18 57 15 63 8 56 1 44 48 4 60 33 61 46 13 49 26 10 22 34 30 53 29 16 3 37 54 5 39 50 47 43 9 28 62 55 51 21 14 59 7 36 27
53 58 44 64 20 51 27 19 37 39 38 22 13 46 5 2 28 54 7 26 16 57 21 56 17 4 63 18 31 49 59 43 62 33 34 50 24 23 6 3 35 45 8 12 42 15 55 32 9 61 60 10 11 1 41 47 14 52 36 25 40 30 29 48
39 53 7 33 34 30 57 20 10 14 50 56 43 52 40 49 23 29 54 28 27 48 1 2 6 38 19 37 11 15 8 35 45 60 17 63 51 36 31 21 42 61 5 44 22 64 62 55 4 13 41 24 9 12 59 46 26 47 58 32 25 16 3 18
17 21 29 45 11 18 33 38 2 12 49 59 22 48 28 8 55 3 46 7 36 14 61 31 1 10 35 32 24 62 6 4 13 26 52 64 39 51 54 40 15 50 47 27 9 53 44 30 25 58 19 41 37 63 43 60 16 5 34 20 42 56 23 57
3 27 51 62 26 59 40 29 4 23 34 19 21 15 31 37 48 46 28 17 14 11 45 1 18 6 52 12 16 64 63 5 24 42 25 58 36 50 47 9 8 20 60 49 35 13 22 56 55 44 38 43 30 32 57 33 7 2 41 39 54 61 53 10
57 32 47 35 50 15 4 24 9 33 19 64 54 12 49 44 51 31 53 5 23 8 10 59 42 61 55 26 7 38 41 3 21 37 43 39 6 46 20 60 56 58 48 30 28 16 14 1 18 40 52 17 45 34 29 36 22 63 25 11 2 27 13 62
35 57 42 30 1 33 36 41 45 56 60 46 50 63 3 14 32 52 25 34 44 53 23 24 48 43 8 6 10 20 5 9 7 54 37 59 29 55 2 38 31 19 62 21 4 11 18 51 15 16 12 49 27 64 61 13 28 26 40 17 22 39 58 47
26 35 58 8 42 16 37 64 41 28 3 40 59 53 21 51 27 60 49 2 61 45 34 13 19 1 6 50 33 12 47 18 17 39 10 29 11 24 4 55 32 14 44 7 15 43 30 23 9 48 54 46 36 22 25 52 20 62 56 31 38 57 5 63
54 46 50 9 39 55 2 3 49 58 36 48 19 42 60 33 4 44 43 10 59 31 63 8 24 5 27 20 30 6 15 12 38 51 57 53 26 16 35 1 17 23 18 56 34 28 13 47 21 32 7 22 40 62 11 61 45 14 37 64 29 41 52 25
61 10 18 34 46 54 28 17 23 21 20 50 25 59 6 22 58 53 8 39 62 29 26 42 27 47 11 14 36 55 1 33 56 57 38 37 15 5 48 30 49 41 40 16 60 4 51 64 24 45 44 19 31 7 3 35 43 13 2 63 52 9 32 12
49 2 9 59 25 28 3 46 33 50 57 36 38 13 16 19 11 6 26 29 20 52 8 58 45 34 47 30 64 43 56 1 40 14 60 35 63 27 32 18 54 21 55 15 41 39 48 4 37 12 5 61 53 24 10 51 62 31 42 44 7 23 22 17
12 49 36 47 28 41 26 43 63 35 1 7 58 18 10 25 19 13 31 40 9 61 29 62 20 54 21 42 56 8 33 30 32 64 5 24 23 39 57 6 3 15 52 11 53 59 17 27 16 46 14 2 22 44 55 50 34 60 38 4 48 45 51 37
6 63 10 37 8 36 12 22 14 5 61 39 7 49 34 3 60 56 40 20 42 35 18 28 58 11 2 47 33 4 19 64 43 17 59 52 13 30 1 25 44 51 29 62 45 41 9 50 27 55 21 31 26 54 23 15 32 46 57 48 53 38 16 24
44 1 15 48 32 52 58 23 24 38 54 63 28 36 47 53 12 55 51 27 19 39 3 34 41 62 17 21 11 35 50 6 29 40 13 5 31 9 16 42 30 46 4 25 64 10 45 26 14 49 61 57 7 37 18 2 33 22 59 8 60 43 20 56
2 44 4 20 27 64 29 53 8 24 33 25 16 30 45 10 50 18 34 60 7 11 54 38 3 17 5 31 57 36 43 42 39 6 35 9 61 59 19 41 46 28 22 23 55 62 58 52 56 1 63 13 15 49 14 40 48 12 51 47 26 21 37 32
39 28 62 7 55 46 21 35 31 49 6 56 1 57 36 47 16 4 54 53 15 26 11 41 34 60 23 61 40 44 37 2 9 43 3 22 50 19 52 5 45 32 27 59 25 29 64 10 20 33 24 12 42 14 13 18 38 63 30 51 17 48 8 58
7 12 11 25 31 53 34 1 38 48 51 37 64 27 41 9 13 43 30 3 10 46 56 29 47 20 58 44 24 59 49 52 36 22 6 8 45 40 63 54 55 35 32 60 5 57 16 14 33 42 15 62 18 21 2 26 61 28 17 39 23 4 50 19
62 48 28 31 57 3 10 14 56 25 45 5 46 35 55 32 26 42 60 4 8 2 24 54 9 22 30 58 44 50 16 63 51 19 21 47 33 38 49 11 53 7 12 18 6 64 27 17 29 15 23 36 1 41 59 20 52 43 39 34 37 13 61 40
45 17 29 62 21 63 8 47 43 59 7 31 48 41 13 60 1 30 9 55 16 23 32 53 44 19 64 25 51 34 27 10 42 52 58 15 28 61 54 22 40 4 14 38 11 2 57 36 35 5 37 33 56 3 24 12 46 50 6 49 18 39 26 20
36 50 7 38 12 35 5 34 13 56 64 41 30 39 18 10 33 20 1 45 32 47 15 25 43 23 22 63 48 3 17 27 60 58 26 6 55 42 14 40 62 29 46 51 8 37 61 44 57 2 59 16 52 31 49 9 4 24 53 19 28 11 21 54
52 10 2 13 60 61 63 5 17 20 9 45 49 25 57 4 34 51 18 23 11 41 6 56 39 42 40 59 46 62 12 29 50 26 53 33 14 47 7 1 21 38 31 55 36 24 54 35 22 43 64 3 58 30 16 48 44 8 27 37 15 32 19 28
25 35 49 19 36 8 45 27 46 61 14 3 15 6 59 50 44 54 13 57 34 18 58 51 52 9 63 28 30 38 55 40 56 48 10 31 12 32 33 16 24 22 43 37 7 5 20 21 1 26 4 11 17 60 64 62 23 53 47 2 41 42 29 39
5 27 42 22 58 34 56 37 55 13 35 15 61 54 10 25 18 21 59 9 49 6 39 17 63 40 32 53 50 45 64 20 41 2 28 43 30 44 51 60 23 26 33 1 24 3 31 11 4 7 8 52 62 36 48 14 12 38 19 29 47 16 57 46
16 13 53 55 49 31 32 10 61 45 37 43 38 34 6 51 20 1 41 30 22 14 2 48 7 52 26 12 23 63 39 59 42 47 57 28 5 35 4 18 29 56 15 8 58 44 24 33 17 3 60 9 21 46 40 27 64 25 11 62 36 19 54 50
4 32 31 44 30 50 16 33 48 29 21 34 1 14 9 47 57 17 64 38 35 25 60 19 40 49 28 11 10 13 61 42 62 12 37 39 22 53 43 58 6 55 36 24 18 51 5 54 46 52 41 8 59 15 20 45 2 23 3 27 63 56 7 26
63 20 18 24 10 13 50 28 60 54 4 22 2 5 64 37 62 61 36 15 30 12 35 11 8 59 49 57 45 19 23 7 32 31 41 40 58 56 9 42 25 27 39 43 16 26 53 29 48 6 38 1 3 47 34 33 17 21 14 52 46 44 55 51
61 24 26 54 15 11 55 20 5 39 2 35 44 29 43 23 28 49 63 32 56 1 17 22 38 57 41 42 31 21 14 50 59 13 40 3 8 30 34 10 47 18 9 45 27 25 4 62 52 19 12 7 51 33 60 37 36 48 46 6 16 64 58 53
46 57 59 29 63 2 24 4 1 12 5 38 11 33 13 49 31 48 55 39 54 15 40 30 14 45 43 22 26 64 56 16 51 28 52 8 21 41 58 62 37 47 50 3 17 9 25 7 36 27 32 42 23 19 18 60 6 10 20 35 61 34 53 44
15 58 56 64 19 46 51 29 50 16 6 47 54 44 31 53 45 35 3 37 42 32 9 7 28 36 60 26 52 20 11 12 63 27 43 41 40 1 10 57 33 49 38 2 55 14 62 22 5 39 18 4 48 59 17 24 25 30 23 21 8 13 34 61
21 18 14 36 39 33 20 40 32 22 45 11 58 28 63 59 5 24 19 41 13 27 10 42 50 8 4 37 49 12 3 30 52 23 17 61 38 55 35 51 48 64 25 9 53 15 2 60 47 62 34 29 16 56 31 6 57 44 26 46 54 1 43 7
57 25 35 23 61 41 39 36 34 1 51 10 30 40 28 8 3 60 24 62 27 48 52 31 42 38 33 19 47 58 20 37 17 16 55 5 64 50 21 29 7 11 4 26 32 46 59 49 18 22 53 44 6 2 15 54 56 14 12 9 43 63 45 13
29 1 13 43 38 4 54 55 22 10 52 58 40 64 47 48 25 27 62 33 12 3 50 15 30 24 56 17 16 6 9 53 57 34 20 7 60 11 8 5 46 44 23 41 39 36 26 19 61 45 14 63 37 28 21 35 42 51 18 32 59 31 2 49
11 2 51 52 41 39 1 54 31 35 14 26 48 18 29 17 53 62 37 36 33 60 45 10 59 6 61 40 7 16 21 58 64 46 47 12 32 27 57 3 30 8 43 23 5 4 22 56 44 20 25 50 24 55 28 34 19 9 63 15 42 49 13 38
43 53 45 39 42 14 12 38 5 33 59 9 19 55 36 3 47 22 28 58 20 8 34 1 26 17 23 6 60 15 32 18 2 61 25 49 56 46 40 21 41 62 51 29 44 7 37 31 54 63 50 35 27 16 30 13 10 57 4 11 48 24 52 64
24 46 4 60 31 55 15 42 19 8 1 44 62 38 23 22 7 13 11 20 37 53 64 63 51 2 17 47 3 56 10 39 45 33 27 29 30 59 32 6 12 16 52 34 57 35 18 40 50 25 58 41 43 14 54 28 26 49 9 61 21 48 36 5
35 61 44 45 16 36 27 52 42 41 15 6 29 53 33 24 46 37 31 28 51 58 1 59 47 7 30 56 17 8 54 2 43 39 19 63 10 5 48 38 14 3 18 4 34 40 50 9 64 21 11 13 32 62 12 49 23 26 60 20 55 57 25 22
38 9 15 8 37 6 44 19 48 43 20 21 22 36 40 31 61 18 23 4 46 64 26 16 62 53 58 52 27 24 1 49 7 59 34 35 13 47 39 55 63 45 14 50 60 11 56 28 25 29 5 57 42 12 41 51 30 2 54 3 17 10 32 33
26 21 54 33 32 2 5 46 55 7 38 23 25 42 58 63 52 40 16 48 64 57 8 14 18 10 19 49 35 36 31 28 50 60 44 20 17 24 6 45 13 22 12 59 41 39 3 30 53 9 27 51 11 34 29 61 37 62 15 47 4 43 1 56
54 49 36 1 57 51 26 41 28 37 44 62 59 10 20 60 21 5 7 13 14 29 12 2 50 39 24 30 63 22 47 27 40 42 11 64 23 17 31 9 55 4 46 52 45 53 34 32 6 16 19 61 33 18 43 8 3 15 56 48 58 38 35 25
12 19 58 10 8 32 21 17 50 38 16 42 45 30 39 33 64 29 25 34 61 35 18 24 2 23 6 20 1 41 44 56 36 5 63 15 31 9 3 7 53 60 27 37 28 57 14 55 40 48 54 59 62 22 11 43 46 13 49 51 52 4 47 26
33 28 6 35 54 30 29 45 25 52 34 40 20 13 60 14 41 42 53 27 36 4 22 58 17 61 26 64 37 49 63 1 24 3 18 44 5 39 56 48 23 12 50 55 43 59 15 8 32 46 21 38 31 9 57 10 2 19 62 11 16 7 51 47
5 43 64 41 26 34 58 24 8 14 61 11 50 63 32 39 51 6 48 52 45 17 29 7 16 62 49 1 36 35 33 15 38 27 13 9 55 42 20 30 56 31 54 60 47 28 2 25 44 40 57 10 59 37 19 46 4 18 21 22 23 12 3 53
19 48 10 5 55 16 45 27 17 4 35 1 28 57 7 62 56 53 6 26 9 31 61 8 58 47 22 14 41 39 60 52 33 2 46 43 3 51 36 20 34 42 29 12 11 30 13 18 54 32 15 24 40 59 63 21 38 64 44 25 49 50 23 37
17 12 28 53 44 3 34 40 43 58 49 14 15 19 55 32 7 10 8 29 62 45 57 13 1 54 42 50 9 48 37 33 60 16 38 51 46 26 2 11 61 35 22 18 25 5 59 63 64 30 52 31 21 24 23 36 20 4 41 56 6 47 39 27
64 53 11 47 12 54 28 35 24 2 60 30 49 44 34 58 6 59 46 57 15 40 51 38 36 13 43 31 16 37 41 63 9 26 7 22 39 19 1 25 62 50 55 8 48 10 20 4 23 56 61 32 45 21 33 18 52 3 42 14 29 27 5 17
53 51 55 30 40 35 3 29 1 28 9 44 46 32 5 16 13 39 11 22 8 2 23 62 43 60 63 21 7 57 49 6 54 37 59 58 50 14 25 64 45 26 17 56 31 41 27 36 20 15 24 12 18 19 10 52 61 47 34 4 38 33 48 42
56 34 62 48 36 53 63 20 44 21 54 47 10 64 8 23 55 33 43 7 27 46 25 59 6 42 28 32 57 4 14 60 29 9 1 52 40 16 38 39 24 15 13 51 22 11 49 35 50 19 3 2 26 30 61 41 12 5 17 31 37 45 18 58
49 27 9 36 25 43 33 57 46 13 50 59 16 51 40 5 32 4 30 23 34 26 19 11 7 22 35 64 6 14 29 3 8 56 63 24 45 61 18 54 47 58 60 2 42 37 12 10 28 31 39 17 1 15 55 62 48 52 38 21 53 41 20 44
6 44 32 18 64 52 37 38 13 5 33 43 17 12 45 19 41 56 51 53 23 61 50 63 34 1 8 4 49 55 59 35 39 54 27 47 26 48 40 62 42 20 31 24 15 29 3 11 57 16 10 46 58 7 36 14 25 9 30 2 60 21 22 28
16 5 23 43 11 8 55 37 41 48 7 22 44 49 21 57 28 46 62 35 10 42 24 19 13 59 52 18 56 51 15 4 20 34 29 6 58 12 47 38 54 17 39 27 64 61 50 40 53 2 45 36 14 63 25 26 33 31 1 9 30 60 3 32
45 31 46 39 23 18 8 34 61 24 37 19 64 35 57 2 62 54 63 10 33 47 15 16 27 11 3 26 60 43 6 56 40 48 5 59 29 36 52 9 21 49 32 25 4 13 30 51 55 42 50 7 53 1 41 20 22 44 58 17 28 14 38 12
33 24 17 64 1 28 10 5 60 39 19 4 2 29 3 45 12 49 55 61 11 52 14 53 20 57 27 9 32 41 43 50 21 13 38 37 22 35 16 59 26 46 36 15 7 40 31 42 18 58 34 44 30 54 47 48 56 8 25 6 63 23 51 62
36 45 47 33 41 50 2 25 14 27 64 51 43 59 63 9 61 21 19 40 42 23 13 49 52 20 56 5 3 34 48 10 58 39 44 31 28 38 60 29 37 32 8 30 35 26 62 17 6 7 53 11 15 4 54 12 55 46 57 24 22 16 1 18
52 9 60 32 20 25 16 28 23 42 57 46 59 40 38 33 53 30 26 17 7 11 64 54 19 4 5 6 27 21 50 39 13 58 18 3 12 45 34 41 29 61 62 43 44 1 51 14 48 63 37 55 22 31 2 47 36 49 56 8 15 24 35 10
7 49 26 56 46 63 4 12 38 29 23 5 54 27 16 37 34 43 60 55 59 24 57 28 45 52 2 40 61 22 8 20 64 33 35 50 14 42 19 10 41 51 9 62 6 53 17 21 25 1 11 47 3 32 13 15 44 48 36 31 18 30 58 39
62 18 50 54 49 15 20 2 19 37 3 31 32 38 29 4 21 55 48 58 60 56 53 22 9 40 47 61 30 35 17 7 59 1 34 51 11 26 13 46 33 41 10 45 8 43 57 23 5 12 42 16 52 44 14 24 6 28 63 27 36 39 25 64
55 58 48 50 15 11 47 14 10 45 59 16 23 6 43 26 3 52 13 60 35 64 51 44 63 9 21 1 33 49 46 40 56 22 25 28 8 12 18 30 31 29 53 38 39 7 4 27 37 5 19 62 17 36 24 2 42 57 41 34 54 61 32 20
44 35 22 41 58 13 50 4 6 20 2 9 38 14 18 60 25 62 49 45 12 39 56 34 42 5 55 19 47 59 16 29 53 28 1 64 21 51 61 3 32 23 40 11 31 57 54 7 36 27 8 43 48 33 30 10 17 26 37 15 24 63 52 46
3 25 2 20 27 59 57 43 4 50 34 58 10 5 51 35 45 44 24 37 22 14 17 60 26 36 38 49 31 53 12 16 8 19 30 6 64 1 11 48 9 28 33 56 41 15 61 52 40 13 46 29 55 47 21 18 32 23 54 39 7 42 62 63
25 28 10 13 34 64 26 54 42 59 60 35 61 33 39 32 31 51 53 62 2 27 38 58 8 19 41 20 11 48 23 55 63 17 43 22 49 44 1 21 6 30 15 9 36 24 37 56 29 46 12 52 14 16 57 50 45 18 4 3 47 40 5 7
21 17 44 29 63 54 58 42 37 16 36 34 45 28 33 53 5 31 8 41 20 18 12 10 59 39 40 30 35 57 9 6 38 51 48 52 61 19 14 47 43 7 2 3 46 4 25 1 22 55 23 32 24 60 15 27 64 62 49 56 26 11 13 50
38 46 32 1 21 31 44 36 28 54 23 10 11 42 41 13 51 27 3 30 37 29 40 17 24 34 52 58 63 16 20 9 4 60 26 33 15 50 39 45 25 55 5 8 57 35 48 62 47 43 56 22 7 49 12 6 14 64 59 61 2 18 53 19
2 63 7 45 28 27 36 1 34 33 38 15 5 18 20 50 64 40 46 3 49 31 21 30 39 24 60 42 52 4 55 43 22 12 32 53 8 48 58 6 17 47 25 51 16 62 26 29 35 56 44 10 23 41 11 37 57 13 19 14 59 9 61 54
63 13 54 22 42 53 28 47 14 25 5 36 21 39 59 3 46 20 37 32 19 15 35 1 41 49 11 31 26 62 27 64 29 61 60 58 51 30 56 52 40 18 38 7 34 16 44 9 4 48 57 50 33 2 10 8 43 12 23 17 6 45 55 24
11 61 58 31 38 8 39 23 5 12 43 26 25 52 36 24 4 37 16 15 51 57 9 29 28 45 64 63 50 20 19 33 47 59 13 35 6 40 49 55 44 27 32 34 60 2 53 54 17 14 18 41 1 56 48 42 3 21 62 22 30 10 7 46
29 57 6 60 30 52 24 33 13 38 15 45 46 12 49 31 58 48 59 9 16 41 11 42 44 8 5 56 23 37 4 1 20 43 2 40 14 27 3 64 35 21 55 50 22 39 7 47 61 62 25 63 17 18 28 54 26 10 51 19 53 34 36 32
35 20 59 10 16 18 64 3 45 23 50 21 15 51 32 47 26 46 36 13 44 17 63 48 14 22 4 28 41 24 11 53 33 42 37 12 29 39 52 25 7 38 31 1 27 9 5 49 56 40 54 61 6 62 43 55 19 30 2 58 8 60 34 57
39 21 62 35 23 61 27 41 46 14 6 56 50 54 60 5 57 42 7 20 64 58 22 13 30 1 8 37 48 15 29 18 24 31 40 63 28 11 47 16 12 19 17 2 53 36 55 26 32 25 52 59 51 4 3 34 10 43 9 44 38 33 45 49
26 30 64 19 12 50 10 53 23 58 57 48 7 15 13 39 16 22 6 28 54 35 34 2 51 20 32 59 37 44 33 49 60 5 11 29 45 61 21 42 3 17 4 18 24 25 56 31 1 9 63 8 27 36 55 46 62 38 47 52 41 14 43 40
24 50 49 8 39 25 51 10 41 52 54 3 40 55 5 44 20 17 64 35 61 53 45 15 13 30 33 22 6 56 21 28 62 47 19 36 38 46 43 58 48 34 57 37 42 14 18 60 27 26 32 31 16 1 59 9 7 4 11 63 29 23 2 12
54 1 55 23 46 51 56 5 48 41 35 62 20 32 31 59 18 4 9 36 30 2 16 14 40 43 24 11 17 50 15 12 27 6 3 39 26 53 25 57 49 64 44 29 63 13 34 10 21 61 7 42 45 47 33 52 28 22 60 37 58 19 8 38
43 19 23 42 57 35 8 29 1 61 16 37 26 10 47 49 50 24 38 53 56 48 18 25 45 6 2 5 51 12 64 30 36 14 7 44 58 59 54 11 63 46 13 55 28 3 17 33 52 21 27 4 9 32 31 60 34 15 40 62 22 41 39 20
53 59 28 9 19 5 29 37 33 7 61 40 35 31 64 57 56 43 34 23 46 45 10 38 3 13 42 21 1 6 41 27 54 52 47 49 22 24 32 20 55 11 8 60 48 62 58 17 15 39 14 51 18 30 63 36 16 2 12 4 25 44 26 50
15 31 46 25 54 3 2 57 55 26 37 51 27 48 9 63 60 5 28 62 10 12 1 41 11 38 61 52 24 64 50 58 13 23 20 59 42 36 8 7 56 14 22 30 45 43 16 4 44 6 21 35 40 34 19 33 29 53 39 32 47 49 18 17
12 43 42 52 37 39 34 55 31 2 44 5 29 35 8 14 48 10 62 33 36 23 26 24 1 54 28 18 64 19 6 4 7 59 58 47 11 17 63 51 9 32 50 41 25 46 45 40 56 20 61 38 53 3 16 49 22 60 27 30 15 21 57 13
64 2 17 44 10 28 12 43 32 4 7 42 58 34 21 30 55 13 54 39 15 40 6 31 62 11 47 57 38 8 56 37 50 46 5 41 24 9 60 18 14 20 49 16 35 53 22 19 33 29 59 36 26 63 25 45 52 3 1 51 61 48 23 27
57 5 45 37 61 63 21 34 22 13 49 1 62 53 55 10 52 35 18 17 8 3 23 51 38 7 6 32 46 14 48 60 39 43 11 20 33 41 2 47 40 56 54 27 4 59 24 9 16 30 64 12 15 31 36 26 44 25 42 29 28 50 19 58
16 48 36 53 26 43 40 12 27 49 64 17 22 19 34 2 6 18 30 4 14 60 58 1 52 59 39 50 45 51 3 5 42 56 63 15 21 8 31 54 41 23 46 25 11 44 62 28 24 32 10 57 55 13 29 35 33 7 20 9 37 38 47 61
56 10 47 55 11 30 54 2 63 48 33 46 28 49 57 25 32 62 31 34 13 1 52 8 6 42 26 12 7 36 61 15 9 3 21 50 39 16 38 5 45 35 51 4 44 64 37 14 53 40 58 17 59 22 23 41 43 19 18 20 60 27 29 24
6 63 15 7 36 11 55 25 50 5 3 38 30 44 43 58 13 27 60 2 45 26 54 53 59 9 41 4 40 19 46 42 33 34 29 24 12 56 35 22 62 18 47 52 64 10 51 32 23 1 39 49 37 21 61 20 17 31 14 8 16 57 48 28
11 12 9 24 25 41 15 23 38 28 1 4 19 63 58 22 47 6 51 57 2 46 29 34 36 52 56 14 16 39 8 10 53 42 43 7 60 32 64 62 54 27 48 59 55 61 50 49 20 31 45 3 30 44 40 17 26 5 21 35 18 13 37 33
61 51 60 38 31 6 1 20 56 43 4 33 44 29 45 9 23 54 25 27 34 8 2 28 50 36 55 40 57 13 10 52 19 17 59 37 49 35 16 41 30 26 39 62 32 5 64 22 14 53 15 24 58 7 18 47 48 63 3 11 21 12 46 42
36 53 11 62 60 34 33 52 12 10 9 41 16 13 23 45 44 29 43 22 8 6 32 48 20 5 35 25 47 55 14 59 57 1 28 31 56 38 7 46 37 58 27 15 3 26 30 63 40 2 18 19 42 24 64 61 51 50 17 21 49 4 54 39
19 45 56 50 41 33 4 40 42 8 20 6 17 46 28 48 1 55 11 10 60 25 9 16 7 53 49 63 32 58 5 31 59 13 35 22 15 23 57 29 61 51 12 26 43 39 14 27 64 44 24 47 3 37 34 62 38 52 36 2 54 30 21 18
17 34 13 59 32 15 16 6 37 21 33 26 11 57 63 8 28 60 1 55 35 42 3 49 27 61 22 44 56 24 54 20 58 31 40 39 46 14 10 38 53 62 18 43 5 41 4 23 25 9 50 2 52 12 47 51 45 29 30 48 36 64 19 7
55 61 29 18 44 13 32 19 17 35 2 22 52 25 59 16 6 39 40 48 64 4 8 7 38 10 30 56 36 62 37 50 47 27 41 28 33 45 20 42 43 3 9 11 58 15 26 51 5 12 53 1 21 54 60 14 23 46 34 49 24 31 57 63
45 14 2 1 40 32 21 28 61 59 23 34 64 30 6 58 7 33 3 29 56 47 13 22 42 4 27 31 11 50 63 55 52 60 44 43 10 17 48 39 49 38 53 41 8 24 57 62 35 15 5 9 36 46 54 12 37 19 18 25 26 16 20 51
44 35 4 13 34 59 45 36 10 29 19 30 49 7 57 23 53 21 38 52 14 32 25 42 26 40 63 6 60 3 27 2 24 39 46 33 61 41 9 11 17 31 43 18 15 37 56 8 47 5 54 50 22 55 20 28 12 51 58 64 48 1 16 62
4 28 49 5 8 27 47 13 60 1 36 25 58 14 7 62 26 56 53 37 54 52 61 44 34 17 38 59 35 64 32 63 2 33 19 20 39 11 6 16 21 55 40 9 18 57 12 50 22 45 23 41 31 15 3 48 30 24 42 46 43 51 29 10
57 17 51 32 20 4 5 14 8 45 64 35 28 27 18 10 33 52 59 60 37 61 11 29 9 42 19 1 30 56 39 40 63 2 26 49 50 24 38 58 6 15 36 12 47 16 54 44 46 62 3 13 48 31 41 43 55 7 25 34 23 21 22 53
3 13 33 52 15 39 63 47 43 22 20 9 29 59 8 37 34 53 18 5 12 4 14 24 17 54 11 30 10 51 23 58 40 48 60 6 64 55 36 57 35 16 62 45 7 1 31 56 61 42 41 46 32 28 49 21 19 25 26 27 2 38 50 44
62 32 59 19 55 18 37 64 9 50 45 14 23 5 33 17 16 40 28 3 10 6 24 30 63 49 43 12 61 8 60 53 56 58 25 51 31 39 57 52 29 47 2 1 27 35 48 26 36 21 4 38 11 22 13 15 46 44 7 20 42 41 34 54
63 31 42 56 64 55 39 4 6 23 49 36 35 54 16 45 5 30 9 41 62 25 50 51 8 38 58 32 46 43 11 27 22 61 1 47 40 12 10 60 34 29 52 24 17 28 20 18 57 3 21 44 53 33 19 13 2 14 15 26 59 7 48 37
56 19 28 8 53 31 54 22 44 41 51 23 43 33 39 26 25 37 63 7 13 24 15 62 1 34 21 42 64 14 59 18 45 40 10 50 12 5 20 55 47 30 60 38 32 2 61 35 17 6 27 57 58 46 16 49 3 52 9 29 4 11 36 48
5 9 50 34 1 16 26 54 25 24 21 39 61 42 10 49 62 31 41 45 36 11 56 17 6 19 60 18 38 15 43 33 32 22 37 59 55 27 13 51 46 44 29 4 35 40 53 47 28 58 7 63 48 12 23 2 20 30 14 3 52 57 8 64
2 50 35 10 19 30 56 45 12 27 59 46 48 40 29 25 13 51 54 58 16 8 34 60 43 7 3 20 24 37 17 39 64 28 55 52 23 53 49 1 42 41 15 21 4 36 44 31 9 22 57 11 62 14 61 33 32 18 38 6 63 47 5 26
49 46 45 22 61 36 34 35 4 38 7 5 54 39 3 14 41 44 37 10 23 47 58 19 24 60 52 57 63 6 9 28 8 26 2 64 30 42 48 59 55 21 51 27 53 29 15 11 1 43 12 17 16 13 33 50 56 31 20 32 40 18 62 25
25 10 47 41 27 8 64 42 22 48 60 56 62 53 38 30 31 59 23 40 45 3 6 63 2 57 28 17 26 58 32 1 7 12 13 5 51 36 35 20 33 19 54 34 44 9 24 21 4 52 37 43 18 16 29 14 61 46 11 15 55 50 39 49
61 44 17 43 8 5 32 1 2 20 16 10 50 46 60 57 18 48 13 26 49 27 38 15 41 39 40 52 45 22 6 56 4 51 58 3 21 14 7 64 31 34 12 29 25 30 55 54 37 63 11 47 33 59 36 62 42 53 23 24 28 9 35 19
35 57 22 60 37 28 50 33 31 13 34 19 2 15 40 39 61 24 16 17 42 26 54 38 18 62 64 21 41 48 10 29 20 47 30 36 5 44 11 9 7 49 14 3 8 59 51 1 6 27 52 55 43 56 25 45 4 23 63 46 53 12 32 58
6 59 26 23 15 50 8 46 43 10 38 21 22 25 51 2 52 1 36 33 61 45 63 58 28 13 35 37 57 53 14 49 29 54 48 41 32 16 40 3 44 4 5 62 24 11 34 55 27 30 56 12 9 7 31 20 64 60 39 47 17 19 18 42
52 1 53 29 57 35 15 17 24 49 37 22 30 55 41 19 32 10 64 34 46 60 16 54 58 59 33 28 31 20 48 5 43 6 21 63 42 23 8 18 26 12 62 25 45 4 2 36 50 39 9 7 56 3 11 61 14 38 44 51 47 27 13 40
12 25 64 33 10 61 44 38 32 54 50 48 17 13 36 24 57 20 31 30 59 56 22 11 51 4 39 53 7 41 16 9 45 52 34 8 15 40 2 21 63 60 43 55 28 3 58 42 29 19 14 46 23 18 47 26 6 5 27 35 37 49 1 62
33 18 36 20 54 11 27 41 60 39 44 59 40 64 58 4 21 49 55 5 51 53 57 8 3 23 6 26 1 12 19 42 38 13 47 28 24 50 31 45 48 7 10 30 2 14 62 52 32 16 63 35 15 34 17 9 46 29 37 25 43 56 61 22
64 21 46 31 49 53 24 27 55 7 4 38 20 28 32 22 12 18 34 57 19 23 40 41 39 36 11 9 3 13 33 37 47 16 5 15 58 59 54 30 25 17 29 50 42 2 45 14 52 26 44 62 1 60 63 35 10 48 56 8 6 43 51 61
53 49 48 42 39 43 29 3 33 16 61 7 44 6 64 59 4 37 62 32 15 12 23 31 45 5 26 58 50 38 46 35 51 14 27 9 11 1 34 54 13 28 60 52 36 10 17 56 21 20 8 19 22 24 55 41 57 47 2 63 30 40 25 18
45 20 44 39 50 51 4 47 19 5 54 17 27 32 28 8 48 61 6 37 30 18 52 10 40 1 24 64 23 59 41 15 21 57 53 29 63 35 9 25 43 42 38 26 60 13 22 11 46 56 34 49 31 2 14 12 36 3 62 58 7 16 55 33
39 45 55 35 44 54 57 28 42 37 52 51 15 31 49 33 23 5 24 9 22 32 18 41 14 10 43 11 17 36 61 64 13 19 20 40 29 38 56 47 3 50 46 16 6 7 12 30 53 25 60 8 27 21 59 34 2 62 1 48 58 4 26 63
16 5 23 54 20 64 12 24 61 2 43 31 1 36 21 48 3 46 8 60 33 17 19 62 11 6 4 50 47 35 49 10 27 59 38 37 22 56 18 7 32 29 40 45 14 9 25 28 55 13 58 42 26 41 34 52 51 63 57 30 15 44 53 39
17 58 15 37 36 41 10 13 27 33 23 14 5 57 31 62 50 56 49 40 20 1 35 63 30 53 42 4 9 34 55 43 54 60 7 22 6 8 3 48 45 32 39 11 64 29 18 25 44 61 46 52 59 19 2 28 38 26 12 21 16 24 47 51
21 27 18 25 11 52 45 34 10 35 14 9 38 19 55 63 20 17 26 29 12 41 61 13 44 24 47 56 32 39 50 4 57 40 3 43 28 30 36 6 23 16 53 49 58 15 7 62 33 46 64 1 42 37 60 51 22 8 59 31 2 48 54 5
29 35 31 30 38 6 63 53 17 26 2 15 32 52 34 16 64 42 18 4 44 58 55 14 9 20 8 49 36 56 11 7 39 48 46 24 3 45 1 40 47 51 22 60 43 25 5 50 27 62 61 59 37 54 10 13 12 28 21 19 41 33 23 57
38 28 54 5 42 63 36 4 23 52 9 1 16 41 43 3 58 62 7 45 27 46 8 53 20 30 22 14 49 44 12 60 2 33 29 35 13 26 32 10 24 11 31 59 18 64 61 19 17 55 39 51 6 47 57 48 25 21 15 56 40 34 37 50
62 14 56 55 16 3 5 17 41 58 19 6 26 49 20 37 46 33 51 2 42 57 45 59 52 22 38 25 27 63 23 12 40 64 35 53 8 32 39 60 54 44 36 15 34 28 31 18 61 29 10 9 24 1 48 43 7 50 47 11 4 30 21 13
24 51 58 39 53 13 20 27 63 4 15 3 19 59 18 47 34 54 30 22 7 35 32 25 62 17 21 5 48 57 37 6 52 26 60 31 56 9 40 16 61 55 8 12 11 1 14 44 50 45 38 10 36 49 33 42 64 43 41 2 29 23 46 28
54 24 29 31 26 2 40 14 1 28 3 23 43 18 47 46 33 39 48 17 34 42 10 44 13 61 49 62 27 45 64 59 41 37 11 50 38 5 52 9 25 58 57 56 15 16 30 35 6 12 53 36 21 4 20 55 19 51 60 22 8 63 7 32
19 43 6 42 27 25 54 55 50 8 35 63 21 14 41 23 47 3 64 48 45 39 13 11 24 40 17 22 33 62 5 20 29 2 28 7 46 61 16 57 12 56 49 9 31 53 37 60 18 32 59 44 51 30 15 36 34 10 4 52 26 1 58 38
7 57 11 62 34 18 2 19 44 21 45 25 27 38 40 50 5 35 36 53 13 15 1 29 17 54 41 61 6 14 4 30 59 12 32 58 26 51 20 55 37 31 33 43 39 46 16 8 56 48 42 24 3 64 28 47 23 22 9 49 63 60 52 10
36 12 4 38 41 32 33 20 6 42 34 47 25 35 23 45 62 40 59 39 19 48 53 58 7 8 63 9 51 16 21 50 60 5 17 44 49 11 61 46 31 30 13 24 55 37 26 64 28 14 27 2 52 15 43 18 3 57 54 29 22 10 1 56
4 49 28 48 30 59 16 54 14 45 57 43 7 10 8 58 56 6 63 41 62 23 17 24 34 52 19 47 60 51 39 31 33 61 37 12 50 40 11 64 3 35 9 18 5 44 20 1 15 42 25 22 32 36 29 21 55 2 26 27 38 13 46 53
63 19 10 52 23 33 28 35 8 43 6 58 59 34 45 9 12 55 53 57 11 46 29 51 1 13 30 21 56 50 20 16 42 39 2 61 64 47 25 3 17 38 32 41 22 26 44 36 48 27 5 4 7 14 49 54 37 15 40 62 60 31 18 24
53 30 64 50 58 14 55 12 38 41 33 42 46 51 59 35 25 13 16 3 23 24 26 22 63 1 60 18 52 43 29 9 20 57 44 36 40 17 6 5 34 15 2 37 48 62 56 32 47 7 11 31 45 28 54 8 10 19 39 4 49 61 21 27
64 48 18 29 63 34 39 45 56 22 36 35 52 30 13 26 28 53 25 7 33 12 15 10 38 4 5 59 11 55 43 3 8 31 19 20 14 50 60 21 49 61 47 2 46 40 54 51 1 44 41 57 9 32 16 27 62 24 6 37 23 42 58 17
6 21 33 7 55 39 27 24 46 50 20 16 17 44 36 10 3 29 9 32 22 14 2 54 26 60 40 63 31 4 8 18 62 28 43 41 58 1 38 59 30 47 48 52 42 35 15 23 25 5 45 13 11 56 19 37 57 49 34 64 61 51 53 12
11 9 58 8 40 50 34 2 37 7 49 41 20 5 39 17 46 22 43 15 16 26 14 31 59 42 32 28 3 19 56 35 24 6 52 64 10 38 21 25 33 62 27 51 48 36 57 47 4 53 12 29 1 55 13 60 30 23 63 61 54 18 45 44
12 20 26 35 31 15 47 22 13 14 51 45 28 48 9 2 57 1 23 10 36 4 11 60 18 6 27 19 64 16 63 29 43 17 41 58 33 59 32 7 21 49 52 38 24 61 53 54 5 30 34 50 55 44 3 46 56 8 42 39 25 40 62 37
35 25 45 20 39 28 57 33 48 13 4 37 1 27 5 53 60 30 34 61 32 18 40 19 8 10 24 44 49 64 9 2 56 46 26 6 12 16 31 42 62 22 54 29 47 59 51 55 52 21 23 3 17 63 41 15 43 14 36 58 38 11 50 7
19 13 54 1 46 31 21 23 5 59 50 26 2 35 16 14 4 44 41 38 37 29 25 28 39 11 64 58 17 8 60 52 22 56 10 47 24 12 61 30 55 18 51 3 36 57 34 7 20 6 9 63 53 33 40 49 45 62 27 15 42 32 43 48
57 18 51 32 25 4 12 10 19 1 16 36 29 49 33 39 41 60 13 7 30 52 21 38 28 9 55 26 63 6 59 31 58 47 27 40 61 44 34 20 53 45 15 50 64 5 24 22 23 2 56 11 62 46 43 35 42 3 17 8 48 14 37 54
26 1 2 23 32 53 37 41 34 58 5 30 11 33 51 44 45 24 60 62 59 40 9 38 43 36 19 42 57 49 48 63 64 54 18 61 28 35 13 52 46 14 12 27 6 4 50 29 16 3 8 55 56 15 31 17 20 7 25 21 22 10 39 47
55 53 46 45 60 32 24 1 31 61 38 44 40 7 49 54 26 52 37 33 14 58 16 28 6 62 56 57 50 48 3 64 36 43 59 9 51 8 47 22 13 12 18 25 5 30 2 42 35 15 4 17 27 19 23 41 29 63 11 34 21 39 20 10
15 48 22 41 23 64 51 57 38 43 1 4 50 30 29 60 58 21 28 34 2 27 19 8 36 20 52 53 46 37 54 49 7 42 44 47 13 55 63 11 35 3 17 56 6 10 45 26 24 39 32 61 40 31 18 9 33 5 14 62 59 12 16 25
3 51 7 53 49 55 1 42 9 5 60 34 62 33 32 31 44 27 54 52 46 11 26 16 40 24 61 64 41 4 19 15 63 23 30 8 38 35 13 29 56 17 50 2 45 39 20 10 57 43 21 12 22 14 59 37 28 48 18 6 36 47 25 58
44 53 47 13 16 33 58 3 24 23 43 39 7 35 64 8 50 20 40 26 54 61 45 17 42 34 22 30 46 19 10 12 21 51 37 5 32 27 2 18 29 41 55 59 28 11 4 31 9 48 38 62 14 60 15 49 6 25 1 63 52 57 36 56
39 61 48 60 64 27 50 25 4 42 52 30 15 38 28 5 51 31 11 33 56 57 10 19 41 59 49 20 7 24 6 16 22 9 13 43 40 47 35 46 26 58 32 45 8 3 34 21 14 55 37 63 18 1 12 54 36 2 62 44 17 23 29 53
55 14 50 44 32 6 12 64 9 16 5 11 19 18 47 3 62 10 24 22 49 58 8 25 28 39 56 17 37 36 29 33 13 27 35 20 23 26 34 40 42 30 38 15 2 41 31 51 21 7 46 1 45 59 63 43 4 52 53 48 60 61 57 54
36 10 28 18 25 4 24 3 6 12 21 16 5 19 8 9 26 33 31 2 20 35 23 38 13 57 60 58 30 15 39 42 45 43 17 40 56 44 54 11 48 41 51 7 14 46 37 1 29 32 63 55 59 34 49 52 62 53 27 61 22 50 47 64
56 45 46 23 26 30 29 20 31 2 38 7 16 40 43 44 18 59 1 37 9 32 54 10 14 13 42 25 35 41 21 5 36 22 19 53 39 24 3 60 63 12 4 34 27 11 17 52 28 15 57 61 62 47 48 33 6 64 58 51 8 49 55 50
39 2 15 13 36 43 37 25 14 10 6 26 35 34 33 31 55 54 8 5 19 45 53 60 42 22 40 47 11 57 23 1 51 16 28 52 21 9 4 20 7 18 12 41 3 30 24 29 32 63 27 17 58 44 64 50 61 62 56 46 59 38 48 49
15 44 31 32 30 16 5 40 25 33 34 35 22 51 20 37 21 24 6 9 8 27 12 17 2 36 11 26 57 13 49 28 4 19 7 3 63 39 61 47 29 62 18 1 60 10 50 42 23 46 64 52 53 41 14 45 55 38 59 56 58 43 54 48
52 28 32 43 1 59 33 35 8 49 36 5 44 10 21 22 23 18 11 39 12 2 17 54 19 24 3 40 63 50 51 4 20 27 38 29 6 42 48 16 14 26 15 30 25 62 64 7 53 56 58 41 31 13 55 9 45 60 57 37 61 34 46 47
26 50 17 53 57 27 8 10 13 39 35 21 25 32 7 24 16 29 3 15 30 6 18 1 41 23 28 5 45 12 20 40 58 9 2 59 22 14 11 38 46 34 60 62 63 4 61 64 48 52 54 31 56 49 43 42 36 19 51 47 55 33 37 44
54 34 23 33 42 3 21 45 12 37 19 43 11 41 29 57 20 4 7 62 14 48 25 31 63 53 8 50 56 59 27 6 38 52 5 61 60 30 1 22 9 17 2 55 64 13 58 36 46 39 44 10 24 15 28 18 16 26 47 35 49 32 51 40
24 43 4 22 21 15 3 41 37 25 16 39 2 36 23 14 32 40 28 13 10 46 29 30 26 19 38 9 48 8 17 27 64 59 60 35 61 12 63 5 53 47 62 50 58 1 55 18 54 45 56 11 52 51 33 6 44 57 49 34 7 31 20 42
38 18 10 24 41 31 28 42 22 35 52 34 48 25 16 60 4 21 37 45 2 17 11 7 3 9 5 64 23 6 63 20 62 56 59 12 8 61 58 1 13 15 47 49 55 40 44 32 29 19 14 51 33 36 57 26 46 50 54 30 53 27 43 39
49 31 60 19 46 14 26 6 50 8 33 11 23 5 38 58 44 13 41 30 15 42 2 28 20 34 4 22 9 45 59 39 21 1 18 51 24 36 16 62 56 61 55 3 53 64 25 63 57 27 52 43 32 12 54 17 7 47 40 29 48 10 35 37
7 32 42 48 19 35 20 2 41 24 23 62 10 28 59 4 12 46 40 57 54 25 15 53 38 8 43 11 51 3 16 64 60 5 1 63 55 56 6 58 45 14 50 9 47 61 13 17 36 29 18 49 22 31 34 21 37 44 26 27 52 30 39 33
2 19 51 37 20 32 54 36 5 45 15 17 29 6 13 35 31 22 30 52 11 61 39 8 59 38 58 12 1 62 56 60 63 3 10 7 49 53 64 9 55 50 14 27 41 57 26 21 47 44 4 16 18 46 40 48 33 43 23 25 42 24 34 28
33 49 35 44 10 13 47 12 23 28 37 19 30 54 58 46 53 55 59 26 61 1 32 62 6 52 64 4 60 20 41 63 42 51 34 9 50 48 8 18 15 45 17 43 57 2 7 56 21 5 11 22 14 24 16 27 3 29 25 31 40 39 36 38
11 17 44 54 37 8 16 46 56 20 7 6 38 49 57 13 51 62 63 61 27 3 64 59 58 5 26 1 47 53 60 50 19 23 55 15 45 41 14 52 40 35 48 4 34 43 12 10 24 25 39 9 30 33 36 2 42 31 18 22 28 21 29 32
5 58 56 60 53 41 51 28 27 38 64 36 62 39 3 54 1 44 13 34 49 47 22 24 40 59 52 57 17 63 8 10 50 61 11 33 29 55 9 45 6 7 46 16 18 37 48 23 14 12 15 42 43 2 31 35 25 4 20 21 30 19 32 26
25 13 2 45 50 36 4 38 34 48 9 1 46 29 64 59 56 52 54 55 62 60 63 51 7 61 39 14 33 43 37 30 47 58 53 49 5 8 57 6 35 3 31 21 15 44 16 22 20 42 32 12 40 18 23 41 10 28 17 19 24 11 26 27
45 5 59 18 28 54 36 23 57 52 1 38 26 53 63 19 41 27 49 40 60 64 9 58 50 11 61 62 32 51 33 55 2 47 48 31 30 46 56 39 43 42 29 25 44 16 15 35 37 3 10 8 6 7 20 34 4 13 14 17 21 12 22 24
3 46 6 9 60 55 58 47 33 1 54 44 50 64 32 30 45 49 38 48 59 40 57 22 43 62 63 61 26 34 12 52 53 14 27 36 42 5 18 51 41 4 10 37 11 39 56 31 35 2 8 13 23 28 19 20 29 21 15 24 17 16 7 25
4 12 55 41 58 34 64 54 1 27 57 33 59 63 6 39 61 53 48 60 51 56 50 16 62 45 35 52 10 49 46 37 32 42 21 44 11 23 47 29 31 38 5 18 43 28 2 26 22 40 24 19 9 30 13 8 17 3 7 15 36 14 25 20
57 27 36 38 64 63 55 1 42 59 61 47 32 31 60 45 58 48 62 41 56 52 51 34 39 20 33 53 50 35 15 49 40 54 29 37 46 11 43 30 44 21 25 24 17 26 22 8 9 6 5 7 16 3 18 14 28 10 12 2 4 13 23 19
44 1 62 34 63 53 50 52 64 61 60 58 54 59 51 47 48 6 46 38 37 29 35 42 45 57 30 49 41 55 43 56 8 33 32 24 31 40 39 10 26 28 13 23 36 5 3 14 15 20 9 4 27 21 25 12 19 22 2 11 18 7 16 17
62 61 54 56 49 51 1 64 63 58 59 42 40 57 45 33 50 35 60 28 46 53 52 41 36 30 55 37 38 44 5 43 27 34 20 39 17 32 25 48 24 23 9 12 31 7 18 19 16 26 21 47 11 22 29 10 14 15 3 8 6 4 2 13
63 59 53 1 61 64 45 57 55 29 50 56 43 44 49 62 52 60 51 58 35 41 21 48 34 39 6 42 40 38 3 31 33 37 46 28 36 27 10 54 32 19 8 26 22 24 30 47 5 14 25 2 7 16 17 15 20 12 11 4 23 9 13 18
