0.1901268428082345 0.05593879615585634 0.12747036897623717 0.08594731806784246 0.06245614818798657 0.034039927460488804 0.014092912211995054 0.0508538042324908 0.07979665438494885 0.06702591285768324 0.05884082394187411 0.020871336819816986 0.032797502586868074 0.00887742721402458 0.022539203091526322 0.014834665081842103 0.032017954030347164 0.020647126767669333 0.011998224395050048 0.008827050727217432
1 5 6 3 4 2
3 5 6 1 2 4
4 3 2 1 5 6
5 1 4 6 3 2
1 2 3 5 6 4
6 4 5 1 2 3
4 2 6 3 5 1
2 5 1 4 3 6
4 1 5 3 6 2
1 6 4 5 3 2
1 4 6 3 5 2
5 2 4 3 1 6
1 3 6 4 2 5
4 5 1 2 6 3
4 2 3 1 5 6
6 3 1 5 2 4
4 2 6 1 5 3
1 5 4 3 2 6
6 5 1 4 3 2
5 4 6 1 3 2
