14088 14088 7026 9130 8221 8065 5139 5995 5093 4746 3991 2666 2070 1810 1285 1065 967 883 774 540 477 299 195 227 226 150 152 120 91 60 61 48 46 40 34 30 20 16 14 10 9 5 5 5 3 3 2 2 2 1 1 1 1 1 1
1 5 14 13 7 9 3 11 12 10 6 8 4 2
14 2 11 9 8 6 1 3 12 13 5 10 4 7
2 5 3 9 1 12 6 11 13 7 10 14 8 4
5 8 6 13 11 10 9 4 12 1 7 3 2 14
2 4 5 9 6 3 11 12 13 10 14 7 8 1
1 11 3 14 10 4 6 9 5 12 8 13 7 2
3 14 9 8 1 6 5 11 13 7 12 2 10 4
5 7 6 9 14 8 3 1 4 11 10 12 2 13
4 13 5 7 6 10 2 11 3 1 9 8 14 12
2 5 8 4 13 6 9 14 12 7 11 10 3 1
14 8 9 7 1 12 5 3 13 10 11 6 4 2
3 12 11 13 7 9 1 10 5 8 6 2 14 4
6 2 11 8 3 12 14 1 5 13 9 4 10 7
2 10 11 5 14 1 4 13 3 7 12 6 8 9
5 4 3 2 10 1 9 11 12 14 7 8 6 13
4 13 12 9 11 10 3 14 5 1 8 6 2 7
1 8 3 5 7 12 14 9 4 11 6 2 10 13
4 7 5 2 8 9 1 11 3 14 10 12 6 13
5 2 12 8 6 3 11 14 13 10 9 4 7 1
1 10 11 14 3 8 5 9 4 13 12 6 2 7
6 13 5 7 3 9 4 10 12 1 11 2 8 14
6 12 3 14 7 10 1 13 5 8 11 4 2 9
1 13 12 4 10 8 9 11 5 7 6 2 3 14
2 4 8 5 13 3 9 14 12 10 11 6 7 1
1 5 12 14 8 10 9 11 13 7 6 2 3 4
6 5 3 7 11 8 1 13 4 14 12 10 2 9
2 13 5 4 10 8 11 14 3 1 9 12 6 7
1 7 11 5 13 3 6 9 4 8 12 10 14 2
5 12 3 8 7 4 1 13 10 11 9 6 14 2
6 11 12 13 7 8 14 3 5 1 10 2 4 9
5 12 8 2 11 4 9 14 3 13 10 6 7 1
4 11 3 2 12 1 5 9 13 8 6 10 14 7
6 13 8 2 3 10 4 11 5 9 12 7 14 1
14 9 13 6 5 7 1 12 3 4 11 8 10 2
6 11 3 7 8 9 14 5 12 1 10 13 2 4
14 13 1 8 10 3 6 11 5 7 9 12 4 2
2 7 11 13 1 12 5 3 4 14 6 10 8 9
4 12 1 5 8 9 11 14 3 13 10 2 6 7
14 4 12 2 10 8 11 5 13 1 9 6 3 7
5 9 12 2 1 10 4 14 3 8 11 13 6 7
1 12 8 13 11 7 5 3 4 14 6 10 2 9
6 11 1 7 5 12 14 9 13 4 10 8 3 2
5 11 3 8 10 12 4 14 13 7 9 6 2 1
1 7 13 6 3 9 14 12 5 4 11 8 10 2
14 2 12 8 1 4 6 5 10 11 9 13 3 7
14 4 5 8 3 12 11 9 13 7 10 2 6 1
2 7 8 5 12 3 6 14 10 11 9 13 4 1
1 11 12 13 10 9 5 3 4 14 6 8 7 2
6 9 8 2 12 7 4 14 5 11 10 13 3 1
1 11 5 13 10 3 14 9 12 4 6 8 2 7
14 13 5 2 3 7 11 12 10 4 9 8 6 1
2 7 3 8 10 12 6 5 4 1 11 13 14 9
4 12 13 8 1 3 5 11 10 14 6 2 7 9
1 11 12 6 5 10 14 3 4 13 9 8 2 7
14 13 1 5 3 4 11 9 12 7 10 6 8 2
