179538 78573 71647 68994 48642 48611 37388 45927 38195 31266 29039 25245 25522 24905 24905 19350 16220 13572 14650 12316 11866 11047 9962 9495 8685 7620 7201 5055 5778 5778 5026 4591 3974 3668 3375 3234 2995 2807 2631 2504 1904 2172 1538 1808 1452 1559 1430 1331 1035 1117 843 857 857 767 793 656 656 605 561 452 517 421 352 365 332 316 281 255 192 211 169 185 171 153 142 146 133 132 113 108 94 88 80 70 62 57 49 56 46 40 36 33 34 33 28 24 25 22 20 17 17 15 15 12 12 11 9 9 9 8 6 7 7 6 5 5 5 4 4 3 3 3 2 2 2 2 2 2 2 1 1 1 1 1 1 1 1 1 1 1 1 1
10 1 4 16 23 17 24 3 11 28 15 19 5 32 22 6 31 2 21 9 26 13 12 20 14 8 27 18 25 30 29 7
19 6 26 32 23 13 22 5 16 2 1 9 30 28 3 25 27 12 14 11 29 17 18 8 21 4 10 15 7 31 20 24
18 21 24 2 3 22 7 23 8 10 13 14 30 12 19 20 6 29 15 32 16 17 27 25 4 9 28 31 5 1 11 26
27 13 25 7 24 4 32 6 18 17 16 29 14 10 3 15 26 23 22 20 30 31 1 28 9 12 2 8 11 5 21 19
16 17 13 31 22 27 28 8 3 26 1 4 18 9 14 12 24 6 20 5 25 29 19 32 7 11 10 23 30 15 2 21
30 15 7 32 9 17 10 24 23 20 18 28 31 19 11 3 4 25 6 29 12 1 8 13 27 22 5 21 2 14 16 26
4 17 12 26 14 21 31 1 29 6 20 5 30 24 3 9 13 16 32 11 2 25 18 19 10 28 15 7 8 22 23 27
23 10 5 27 3 28 18 16 21 8 32 14 24 11 25 6 7 29 31 26 1 17 12 2 22 15 20 30 13 4 9 19
7 23 15 13 22 16 12 26 28 19 27 32 20 2 30 31 9 14 18 5 4 29 1 17 21 3 25 11 24 10 8 6
26 32 21 11 9 25 28 10 17 20 19 5 18 12 27 22 30 6 15 13 31 1 16 7 4 8 2 14 23 3 29 24
17 8 13 29 6 12 24 18 11 30 10 9 25 31 21 20 3 16 14 32 22 4 19 5 27 23 7 26 2 1 28 15
10 21 28 2 8 13 7 1 12 16 6 26 27 18 3 14 15 9 17 29 31 20 22 19 25 24 5 23 11 30 32 4
4 7 28 9 27 17 5 29 3 16 1 20 31 25 19 8 32 24 13 30 12 22 6 23 10 11 14 21 15 26 2 18
2 12 7 31 5 32 13 17 23 24 8 4 14 28 10 26 6 1 20 3 25 27 29 18 11 22 9 19 30 15 16 21
20 26 1 28 13 11 25 32 9 4 21 6 3 15 14 23 24 12 30 2 17 8 7 31 18 10 16 5 29 27 19 22
13 30 2 22 23 27 31 16 17 6 12 29 19 24 5 9 25 7 32 11 18 20 26 14 15 28 10 8 1 21 4 3
31 15 12 25 4 30 10 2 29 7 13 16 24 19 9 5 26 32 8 22 1 6 27 3 28 17 18 20 14 11 21 23
9 32 3 21 14 13 19 18 7 1 27 17 30 10 20 25 4 11 6 26 23 2 16 24 5 12 28 15 8 31 22 29
10 11 9 12 20 6 4 24 8 30 16 25 23 27 29 22 13 5 21 19 2 17 18 32 26 7 15 14 31 3 28 1
18 17 27 9 6 29 8 28 24 5 20 26 11 14 21 15 30 16 13 7 4 22 31 25 19 32 1 23 10 12 3 2
17 8 15 19 2 4 9 26 11 6 30 13 14 32 28 3 27 10 20 18 1 25 22 16 21 23 12 31 5 24 7 29
16 13 23 17 26 3 19 4 10 1 5 21 30 31 14 20 32 18 6 11 24 9 28 15 29 25 2 7 27 22 8 12
22 24 28 8 14 12 6 5 16 7 19 15 18 9 30 25 29 2 17 13 3 1 31 21 11 4 10 27 23 32 20 26
26 12 13 2 30 16 3 10 22 24 6 32 23 28 20 27 4 11 21 8 29 14 19 17 5 15 1 25 7 31 18 9
7 5 22 13 24 30 12 16 20 4 31 17 15 18 9 2 6 19 8 32 28 25 1 3 10 21 29 26 14 11 23 27
19 8 26 7 4 2 32 29 1 17 20 9 24 30 10 5 28 6 15 22 27 12 21 13 31 3 23 18 11 25 14 16
26 23 25 27 3 4 10 1 17 20 24 14 19 2 11 13 15 32 22 21 30 31 16 29 7 8 12 6 28 5 9 18
31 3 30 23 10 22 4 6 18 25 32 16 2 26 27 15 9 20 13 5 12 1 24 14 28 17 7 11 8 29 21 19
18 15 5 26 9 3 21 32 28 16 30 31 13 11 1 22 27 29 14 2 23 17 8 7 4 12 25 19 24 10 20 6
27 21 2 32 20 12 28 23 29 8 13 11 7 10 5 31 25 17 19 9 16 6 18 24 30 4 15 1 22 3 26 14
7 31 12 25 16 15 29 8 1 26 27 5 18 3 22 9 24 14 30 20 32 2 6 21 19 23 17 11 10 13 4 28
13 7 29 14 8 23 4 17 12 1 16 27 20 19 3 30 11 2 32 6 18 10 22 25 15 5 28 9 26 21 31 24
10 30 19 21 6 17 18 4 3 13 1 20 11 26 29 14 7 24 16 8 2 23 27 28 9 32 25 15 31 12 22 5
8 13 30 22 18 16 7 6 23 15 10 11 24 31 27 28 20 25 29 3 17 4 12 14 2 9 19 21 5 26 32 1
12 16 3 30 10 13 28 1 21 6 32 4 31 23 19 15 2 9 14 20 8 17 24 5 7 11 18 26 27 22 29 25
9 5 26 32 2 6 8 21 31 25 12 16 19 27 10 20 3 7 18 13 22 29 1 15 28 17 14 30 23 24 11 4
16 17 13 25 18 5 24 15 4 26 19 14 7 12 21 30 32 10 20 6 11 22 28 23 29 9 2 31 8 1 27 3
4 32 15 1 22 18 30 10 8 16 5 21 11 9 26 3 17 28 24 29 31 6 12 13 25 27 7 23 14 20 2 19
31 12 25 26 24 27 10 18 7 20 13 29 30 17 11 6 9 5 32 23 28 1 19 16 4 21 15 22 2 14 8 3
24 1 6 22 26 28 18 32 11 2 12 31 4 23 17 10 30 14 13 5 3 20 8 19 21 25 9 27 16 29 7 15
22 5 21 28 16 11 32 26 14 15 27 17 20 24 1 9 25 19 31 12 4 8 29 23 10 7 18 6 13 30 3 2
9 16 19 8 21 29 13 5 10 7 30 15 27 14 3 25 28 11 17 2 24 22 31 26 18 32 1 20 23 12 6 4
4 1 27 23 14 32 9 24 3 30 20 13 2 19 5 8 26 12 16 21 29 31 6 17 11 15 10 18 7 25 28 22
2 11 3 29 30 25 12 28 24 10 1 6 13 17 19 31 4 20 15 32 27 23 21 7 26 8 14 9 22 5 18 16
12 15 7 13 20 22 31 8 16 17 19 21 14 24 26 27 29 6 18 3 30 4 1 32 9 28 2 25 11 10 23 5
19 12 23 21 31 32 29 2 28 4 16 17 18 10 20 13 11 9 30 8 22 1 27 25 5 3 7 15 24 26 14 6
17 31 29 2 23 16 21 26 4 6 24 20 3 30 22 5 15 18 27 9 25 8 7 28 19 12 10 11 1 13 32 14
10 30 25 14 4 2 6 17 20 8 5 13 24 3 1 18 27 32 19 12 26 16 22 9 31 29 23 7 28 11 15 21
16 13 12 31 9 4 29 24 23 1 17 27 20 25 21 14 7 26 6 11 32 10 18 5 15 22 8 19 30 3 2 28
31 24 5 7 8 15 32 19 17 25 9 30 16 27 4 1 3 6 28 29 12 20 10 14 11 21 18 22 26 13 23 2
7 17 6 27 10 12 28 21 18 22 31 4 23 9 3 2 14 16 20 32 8 25 24 13 1 11 19 30 5 15 29 26
26 32 14 30 3 11 9 4 8 24 10 29 15 12 5 22 13 19 16 20 17 31 28 21 2 7 1 23 27 25 6 18
2 3 30 23 6 18 31 1 10 26 13 5 19 11 17 20 7 12 14 21 15 4 29 32 27 25 9 8 28 22 16 24
12 7 23 13 26 25 4 16 14 30 32 6 31 24 1 27 2 10 21 22 18 29 8 17 9 3 5 20 15 11 28 19
24 32 13 14 21 29 7 18 12 4 27 31 2 19 11 8 26 9 6 3 30 23 16 15 10 28 17 25 5 20 22 1
8 5 27 7 16 6 13 23 21 1 24 32 11 31 28 14 20 17 22 2 4 9 19 26 30 15 29 18 10 12 3 25
4 3 22 1 24 17 30 29 11 5 20 16 7 26 10 9 14 25 31 27 15 2 6 28 18 32 23 19 13 21 8 12
19 17 14 27 22 3 18 10 9 2 32 25 30 12 29 5 6 20 13 11 16 1 24 7 4 23 28 21 31 15 26 8
20 23 26 17 14 15 24 32 7 22 6 4 29 9 21 3 25 16 8 13 1 11 12 18 28 10 19 31 2 30 27 5
13 24 9 19 20 4 12 6 16 10 21 15 23 2 7 17 11 1 14 22 29 27 18 31 26 3 25 8 30 5 32 28
18 14 21 31 30 2 10 28 24 13 5 9 4 25 27 15 3 12 32 6 17 8 1 23 19 22 16 7 11 29 20 26
26 1 19 3 23 12 8 21 31 17 9 25 13 11 20 22 15 29 18 32 28 4 27 14 24 6 5 30 7 10 2 16
13 11 3 28 18 23 6 16 22 20 17 14 27 9 30 10 32 26 19 21 2 25 7 5 29 12 8 15 1 31 4 24
9 15 12 26 5 32 4 23 28 6 16 31 19 30 3 13 29 7 20 2 27 17 10 21 1 8 14 11 24 22 18 25
27 16 30 25 9 13 21 10 12 7 31 11 20 24 26 2 4 19 17 5 32 14 28 29 15 23 18 22 8 1 3 6
7 26 15 8 18 22 32 4 23 25 12 27 16 10 5 13 30 11 28 9 24 20 31 19 21 17 1 6 29 3 14 2
2 21 5 25 3 32 28 19 14 15 10 30 24 31 4 1 26 17 20 12 8 29 6 13 7 11 9 23 16 27 22 18
12 24 28 30 13 16 9 8 3 26 1 6 15 27 17 31 20 10 21 18 32 25 22 7 29 4 23 5 2 11 19 14
17 13 6 2 20 30 22 24 8 25 21 5 14 3 10 23 27 32 16 7 12 31 19 18 1 29 15 9 11 26 28 4
4 11 13 17 26 28 25 1 18 16 20 29 31 12 9 3 6 32 30 23 2 10 8 15 5 27 14 22 24 21 7 19
24 31 3 13 23 4 19 32 17 20 6 28 18 15 11 9 25 5 14 8 27 22 16 2 30 21 12 1 7 10 26 29
16 30 21 8 5 27 12 6 7 10 13 4 23 26 22 18 9 28 32 20 29 31 19 17 15 25 2 14 1 24 11 3
8 5 9 1 2 23 31 17 10 30 19 32 11 28 7 20 13 18 24 29 3 16 21 14 22 6 25 27 26 12 15 4
31 23 7 29 4 11 6 5 21 2 30 14 13 19 20 17 28 25 18 3 12 27 16 26 24 9 15 8 10 22 32 1
20 12 26 3 27 13 30 29 4 24 6 11 2 23 1 5 17 14 31 22 25 10 8 9 21 32 19 7 16 15 18 28
16 7 22 19 10 6 5 24 9 4 1 30 3 18 21 27 32 11 13 23 26 8 12 31 28 15 17 20 14 29 2 25
19 17 27 21 14 23 7 4 11 22 24 25 16 3 10 1 2 6 15 8 31 9 29 32 26 28 5 18 13 30 20 12
12 16 26 2 9 30 32 19 20 5 17 13 15 14 28 22 7 1 27 6 18 23 31 25 4 11 29 21 8 10 3 24
24 14 2 7 23 25 13 32 3 15 21 6 20 17 19 10 9 26 16 12 28 29 18 5 1 22 8 11 30 31 4 27
13 21 19 23 3 5 9 2 8 1 32 20 24 11 30 14 27 10 6 7 22 17 28 16 18 4 12 15 31 25 26 29
4 3 6 21 2 12 19 18 29 13 10 5 27 15 9 31 11 20 17 32 1 14 22 23 30 7 28 25 26 24 8 16
8 1 25 31 26 3 18 10 17 6 13 32 29 24 4 23 15 19 22 20 30 2 7 28 21 12 16 9 27 5 11 14
20 13 14 28 8 4 25 1 22 24 12 15 30 31 29 9 32 5 19 3 26 6 10 2 11 17 7 23 16 21 27 18
10 8 12 30 13 22 4 6 23 17 16 29 14 27 21 20 25 2 28 5 24 11 18 15 31 9 1 19 7 26 32 3
27 24 21 3 20 13 28 23 12 8 31 16 18 30 11 2 4 7 14 29 17 25 6 9 22 32 10 5 15 1 19 26
17 31 9 27 5 29 22 16 14 7 20 26 13 12 3 10 6 32 21 2 8 4 19 18 24 25 23 30 28 11 15 1
24 30 13 7 10 17 6 21 18 2 19 28 31 26 22 23 29 9 15 8 25 20 27 32 5 12 14 1 11 3 16 4
4 23 3 13 21 32 30 5 9 16 24 27 7 15 20 31 17 12 8 11 18 1 29 19 2 6 25 14 10 26 22 28
31 8 15 29 30 16 25 17 11 1 20 5 23 2 27 14 13 9 32 18 4 22 21 26 10 3 28 6 24 12 7 19
7 12 30 25 8 11 24 23 21 5 6 4 19 28 17 13 3 14 22 9 32 31 16 29 27 10 2 20 1 15 18 26
13 11 7 28 27 32 5 18 12 15 21 31 2 10 3 6 30 29 16 22 1 25 24 14 19 23 17 9 26 20 4 8
26 15 12 19 4 29 31 8 3 10 17 14 23 11 1 5 2 25 24 7 30 20 16 13 18 21 9 22 28 27 32 6
19 1 9 8 20 12 7 16 23 25 30 32 11 24 4 17 14 6 18 13 31 10 21 28 26 29 15 27 5 22 3 2
24 32 19 1 18 13 21 6 10 22 31 11 15 17 5 9 29 28 30 20 8 14 27 16 4 7 12 23 2 3 26 25
16 7 6 17 24 4 13 21 18 20 32 9 31 26 29 2 25 1 19 12 3 22 28 5 15 8 23 11 30 10 27 14
12 3 25 27 9 17 18 15 22 6 19 20 13 14 7 1 26 10 32 2 11 4 24 23 31 28 8 21 29 30 16 5
20 31 7 30 23 22 32 17 28 4 18 25 19 2 10 3 6 26 13 5 15 16 1 9 27 21 14 8 24 29 11 12
31 14 21 3 26 27 22 24 1 10 16 13 30 12 11 18 32 2 17 23 29 9 8 7 28 4 19 25 15 5 20 6
27 26 5 23 10 16 9 32 21 8 12 6 24 3 30 22 17 18 28 7 2 20 19 25 11 15 29 14 13 31 4 1
26 11 13 29 27 2 28 23 4 5 1 30 14 18 22 20 7 32 21 3 12 31 24 15 10 9 17 6 16 25 8 19
2 15 23 19 22 16 7 18 14 30 21 4 3 31 9 17 28 20 6 29 25 11 12 13 1 32 10 5 8 27 26 24
7 17 14 26 13 3 4 24 10 15 12 16 2 27 21 8 25 5 22 23 32 6 29 31 30 9 28 1 11 20 19 18
17 12 25 7 3 30 19 21 29 2 16 27 20 15 4 6 11 10 28 9 22 1 8 5 24 23 18 31 14 13 32 26
8 24 3 21 9 11 5 29 12 26 10 31 23 30 27 13 2 14 19 18 17 25 6 32 22 4 1 15 28 20 7 16
13 7 12 17 4 3 6 16 31 1 24 20 27 25 28 9 15 11 14 32 26 29 22 23 5 10 8 19 30 21 18 2
10 30 23 13 2 15 12 4 11 24 17 28 3 26 9 1 20 29 32 6 31 27 16 14 19 21 7 18 5 22 8 25
12 23 9 28 14 2 21 6 17 16 13 26 11 10 7 5 3 32 24 20 1 4 18 29 19 27 25 30 31 15 22 8
18 32 14 25 20 4 8 5 22 17 6 9 24 12 11 15 30 26 31 13 28 16 1 2 21 29 23 19 27 10 7 3
19 23 30 26 31 17 4 32 24 25 27 11 14 3 29 2 13 20 15 21 18 8 6 28 22 7 9 1 10 12 16 5
16 3 22 27 23 12 19 8 21 24 10 30 7 18 17 25 26 29 13 32 4 14 28 9 2 15 5 6 11 31 20 1
7 31 6 29 26 22 18 28 23 8 1 5 13 27 20 3 9 14 17 12 30 11 10 19 24 32 16 21 2 25 15 4
4 16 19 3 5 29 10 15 18 20 32 27 31 12 28 23 13 25 24 11 17 9 21 7 1 8 2 14 26 30 22 6
20 11 26 19 24 6 30 29 9 17 13 15 18 2 21 8 32 7 27 22 3 23 31 16 10 28 12 25 1 5 4 14
2 1 12 30 21 13 24 23 3 26 31 6 29 17 22 14 4 11 18 20 32 10 7 15 28 9 25 5 8 27 19 16
26 7 3 21 10 12 6 19 8 13 17 31 4 25 1 20 27 32 30 9 28 2 24 14 5 22 15 23 16 29 11 18
12 13 27 17 18 25 7 8 4 16 19 14 2 28 10 5 30 9 22 21 11 20 29 23 31 6 1 15 24 26 32 3
24 17 5 7 20 32 31 1 10 4 18 28 3 14 9 27 29 2 13 6 30 22 19 16 21 12 23 8 26 11 15 25
9 14 21 23 26 5 28 18 17 1 24 4 13 15 30 25 7 10 19 3 22 6 27 32 11 29 16 31 2 12 20 8
8 24 2 29 14 11 9 17 28 7 21 13 23 30 27 1 3 6 16 5 32 31 22 18 19 4 15 20 10 25 26 12
16 26 7 13 9 18 5 24 23 15 20 25 30 10 3 22 14 1 6 2 11 17 28 19 4 32 12 21 31 27 8 29
17 30 13 7 27 32 22 15 1 8 6 9 16 31 5 23 11 26 14 12 29 4 21 25 24 10 2 18 28 20 3 19
13 32 9 8 2 3 12 26 29 25 24 16 14 11 19 15 6 28 17 7 1 20 18 31 22 23 10 30 5 21 27 4
9 21 14 23 22 17 25 6 20 30 12 32 24 27 29 10 2 18 31 13 4 1 19 5 26 3 8 15 7 11 16 28
10 16 25 28 24 13 8 19 14 20 32 5 11 3 4 9 7 12 21 23 31 2 1 29 30 15 17 6 27 22 18 26
12 3 9 19 23 4 21 28 8 2 30 20 31 26 17 14 27 5 32 18 22 10 16 29 11 6 1 25 15 13 7 24
26 12 15 30 5 25 32 16 1 7 19 13 4 10 20 3 17 18 31 29 24 8 6 9 22 27 28 23 14 21 11 2
24 7 23 28 10 27 6 4 17 5 16 9 13 3 22 2 15 20 30 12 25 1 8 14 26 32 18 21 11 31 19 29
2 15 14 3 18 12 9 23 4 30 1 25 7 31 17 13 26 32 21 6 8 16 10 28 5 11 29 27 24 20 22 19
7 23 13 25 4 22 24 10 12 20 17 31 3 26 1 6 2 14 15 9 11 29 27 5 18 21 16 19 8 30 32 28
18 30 27 17 31 16 21 32 22 6 10 26 2 15 29 25 14 1 20 23 28 11 24 19 4 9 5 7 13 12 3 8
16 31 7 21 3 17 5 29 23 25 20 6 4 30 9 8 15 11 24 13 1 22 12 32 2 28 19 14 27 10 18 26
19 24 25 13 20 11 22 6 8 10 18 27 30 12 21 2 9 28 17 5 32 4 7 26 29 15 14 23 31 3 16 1
9 16 15 23 21 4 13 24 20 1 12 14 11 2 3 25 17 6 27 18 32 31 22 19 30 28 5 7 10 29 8 26
27 21 9 7 22 18 13 16 28 10 19 5 2 15 4 14 6 20 32 3 30 17 29 26 11 23 25 31 1 12 8 24
31 12 7 19 21 17 8 28 9 15 13 6 20 30 10 3 25 5 24 2 29 27 18 32 1 22 23 14 11 26 4 16
13 24 3 27 5 6 7 4 10 8 21 14 18 11 30 20 32 29 22 23 17 9 16 31 28 12 19 1 2 25 26 15
18 8 6 17 9 2 12 19 21 16 10 30 31 14 29 5 11 26 20 32 28 23 1 15 24 3 7 25 13 22 27 4
4 26 21 1 3 5 25 8 22 2 30 32 24 27 9 23 14 12 16 29 31 11 28 13 19 10 17 18 7 15 20 6
26 3 27 8 23 30 21 32 29 25 31 28 16 12 20 22 17 10 19 11 1 6 24 7 4 9 14 15 5 13 18 2
17 31 25 30 24 29 32 21 23 1 16 20 19 28 5 10 4 18 14 13 26 22 7 2 27 6 9 8 15 11 3 12
19 21 30 23 31 32 22 24 14 13 1 26 29 25 11 27 3 9 6 7 4 17 12 18 2 8 15 20 28 10 16 5
10 30 23 13 26 16 28 29 31 24 32 4 27 18 21 9 20 1 17 22 3 2 19 25 15 7 12 6 14 5 11 8
