17632 17656 9750 8974 9451 6511 6511 5855 3475 2718 2463 1959 1202 981 776 723 504 424 457 401 299 258 200 198 152 76 78 53 50 48 38 28 20 18 13 12 10 7 5 3 3 2 2 1 1 1 1
6 4 12 8 5 10 3 11 2 13 9 1 7
3 5 6 8 4 2 12 7 13 10 1 11 9
8 4 10 7 13 9 1 6 3 12 5 11 2
6 5 10 4 2 1 8 12 3 13 7 9 11
13 3 1 10 9 8 7 6 11 12 5 2 4
2 6 11 3 5 13 9 1 7 4 12 10 8
5 4 6 13 10 11 8 9 2 12 3 1 7
9 3 2 6 13 1 5 12 4 11 8 7 10
11 5 10 2 4 13 1 9 3 7 12 6 8
1 8 2 3 4 9 5 13 7 6 10 11 12
5 3 11 13 8 10 9 12 2 4 7 1 6
4 6 12 1 5 2 11 8 7 13 3 10 9
1 10 11 4 2 13 9 6 3 12 5 7 8
6 4 10 3 5 12 1 8 11 13 2 7 9
2 5 12 6 8 9 3 4 11 7 13 10 1
6 10 1 13 2 7 11 9 12 4 3 8 5
2 8 5 4 13 1 11 6 3 9 10 7 12
1 6 5 3 4 10 9 13 11 12 8 7 2
13 4 12 3 5 2 1 8 11 6 7 10 9
4 6 2 7 8 10 5 12 3 9 13 1 11
6 3 2 1 13 12 8 9 11 4 7 10 5
5 10 12 6 4 9 11 13 2 7 3 8 1
1 3 5 13 2 10 9 4 12 6 8 7 11
13 8 11 4 5 1 9 6 3 7 10 2 12
6 3 5 1 13 7 8 9 2 4 12 10 11
5 6 10 4 13 7 3 12 11 9 2 8 1
4 10 11 13 2 9 3 8 12 6 5 7 1
5 6 10 1 8 7 3 4 11 12 13 2 9
5 10 2 3 4 1 8 6 11 9 13 7 12
6 8 11 4 5 9 3 13 12 7 10 2 1
13 3 10 6 8 7 11 4 2 12 5 1 9
5 3 10 4 13 2 8 6 11 9 12 7 1
13 10 11 3 4 7 9 6 2 12 8 1 5
4 10 12 7 13 1 3 9 11 6 2 8 5
1 8 10 2 5 9 3 13 12 4 7 6 11
5 6 12 3 4 2 9 13 11 7 8 10 1
13 6 10 3 2 7 8 4 12 9 5 1 11
6 10 12 13 8 2 3 9 11 4 7 1 5
1 8 11 6 4 7 3 13 2 9 12 10 5
1 6 2 3 5 9 8 13 11 4 10 7 12
4 3 2 13 8 1 11 9 12 6 10 7 5
6 3 11 7 5 9 8 13 2 4 12 10 1
4 6 10 7 5 1 3 13 11 9 2 8 12
6 10 2 3 8 9 11 13 12 4 5 7 1
6 8 12 3 4 9 11 13 2 7 10 1 5
4 8 11 7 2 9 3 13 12 6 5 10 1
4 3 10 13 8 1 11 6 2 9 12 7 5
