11849 9956 8587 9031 6546 7098 5758 5840 4112 3772 3676 2573 2963 2548 1925 1867 1166 1485 1341 938 1040 821 759 701 637 394 446 353 354 236 213 170 118 106 94 74 89 71 48 36 41 33 28 17 12 13 11 10 8 7 4 4 4 3 3 2 2 2 1 1 1 1 1
6 7 2 1 8 5 4 3 10 11 9
4 6 3 8 1 9 7 11 5 2 10
3 4 2 6 5 11 8 7 9 10 1
11 2 5 4 7 10 9 6 1 3 8
7 1 10 9 11 3 6 8 2 5 4
2 10 8 3 6 1 5 9 11 4 7
1 9 4 11 10 2 3 8 6 7 5
8 5 3 7 4 6 2 1 10 9 11
9 11 6 2 5 7 10 4 8 1 3
5 7 1 4 9 8 11 10 3 6 2
10 1 11 9 3 5 7 2 4 8 6
3 8 9 10 2 4 1 6 7 5 11
10 3 6 11 9 1 8 7 5 2 4
9 11 7 2 10 3 6 5 8 4 1
1 4 2 6 8 7 11 9 10 3 5
4 8 10 5 11 9 1 3 7 6 2
3 4 9 8 1 2 5 11 6 10 7
7 9 1 3 2 11 6 10 4 8 5
4 3 9 7 5 8 10 2 6 1 11
5 10 2 8 3 1 7 6 11 9 4
8 6 11 10 7 4 9 5 3 1 2
10 4 7 6 1 9 8 11 5 2 3
9 1 2 5 6 10 4 7 11 3 8
11 10 7 2 8 6 5 3 4 9 1
3 7 4 1 2 5 8 9 10 11 6
6 5 1 8 11 3 9 2 7 10 4
10 1 11 6 3 7 5 9 4 8 2
5 9 6 8 10 2 4 11 1 7 3
9 11 10 2 5 3 1 7 8 6 4
4 6 9 3 1 8 7 2 5 10 11
8 7 4 10 11 2 3 5 6 9 1
4 2 8 5 3 7 6 10 11 9 1
5 4 1 8 9 11 10 3 6 7 2
8 5 2 3 1 9 4 6 10 7 11
5 6 9 1 8 3 11 2 7 10 4
4 2 3 7 11 5 10 9 1 8 6
6 1 9 5 10 2 11 3 4 7 8
9 7 2 3 4 10 1 6 11 8 5
10 9 8 2 5 7 4 1 3 6 11
8 4 10 6 9 11 3 7 5 1 2
9 2 10 1 8 11 4 5 7 6 3
3 10 7 8 11 5 6 9 4 1 2
10 5 6 2 4 9 8 7 1 3 11
5 6 3 8 11 2 10 1 7 9 4
4 1 2 6 9 7 3 10 5 8 11
4 2 8 1 5 3 7 9 11 10 6
11 10 2 3 9 4 6 7 5 8 1
4 1 8 2 11 7 3 10 6 9 5
5 6 11 8 2 9 3 1 7 10 4
4 2 10 3 9 11 7 5 1 6 8
11 10 3 8 9 2 4 6 7 1 5
5 6 8 10 1 3 11 7 4 9 2
11 9 6 5 10 2 4 7 8 3 1
8 10 3 2 11 9 4 1 5 7 6
8 2 10 3 5 11 7 9 6 1 4
6 7 3 10 2 5 1 9 4 8 11
6 5 11 10 8 3 4 1 7 9 2
5 10 2 8 9 4 1 7 11 3 6
8 9 10 2 1 3 7 5 4 6 11
10 1 3 8 2 5 7 6 11 9 4
9 1 6 5 11 4 8 3 7 10 2
3 7 11 2 5 9 1 10 4 6 8
11 9 8 3 10 2 4 5 6 7 1
