14904 9613 8965 7924 7101 7398 4788 5124 3889 3626 3841 3672 3136 2347 2062 1718 1210 1331 947 1074 705 668 513 553 421 370 295 321 254 224 195 110 122 95 74 62 53 46 41 34 28 24 20 15 16 13 9 6 6 5 5 5 4 3 3 3 2 1 1 1 1 1 1 1
13 5 12 15 16 10 9 11 7 8 6 14 1 2 3 4
14 9 6 1 7 5 15 12 8 4 10 11 16 2 3 13
3 16 7 13 2 11 1 10 15 5 12 6 4 14 8 9
10 12 15 11 7 5 8 9 16 3 6 1 13 2 14 4
13 8 6 9 2 14 3 4 7 5 1 11 16 10 12 15
6 5 9 15 16 8 11 12 10 3 13 14 2 1 4 7
3 1 13 8 7 2 9 5 15 14 12 11 10 4 6 16
14 11 2 16 7 3 13 1 8 5 6 12 4 15 10 9
15 14 1 11 16 10 8 9 6 2 7 5 13 4 3 12
3 2 9 4 1 13 15 14 7 5 12 10 11 6 8 16
2 7 3 16 14 12 9 13 5 8 10 4 1 15 6 11
3 8 4 14 2 6 13 11 16 1 15 12 7 5 9 10
15 6 5 10 9 7 2 4 11 12 1 8 16 13 3 14
7 15 6 9 8 5 3 2 1 14 16 11 13 10 12 4
16 9 1 11 5 3 4 14 7 15 13 6 10 2 8 12
16 11 13 14 6 3 8 5 15 9 12 1 4 2 10 7
10 7 15 13 16 8 9 1 6 4 5 2 3 14 12 11
13 12 8 11 1 5 2 9 10 14 7 15 3 6 4 16
6 14 9 4 8 7 3 12 5 13 16 10 2 1 11 15
6 1 7 8 14 11 9 2 16 15 13 5 10 12 3 4
7 6 3 16 5 12 15 4 8 13 1 2 11 14 10 9
2 8 5 13 16 3 15 9 7 1 6 11 4 10 12 14
13 2 5 9 7 8 4 11 6 3 15 1 16 14 10 12
16 11 13 15 8 7 3 12 1 9 10 6 2 5 4 14
2 8 9 15 6 12 4 5 11 14 16 10 7 1 3 13
13 5 15 16 9 6 8 4 7 12 1 2 3 14 11 10
10 9 3 13 2 8 15 1 16 4 5 14 11 12 6 7
7 2 8 14 5 10 15 12 11 3 16 4 1 6 9 13
3 14 4 16 1 11 9 10 6 8 7 5 13 2 12 15
13 12 7 9 16 6 2 14 8 5 15 1 3 10 4 11
7 14 3 4 6 8 9 13 1 2 10 15 16 5 11 12
16 6 4 15 8 7 3 2 11 1 5 14 13 12 10 9
10 6 2 9 14 3 4 5 16 8 13 15 1 12 11 7
6 9 7 13 8 5 3 2 16 12 1 4 11 14 10 15
2 5 6 15 7 10 8 9 11 4 12 14 13 1 3 16
10 12 15 13 7 11 3 1 8 9 6 5 16 2 4 14
15 1 6 16 9 12 2 11 8 14 13 10 4 5 3 7
7 5 4 16 1 3 15 11 6 8 10 12 2 14 9 13
6 12 7 8 9 11 2 13 1 5 15 4 16 10 3 14
2 11 15 14 5 6 8 10 7 3 16 1 13 12 9 4
3 12 13 15 1 7 8 9 16 4 5 2 11 14 6 10
16 11 2 9 8 12 3 5 6 1 15 14 13 10 4 7
13 8 7 4 9 5 15 14 16 12 6 2 11 1 3 10
15 6 2 8 7 3 9 5 11 14 16 12 4 1 10 13
6 5 1 16 7 11 3 9 10 8 13 12 2 14 4 15
2 1 13 8 14 6 15 5 7 3 12 4 11 10 9 16
16 1 3 15 8 7 4 13 11 9 5 2 10 12 6 14
7 2 9 13 6 5 15 10 8 14 1 4 16 12 3 11
13 9 15 16 5 3 8 1 7 2 6 12 10 14 11 4
3 2 4 15 8 5 9 10 16 12 7 1 13 6 11 14
7 2 15 13 6 11 3 12 10 8 1 14 4 5 9 16
15 6 3 8 9 12 4 13 7 1 16 5 11 2 10 14
6 8 4 13 5 7 3 14 16 9 15 2 10 1 11 12
3 5 9 8 7 6 15 1 11 2 12 10 16 14 4 13
13 8 1 16 5 3 9 12 10 4 7 15 2 14 6 11
15 12 1 9 8 5 4 10 6 3 16 14 13 2 11 7
16 5 9 15 7 11 2 1 8 14 13 12 4 6 3 10
3 2 15 13 7 12 8 14 11 5 6 1 4 10 9 16
3 1 7 9 6 8 2 13 11 5 10 14 16 12 4 15
3 9 4 16 5 6 8 13 11 14 7 15 2 1 10 12
13 2 3 15 6 7 4 14 8 5 12 1 11 10 9 16
7 2 4 16 14 12 8 1 11 9 15 10 3 5 6 13
6 5 15 13 9 8 3 12 7 14 10 2 16 1 4 11
16 1 13 9 7 11 15 14 8 4 6 5 2 12 3 10
