1457 1125 1160 967 933 730 465 475 473 445 360 284 249 206 144 103 86 72 64 51 39 21 20 15 15 11 9 5 3 3 2 2 1 1 1 1 1 1
6 5 7 2 4 8 3 1
1 2 5 3 6 7 4 8
2 4 1 8 5 6 7 3
1 7 4 3 8 5 6 2
5 3 8 2 7 4 1 6
7 1 6 5 3 8 2 4
4 8 3 6 1 2 5 7
8 6 7 2 4 1 5 3
1 7 2 4 6 3 8 5
4 5 6 8 2 7 3 1
3 6 5 4 1 2 7 8
8 3 1 7 6 5 2 4
5 8 3 6 4 7 1 2
4 1 8 7 3 6 5 2
2 8 4 3 7 1 6 5
7 5 6 2 4 3 8 1
7 8 1 4 6 3 2 5
1 6 5 4 2 8 7 3
8 2 3 1 4 7 5 6
7 5 8 4 1 2 6 3
2 7 4 6 5 1 3 8
5 3 8 7 4 1 2 6
5 2 6 7 4 3 8 1
2 5 4 7 3 1 8 6
5 7 3 1 6 8 2 4
7 8 5 4 3 6 2 1
2 5 4 1 6 7 8 3
4 8 6 7 1 2 3 5
1 8 5 7 4 3 2 6
5 1 4 7 3 2 8 6
7 8 6 1 4 2 5 3
7 6 8 4 2 3 5 1
4 1 5 6 7 2 8 3
4 8 3 7 1 2 5 6
2 5 3 6 1 7 8 4
5 1 8 6 7 3 2 4
7 6 4 1 5 2 8 3
4 8 6 7 2 3 5 1
