10261 8598 8549 7949 7470 7131 6775 5523 3897 3897 3703 2970 3159 2392 2299 1968 1478 1299 1404 1168 848 865 858 755 667 511 416 406 356 332 266 229 200 177 148 140 143 106 95 77 75 63 45 53 40 37 28 24 20 15 13 14 13 11 11 9 7 5 5 5 3 3 3 2 2 2 1 1 1 1 1 1 1
8 3 11 13 6 10 2 5 4 1 7 12 9
6 1 5 2 11 9 7 12 8 10 3 4 13
5 13 7 6 3 2 4 10 9 8 1 11 12
11 9 10 5 1 4 12 2 13 3 8 7 6
1 4 8 10 12 5 7 13 2 11 9 6 3
9 8 13 12 5 1 3 11 6 7 4 10 2
13 7 4 11 10 3 5 8 12 6 2 9 1
3 5 9 7 8 12 1 4 11 13 6 2 10
4 6 2 1 9 11 13 3 7 5 10 12 8
2 10 12 3 4 7 6 5 1 9 13 8 11
10 11 6 8 2 13 9 1 5 4 12 3 7
12 3 1 9 11 6 8 7 10 2 5 13 4
4 12 6 8 1 13 11 2 3 5 10 7 9
1 2 3 4 13 6 10 9 7 12 11 8 5
8 1 10 12 7 11 2 6 3 9 5 4 13
7 9 1 2 6 10 13 3 5 4 8 11 12
2 7 5 3 13 8 12 10 1 11 4 6 9
5 3 2 10 12 9 8 4 7 13 6 1 11
3 10 7 9 5 1 6 12 11 2 13 4 8
6 4 3 5 7 11 10 13 9 8 1 2 12
13 6 8 1 3 12 7 9 4 10 11 5 2
6 11 9 3 5 10 12 8 1 7 2 13 4
5 8 13 7 3 9 1 10 2 12 4 11 6
7 2 11 1 8 4 13 5 9 3 6 12 10
13 9 4 11 12 8 2 3 10 6 1 5 7
2 12 5 10 13 4 8 9 7 1 11 6 3
3 8 12 4 10 7 11 6 5 1 9 13 2
11 7 9 12 8 2 3 4 6 10 13 1 5
9 4 2 5 10 12 11 1 3 8 7 6 13
4 10 3 9 5 6 8 12 11 13 1 2 7
11 2 1 6 13 10 4 12 8 7 5 9 3
12 7 8 1 6 11 5 9 3 2 10 13 4
2 3 13 10 8 7 9 1 6 5 4 11 12
8 11 7 12 6 9 13 4 5 3 2 10 1
5 12 4 6 11 8 7 2 10 1 9 3 13
9 1 13 4 2 3 5 8 7 11 12 6 10
5 8 12 11 3 13 9 6 1 10 7 4 2
4 3 2 9 10 1 12 8 11 5 6 13 7
7 10 11 3 5 2 4 13 6 9 8 12 1
9 11 5 7 12 6 2 3 10 8 13 1 4
8 2 4 7 11 3 6 12 1 13 5 9 10
11 4 7 5 10 9 8 6 2 12 1 3 13
4 1 8 9 12 10 13 2 3 5 7 11 6
5 6 2 4 8 13 7 1 9 11 10 3 12
12 3 1 6 13 8 4 9 7 2 11 10 5
13 4 5 11 7 6 12 10 1 8 9 2 3
11 10 7 2 5 1 13 4 8 3 12 9 6
2 7 9 10 6 3 5 4 11 12 8 1 13
7 2 13 3 6 11 8 10 5 9 4 12 1
7 1 8 9 5 10 11 12 3 2 6 13 4
4 11 7 6 13 3 9 2 10 1 12 8 5
4 7 11 12 5 8 6 13 9 3 10 1 2
13 11 6 3 8 1 5 9 2 10 4 12 7
7 8 12 2 13 10 11 1 3 6 9 5 4
5 3 4 7 12 11 2 6 9 1 13 8 10
8 4 1 9 11 2 13 12 10 5 6 7 3
2 1 5 8 7 6 9 4 3 10 11 13 12
4 3 11 5 6 13 8 9 2 10 7 12 1
9 6 1 10 2 3 7 13 11 8 12 4 5
13 4 11 6 7 9 8 10 5 3 1 12 2
8 11 12 4 6 13 2 1 7 9 5 10 3
9 10 6 8 12 3 11 4 1 2 7 5 13
11 3 5 10 6 2 13 9 7 12 8 1 4
7 1 6 3 5 8 9 4 2 11 10 13 12
5 2 4 12 8 13 9 1 11 3 6 10 7
9 11 5 2 12 6 4 13 10 1 8 7 3
7 1 12 4 11 9 8 2 3 6 5 10 13
11 3 6 8 13 1 5 12 2 9 7 4 10
4 3 1 7 2 10 13 9 5 12 11 8 6
7 10 4 6 13 8 12 9 1 11 5 2 3
13 1 12 4 8 9 11 2 3 6 10 5 7
8 6 1 10 11 3 9 12 2 5 7 4 13
4 8 11 3 2 1 7 10 5 9 6 13 12
