0.18912167840405675 0.1556755799939349 0.111007158607898 0.07305152879869325 0.05932069207939636 0.048102091472571634 0.010066715668450046 0.03742627270860307 0.06435609165553371 0.012476083534293154 0.03864598258855985 0.05674970966904986 0.0339073886314717 0.024353430437631007 0.017319509562705487 0.014353747471036652 0.015499950779629111 0.011349701155028532 0.00885900265784676 0.009400592063434892 0.00566069510260855 0.0032963969575666263
7 6 5 3 4 2 1
3 7 4 2 6 1 5
1 4 3 6 2 5 7
5 1 2 4 3 7 6
6 2 7 5 1 3 4
2 5 4 1 7 6 3
4 3 6 7 5 1 2
6 4 1 5 3 2 7
2 1 6 4 7 3 5
1 6 7 3 5 4 2
4 5 3 7 1 2 6
1 6 4 5 3 7 2
3 4 5 1 2 6 7
7 4 2 3 5 1 6
7 1 5 3 6 2 4
4 3 7 6 2 1 5
6 7 3 4 5 1 2
1 5 2 3 4 6 7
3 1 7 6 5 2 4
5 6 4 2 3 1 7
2 4 1 7 6 3 5
1 3 7 4 5 2 6
