35781 37937 37791 34804 32327 34333 34406 32592 31521 31746 29997 29201 28595 29237 28487 28015 27334 25788 25891 25812 24993 22877 22020 23103 20663 19254 19642 18024 19077 16767 13631 8994 7540 6197 6099 6298 5821 5825 5199 5087 4837 4604 4614 4523 4224 4266 3827 3919 3852 3378 3348 3183 3059 2970 2749 2778 2477 2382 1987 1926 1827 1513 1583 1401 1516 1423 1122 1133 1091 1043 963 981 955 895 769 766 709 711 627 523 554 579 537 539 484 452 407 439 406 354 349 308 299 276 252 248 201 219 200 203 173 173 173 170 144 127 130 135 120 105 109 113 96 89 90 77 84 79 77 72 63 66 60 60 54 53 49 43 45 42 37 38 34 31 30 29 27 25 22 20 21 19 17 17 15 15 15 15 13 12 11 11 11 10 9 10 8 7 7 7 7 6 6 6 6 5 5 5 5 4 4 4 3 3 3 3 3 3 3 2 2 2 2 2 2 2 1 1 1 1 1 1 1 1 1 1 1 1 1 1 1 1 1 1 1 1 1 1
5 26 1 3 6 30 16 8 18 17 32 25 14 23 10 19 24 15 2 20 29 11 12 28 27 22 21 7 4 31 13 9
3 20 8 19 9 14 15 17 7 11 24 5 29 31 27 1 13 6 32 28 16 12 23 30 22 26 10 4 18 25 21 2
22 7 15 31 18 32 28 24 4 25 3 9 13 14 16 29 20 5 17 26 11 21 6 27 8 23 30 2 10 1 12 19
15 2 14 23 26 27 13 30 29 24 18 31 4 20 6 28 1 12 19 25 8 32 9 21 3 5 17 10 16 11 7 22
6 21 10 28 32 24 27 16 3 26 14 19 23 13 9 31 7 29 22 12 30 1 18 4 17 11 20 8 5 2 15 25
28 9 30 16 4 23 11 10 22 31 25 15 1 21 12 2 18 19 7 24 32 29 20 6 13 27 5 14 17 26 8 3
18 23 16 12 10 8 30 4 28 21 29 14 19 3 1 9 26 25 20 5 13 17 15 22 2 31 6 11 7 24 27 32
29 6 11 2 14 20 5 26 25 18 1 8 31 22 21 17 12 16 23 19 7 15 4 13 9 24 3 28 30 32 10 27
24 10 17 11 21 5 25 13 9 2 27 30 20 6 32 4 14 8 31 1 15 19 7 29 18 3 26 22 23 12 16 28
13 32 2 6 23 10 9 27 11 5 31 28 18 7 20 15 22 17 8 3 14 24 16 25 29 19 12 1 21 30 26 4
4 8 3 21 7 22 17 31 5 19 2 20 9 11 14 10 6 18 1 30 12 13 28 24 16 25 32 27 26 15 29 23
12 31 21 10 22 1 23 15 27 6 28 4 24 26 8 5 25 13 11 9 17 3 32 19 7 30 16 20 2 29 18 14
32 18 7 13 19 31 20 1 2 9 22 23 26 27 30 11 8 21 14 10 4 28 24 16 15 17 29 3 12 5 25 6
8 24 26 20 5 19 22 9 17 29 6 11 30 2 7 21 10 23 28 14 25 16 27 3 4 15 1 12 32 13 31 18
31 16 9 7 12 13 32 23 6 1 10 29 25 5 2 24 30 28 15 8 3 26 11 20 19 4 14 18 27 17 22 21
2 3 29 8 28 6 31 11 26 32 17 7 5 15 4 14 23 24 25 21 27 30 22 1 20 12 18 13 9 10 19 16
21 30 20 17 15 29 2 19 12 3 11 22 27 8 28 7 32 10 16 31 5 23 1 14 25 9 13 24 6 18 4 26
27 12 19 26 31 3 21 22 16 7 15 18 10 32 29 30 11 4 13 23 24 9 8 2 6 20 25 5 28 14 17 1
11 4 25 15 8 2 18 6 13 14 7 16 32 29 5 12 17 30 26 27 21 22 10 31 1 28 23 9 3 19 20 24
25 5 6 29 13 28 12 21 19 27 16 24 11 17 22 20 4 2 3 32 1 14 26 7 10 18 9 31 15 8 23 30
17 11 22 25 27 21 7 32 20 10 12 3 2 28 13 23 16 1 29 15 6 18 5 9 14 8 19 26 24 4 30 31
19 29 12 1 20 26 6 2 30 23 8 21 17 16 25 32 28 27 4 13 18 10 31 5 24 7 22 15 14 3 11 9
9 1 28 18 16 15 14 25 21 13 20 17 7 4 26 22 31 32 12 6 10 5 29 8 23 2 24 30 19 27 3 11
23 22 32 30 24 11 4 14 8 15 13 1 6 10 18 3 2 7 21 17 19 20 25 12 26 29 27 16 31 28 9 5
30 17 13 27 2 7 3 12 32 8 9 6 15 24 23 26 21 14 5 11 20 4 19 18 28 16 31 25 29 22 1 10
20 25 18 5 29 4 1 3 23 30 26 10 22 12 15 16 27 9 6 7 28 8 14 17 31 32 2 19 11 21 24 13
16 19 27 9 11 18 26 7 15 20 5 12 21 25 24 13 29 3 30 22 2 31 17 10 32 14 4 23 1 6 28 8
26 15 24 4 1 17 10 18 14 16 23 32 3 9 11 25 19 31 27 2 22 6 21 28 30 13 8 29 20 7 5 12
1 14 4 24 25 16 8 29 31 22 19 26 12 30 17 27 15 20 10 18 23 2 3 11 5 6 28 21 13 9 32 7
10 28 5 14 30 9 19 20 24 12 4 27 16 1 31 6 3 22 18 29 26 25 13 15 11 21 7 32 8 23 2 17
14 27 23 22 3 12 29 5 10 4 30 13 28 18 19 8 9 26 24 20 31 7 2 32 21 1 11 17 25 16 6 15
7 13 31 32 17 25 16 28 1 26 21 2 8 19 3 18 5 11 24 4 9 27 30 23 12 10 15 6 22 20 14 29
5 13 31 3 17 25 24 8 1 28 32 19 14 23 10 18 7 6 9 16 29 27 30 26 22 11 21 15 4 2 12 20
16 27 1 31 6 30 24 28 32 4 18 13 8 20 3 19 5 15 9 25 7 11 12 26 17 22 21 29 23 10 14 2
17 26 1 19 9 32 24 16 14 11 21 25 15 13 3 8 27 4 2 28 30 7 18 23 12 10 20 5 29 31 6 22
19 26 8 22 5 23 14 30 18 28 25 9 3 31 15 32 20 10 6 12 11 27 4 17 21 1 24 7 2 16 13 29
22 20 23 12 7 17 29 18 24 10 30 2 28 21 27 16 3 1 5 4 13 11 9 15 8 26 31 6 32 19 14 25
14 15 24 28 3 18 1 17 23 25 32 10 16 19 9 30 31 13 7 26 29 6 20 4 27 5 2 8 12 11 21 22
31 13 30 2 26 20 5 3 15 16 24 27 32 1 12 4 6 11 22 25 17 10 7 21 9 23 8 19 14 29 18 28
6 4 10 23 2 25 3 8 30 22 29 31 9 24 17 19 1 18 27 16 11 12 14 28 13 32 21 20 5 26 7 15
4 19 3 1 24 15 16 28 10 29 21 17 14 32 11 18 9 30 2 26 8 5 12 23 22 13 25 31 7 27 6 20
7 26 17 6 15 27 13 29 1 8 3 4 20 12 24 31 10 32 18 28 9 25 23 5 11 22 16 30 21 14 2 19
27 17 18 5 19 24 8 13 2 14 28 1 22 7 20 6 15 21 10 16 32 11 9 26 3 31 12 23 30 25 29 4
25 21 28 11 29 30 17 1 19 13 31 20 23 6 10 3 18 15 9 12 4 7 8 32 2 26 14 16 22 5 24 27
30 25 8 14 4 5 20 31 16 9 1 6 17 15 21 22 19 11 23 26 10 32 13 27 18 3 29 12 24 7 28 2
21 1 29 10 22 7 26 25 9 15 27 32 31 13 23 14 4 6 19 20 28 2 18 8 16 30 11 24 17 12 5 3
23 14 27 19 30 1 28 7 29 2 22 3 4 5 6 26 17 12 16 18 24 9 10 15 31 11 32 21 20 8 25 13
20 29 19 32 6 22 24 12 17 23 2 26 10 11 5 9 28 27 13 4 30 8 31 18 1 21 7 25 16 3 15 14
12 16 25 13 11 8 10 15 20 6 14 9 5 23 18 28 21 24 30 7 22 4 32 26 29 27 3 2 19 17 31 1
3 20 12 27 31 9 21 14 5 30 24 29 18 8 26 11 32 17 4 22 7 1 19 10 28 2 6 13 15 23 16 25
9 30 21 18 8 31 27 2 24 7 15 16 6 20 19 25 12 26 3 28 1 14 29 11 32 23 22 17 13 4 10 5
2 9 13 12 16 4 30 32 21 28 18 19 7 27 25 23 11 29 26 10 14 3 15 6 24 20 5 22 31 1 8 17
13 5 11 22 32 16 25 24 26 18 23 12 8 19 14 10 2 28 20 9 15 30 21 31 4 7 27 3 1 6 17 29
32 28 20 31 1 10 9 6 15 17 5 24 21 26 8 27 25 2 14 29 16 13 3 23 30 4 19 18 11 22 12 7
10 3 23 20 28 26 32 5 7 11 8 13 24 22 30 12 16 14 29 6 18 19 1 2 15 25 17 27 9 21 4 31
1 10 9 24 20 3 4 19 23 32 6 5 2 17 31 13 7 8 21 11 12 22 16 29 25 14 28 26 18 15 27 30
26 18 14 16 13 20 31 27 28 3 19 11 25 2 9 17 29 7 12 15 5 21 24 30 8 6 4 10 23 32 1 22
22 24 16 7 12 14 6 4 27 5 26 2 1 3 29 21 9 30 31 32 25 23 17 13 19 28 15 20 8 18 11 10
8 2 32 21 24 29 11 26 14 1 22 25 12 10 4 5 30 23 15 19 9 31 28 17 6 16 18 7 27 13 3 20
18 6 15 23 9 24 2 10 13 27 31 21 29 25 32 7 8 4 22 3 17 5 30 16 12 19 1 28 26 20 14 11
16 31 1 15 2 23 19 28 6 21 10 18 30 4 3 8 14 29 24 13 11 25 5 27 17 12 20 9 22 26 7 32
29 8 7 28 27 11 18 21 4 19 3 15 26 9 24 2 5 14 25 17 32 16 20 1 10 22 13 23 6 30 31 12
28 12 31 19 26 13 32 9 11 20 4 8 22 29 15 16 23 17 2 25 27 18 6 5 14 10 1 30 3 7 24 21
11 27 4 14 31 5 7 3 32 1 28 23 19 21 16 24 26 18 8 30 6 12 2 22 20 17 10 29 25 9 13 15
9 7 6 3 32 2 22 18 8 25 14 27 11 30 12 29 13 16 1 31 21 17 4 20 23 5 26 15 10 28 19 24
19 23 22 4 21 12 6 14 30 5 25 15 27 16 13 1 3 32 11 2 29 26 20 10 9 18 17 31 7 24 28 8
30 15 2 8 3 25 29 16 18 31 27 21 17 7 11 5 20 12 6 14 19 10 9 32 22 26 23 4 24 13 1 28
7 8 26 32 14 10 30 20 4 9 12 25 23 18 2 31 22 15 17 16 3 28 27 6 21 1 24 13 5 11 29 19
3 26 32 2 1 19 28 11 13 12 30 4 29 14 17 18 5 22 9 24 23 27 7 21 20 8 25 6 31 15 10 16
23 11 24 8 19 31 12 32 22 16 21 13 9 10 20 4 30 1 29 25 28 7 5 18 27 14 15 17 26 6 3 2
25 12 1 13 15 27 9 7 31 17 24 22 16 4 29 20 19 3 14 30 8 6 11 28 5 26 32 21 2 23 18 10
4 32 3 9 30 21 11 16 12 22 5 18 15 24 28 13 8 26 27 17 25 20 23 14 7 29 6 19 1 10 2 31
24 22 26 29 7 20 3 23 8 30 18 28 25 31 6 10 32 13 5 16 14 9 19 4 11 15 2 1 12 27 21 17
21 9 7 5 22 4 25 8 29 16 2 17 30 3 23 19 26 11 18 13 1 31 28 15 10 6 14 24 20 32 12 27
12 6 14 11 4 1 31 10 19 23 29 30 26 18 22 7 15 24 28 21 9 5 32 13 2 25 8 3 27 20 17 16
10 14 2 28 29 15 19 26 18 3 32 8 13 5 27 24 31 21 23 9 7 12 25 11 30 16 4 22 17 1 6 20
26 15 11 6 10 32 13 24 5 2 9 23 20 21 4 8 29 27 19 12 17 16 30 31 3 7 22 18 28 25 14 1
32 11 31 10 16 7 18 21 6 19 1 20 3 9 24 15 27 28 25 22 30 13 2 26 23 4 29 12 14 17 5 8
31 27 18 23 6 30 5 22 17 20 26 29 4 16 7 2 13 10 15 3 19 1 24 12 32 28 9 8 11 21 25 14
28 10 4 30 17 9 21 29 2 11 27 7 31 22 18 16 23 6 24 26 5 32 1 8 14 20 12 25 13 3 15 19
13 23 20 1 28 29 10 3 11 32 16 24 19 8 26 17 25 18 31 2 12 15 6 21 22 9 7 27 30 14 4 5
2 3 28 15 1 17 16 25 21 7 23 6 24 27 32 14 20 8 12 19 10 29 13 5 9 31 30 26 18 22 11 4
11 5 19 14 26 13 27 31 22 18 2 12 7 17 25 21 1 16 3 10 15 24 29 30 6 23 20 4 9 8 32 28
1 30 27 26 8 19 15 20 7 9 11 5 6 25 2 12 10 14 4 29 22 3 31 32 28 17 18 13 21 24 16 23
20 31 13 21 25 3 4 30 28 14 12 11 1 23 22 9 18 19 8 32 6 27 17 10 26 24 16 2 15 5 7 29
8 24 9 18 22 26 14 23 32 1 25 7 12 29 31 28 6 2 13 5 11 30 3 16 17 21 27 10 19 4 20 15
27 20 21 2 13 22 17 5 26 31 29 4 14 28 9 11 19 1 30 6 3 18 12 7 15 10 23 24 8 16 25 32
16 29 17 4 3 23 2 6 27 15 5 22 18 12 14 30 9 7 20 8 32 26 10 28 31 1 21 19 25 11 13 24
19 8 10 3 21 27 29 12 14 6 32 16 31 30 5 26 17 23 7 15 18 25 9 4 20 22 13 1 2 28 24 11
29 26 1 31 10 25 30 28 15 32 24 19 23 2 21 18 3 17 22 11 16 14 27 6 4 13 7 5 20 9 8 12
14 10 30 19 18 1 25 2 4 12 17 31 8 16 11 6 22 3 9 27 23 7 15 29 5 32 20 21 24 26 28 13
23 32 15 27 19 2 24 18 9 21 6 20 22 14 16 25 11 30 31 26 4 10 8 17 12 3 5 28 13 29 1 7
5 2 29 32 4 24 9 17 19 20 28 10 27 21 23 16 14 22 6 7 13 11 31 15 1 25 26 3 8 12 30 18
3 22 16 8 20 29 31 11 13 27 15 9 32 6 7 1 5 24 4 18 21 2 23 14 26 12 10 17 28 30 19 25
4 28 25 12 27 11 19 7 31 22 14 2 16 20 10 17 15 6 8 32 24 5 29 1 18 30 9 23 26 13 3 21
10 17 12 5 31 14 26 9 24 19 4 29 11 8 30 7 16 13 28 6 27 32 18 22 21 15 3 25 1 23 2 20
24 25 6 7 29 9 4 13 5 28 30 15 26 10 3 27 12 21 19 14 17 16 1 31 8 18 11 22 23 20 32 2
25 12 22 16 11 31 1 15 30 23 9 6 28 4 27 20 29 26 24 5 8 21 14 13 32 19 2 7 10 18 17 3
31 23 9 24 15 32 8 16 17 25 10 27 20 7 4 22 2 28 11 29 1 6 5 18 14 26 30 12 3 13 21 19
18 26 21 20 24 15 17 29 16 11 1 23 10 32 9 19 30 27 2 31 7 28 25 22 12 5 8 6 14 3 4 13
32 18 24 9 7 30 22 27 29 2 31 13 4 11 28 5 25 10 21 3 19 1 6 8 23 16 12 20 17 14 15 26
19 2 30 22 17 16 6 8 12 13 3 5 7 24 15 14 32 11 10 21 23 20 4 31 9 1 28 26 27 25 18 29
9 27 4 13 18 7 14 10 6 3 21 11 1 26 24 31 23 25 22 2 28 29 19 12 15 20 32 8 30 17 5 16
30 3 20 29 14 10 5 25 1 17 28 19 9 22 16 4 7 12 23 8 11 18 32 26 27 13 24 31 15 21 6 2
8 22 1 2 16 17 21 11 23 19 18 3 5 31 27 9 28 32 7 10 26 30 13 20 24 14 4 15 6 12 29 25
17 4 31 19 27 26 11 2 10 28 8 24 6 13 23 21 14 15 30 20 25 22 3 1 5 12 29 16 9 32 7 18
20 5 23 27 26 8 10 13 2 16 15 21 22 29 11 28 31 1 17 9 6 24 30 14 7 18 25 32 19 4 3 12
23 28 17 12 31 20 15 27 8 22 30 25 13 9 21 18 6 4 26 11 5 2 24 32 3 19 14 7 29 16 1 10
1 7 32 30 19 11 28 18 26 25 3 27 12 15 20 6 22 8 5 24 10 17 16 9 13 29 31 23 21 2 14 4
12 10 29 7 30 2 13 4 32 27 24 18 14 28 26 8 19 21 16 15 3 23 17 6 31 9 22 25 11 1 20 5
7 20 19 24 23 26 32 30 31 21 6 14 29 5 3 25 27 2 13 18 12 15 9 17 10 8 11 4 16 22 28 1
26 25 15 32 8 22 3 31 13 6 17 30 4 14 10 11 12 27 20 19 16 9 1 7 29 24 18 28 23 5 2 21
14 23 10 26 21 5 7 8 18 20 31 24 11 17 6 1 2 28 9 25 13 16 12 15 4 3 19 22 27 29 30 32
16 31 14 28 20 32 23 1 5 18 21 17 24 2 25 12 13 8 29 22 9 11 4 27 6 30 15 10 3 26 19 7
24 4 3 5 11 9 1 6 28 23 8 12 2 10 31 32 18 22 25 14 15 26 29 21 19 7 13 20 17 30 16 27
28 12 16 20 13 31 10 32 29 7 9 2 19 3 17 24 26 30 1 27 21 14 15 5 22 25 4 18 6 8 23 11
13 14 6 10 22 15 4 28 11 12 29 7 16 23 30 17 1 24 3 5 18 21 27 8 25 31 2 26 9 19 32 20
3 15 13 9 12 8 21 26 19 30 4 5 20 16 7 10 32 29 27 6 14 31 25 2 17 22 23 1 18 28 11 24
11 30 2 31 10 19 27 17 14 1 13 15 18 12 32 16 8 23 7 20 4 5 6 28 21 26 22 9 29 24 25 3
31 32 12 6 29 3 24 5 17 11 1 8 23 18 14 2 25 4 19 13 22 10 7 26 28 21 16 27 30 9 20 15
32 24 31 23 3 7 19 15 9 14 16 20 27 11 22 8 17 25 21 26 30 1 18 13 2 6 29 12 28 10 5 4
8 26 24 3 6 21 12 14 15 2 5 9 28 19 29 27 16 11 1 32 25 20 22 30 18 17 10 31 13 4 7 23
27 17 25 21 28 20 11 3 30 31 19 32 15 7 13 22 4 16 14 12 9 6 23 18 5 10 24 2 1 8 29 26
10 2 4 18 25 1 13 21 7 24 14 29 3 32 5 26 9 17 30 16 6 27 11 20 22 15 12 19 31 23 8 28
2 18 1 4 32 17 8 9 27 16 10 28 26 24 19 13 29 12 15 7 21 22 31 6 30 23 3 11 25 20 14 5
18 8 22 30 24 16 2 29 23 28 6 26 7 31 17 15 3 13 11 21 12 32 20 4 1 25 27 5 14 9 10 19
25 22 7 12 15 13 31 10 24 9 18 23 1 26 20 4 11 6 16 3 27 28 5 32 19 29 8 17 2 30 21 14
29 10 28 19 7 30 17 16 21 27 31 13 22 5 18 20 23 32 2 9 26 4 14 1 24 8 6 3 15 11 12 25
21 5 27 1 26 24 6 7 12 29 17 16 10 2 4 28 20 14 9 8 15 3 30 23 25 31 32 11 19 22 13 18
9 6 23 27 16 25 5 12 4 13 15 3 32 21 26 29 30 19 17 2 24 14 10 31 20 22 28 8 11 18 1 7
14 20 12 8 30 10 28 21 16 22 24 2 5 29 23 19 7 1 26 31 3 13 18 25 17 9 15 6 27 32 4 11
20 7 26 14 8 4 9 3 32 2 28 22 18 17 31 5 15 11 23 29 13 30 27 16 6 21 25 12 10 19 24 1
5 31 14 7 13 2 32 20 1 11 8 6 23 3 25 30 28 15 22 24 10 29 17 9 21 4 19 27 16 26 18 12
27 28 2 13 20 12 22 19 9 3 32 17 29 30 6 1 23 10 25 4 5 18 16 11 31 14 7 21 26 24 15 8
13 8 29 26 27 23 3 5 20 17 30 11 9 28 2 21 22 6 12 25 16 24 15 14 10 32 31 18 7 1 19 4
7 29 13 22 4 28 15 1 6 32 9 8 19 20 24 31 10 26 5 18 17 16 12 27 11 30 14 2 21 25 3 23
12 25 21 29 1 8 7 32 27 20 26 31 14 4 22 18 19 16 13 15 30 23 24 17 2 5 11 9 6 3 28 10
1 27 16 20 11 5 25 22 24 6 21 19 2 14 29 9 8 13 31 10 18 15 23 12 4 7 26 32 17 28 30 3
8 4 11 15 21 22 30 17 26 19 3 12 6 16 25 2 13 32 10 14 29 31 28 7 24 20 9 1 18 5 23 27
28 2 4 16 7 14 26 9 10 18 1 21 27 11 20 8 31 25 3 19 32 17 22 5 23 13 30 6 24 12 15 29
17 12 31 24 3 29 16 30 11 1 32 14 21 9 10 25 18 4 27 22 28 7 19 8 13 6 5 20 15 23 2 26
26 23 3 18 22 31 14 15 4 25 19 30 20 13 28 27 29 12 6 11 1 9 7 10 32 24 8 5 2 21 17 16
32 1 19 29 24 26 6 14 13 12 31 5 25 23 7 22 17 30 20 27 4 11 9 2 18 16 21 8 3 10 28 15
30 24 25 22 17 9 31 6 5 23 16 27 11 15 14 12 2 3 29 8 10 4 13 21 7 1 18 26 19 20 32 28
19 3 32 21 18 11 2 10 14 7 4 24 16 12 13 6 1 17 26 31 5 28 25 15 9 23 29 22 30 8 27 20
16 6 17 19 32 20 8 25 22 21 14 10 28 18 26 13 5 2 24 15 23 27 1 9 30 12 4 3 31 29 11 7
4 11 10 23 1 7 15 8 17 14 13 18 12 24 30 28 16 19 22 29 9 5 32 20 25 3 27 31 26 2 6 21
2 18 20 8 12 21 11 31 7 30 10 25 24 27 32 14 26 23 5 9 15 17 4 22 3 28 6 1 13 16 29 19
3 15 6 28 19 32 12 22 30 31 18 23 27 7 4 24 14 1 11 5 13 26 20 25 17 8 2 16 9 21 10 29
11 13 24 30 23 10 27 16 8 5 9 31 15 29 3 4 25 22 28 21 14 2 6 18 19 26 7 17 1 12 20 32
29 10 30 3 14 16 28 5 23 24 6 22 26 20 18 11 4 8 17 7 21 15 2 13 1 12 9 27 25 32 19 31
24 14 28 16 29 30 17 4 2 32 5 3 31 10 23 15 7 26 21 27 11 9 22 1 6 20 13 19 12 8 18 25
18 22 29 4 26 14 7 1 19 20 3 12 5 23 27 30 32 8 25 2 17 11 6 31 28 15 16 21 10 9 13 24
10 17 24 5 6 22 32 29 18 12 21 13 16 9 11 26 20 15 2 8 27 7 28 14 31 25 19 23 3 30 4 1
14 32 7 1 25 11 22 17 31 15 26 21 6 30 2 19 9 24 18 4 29 13 3 8 27 5 23 10 28 20 16 12
23 30 13 26 31 2 5 11 32 6 15 14 21 8 19 17 28 10 27 3 7 1 9 16 20 22 24 25 29 4 12 18
21 26 9 2 27 19 29 7 1 17 8 20 14 28 6 31 4 25 13 12 3 22 11 30 10 16 15 18 32 23 24 5
9 16 19 15 30 4 21 28 20 13 1 17 11 14 31 8 6 3 12 25 18 32 10 29 24 23 22 2 26 5 7 27
25 3 30 12 20 24 13 9 8 22 28 19 2 11 5 32 17 29 15 18 1 27 7 4 23 14 31 6 16 26 21 10
24 1 17 20 13 3 4 21 15 16 11 6 29 12 22 5 30 32 23 19 26 10 31 18 2 7 25 9 27 28 8 14
3 31 25 13 7 5 19 8 21 9 30 27 20 16 17 1 26 12 10 24 22 6 2 32 14 18 28 23 15 29 11 4
11 9 3 14 17 28 16 19 2 1 29 7 25 32 4 27 5 13 6 20 24 21 15 12 18 31 26 22 30 10 23 8
17 5 21 32 16 25 6 26 9 18 4 8 19 22 11 20 15 30 31 13 23 29 14 28 7 3 12 10 24 1 27 2
1 27 11 18 28 9 30 20 29 19 16 26 32 5 24 2 10 23 3 22 25 31 4 6 17 8 21 12 14 7 15 13
16 23 32 8 2 20 27 6 17 7 18 5 10 15 29 31 1 26 12 14 4 25 19 11 22 9 30 28 13 24 3 21
31 11 15 7 22 26 20 14 10 24 19 18 12 4 27 21 25 17 13 29 16 30 5 23 9 6 32 8 2 28 1 3
4 7 14 27 21 12 8 15 30 23 26 2 9 19 18 32 3 22 6 11 5 24 13 29 31 1 10 20 28 25 17 16
10 2 4 23 18 8 12 25 31 29 17 30 24 13 26 16 22 14 27 15 28 20 1 7 6 32 3 19 9 5 21 11
18 29 31 15 24 10 14 28 22 13 11 21 4 2 3 12 16 27 9 6 30 23 32 17 26 19 1 5 7 8 25 20
5 10 2 30 3 13 9 12 32 25 28 24 22 18 7 29 31 16 15 21 11 4 20 14 27 17 8 26 1 19 6 23
14 28 16 5 15 1 26 9 27 3 6 11 7 21 31 18 8 19 2 10 12 29 23 30 4 24 20 17 25 22 13 32
23 14 10 4 8 29 24 3 1 17 5 13 9 28 20 22 2 6 11 31 27 15 25 21 12 26 18 16 19 32 30 7
19 20 1 26 11 28 16 10 7 32 8 17 15 27 2 6 14 29 25 5 21 18 24 31 30 13 22 3 23 9 4 12
8 18 6 31 14 21 11 32 9 16 30 10 29 26 23 24 7 2 20 4 13 22 12 25 1 5 28 27 17 3 19 15
26 6 23 9 30 11 15 27 5 22 24 29 28 3 13 8 32 1 4 7 14 17 18 20 19 16 12 21 31 2 10 25
2 16 20 3 32 24 7 8 15 27 21 12 23 30 22 4 9 25 10 19 17 13 29 1 28 31 11 6 18 26 14 5
21 13 9 12 20 4 28 5 14 30 29 22 19 16 6 26 7 15 17 27 24 32 10 2 11 3 23 25 18 1 8 31
20 21 26 7 25 3 8 19 16 5 10 6 12 14 17 30 29 4 18 9 22 11 28 13 32 15 31 24 23 27 2 1
28 30 4 6 13 32 22 20 8 14 1 23 11 9 7 19 27 10 21 2 16 5 31 15 25 17 3 18 12 29 24 26
12 22 19 2 26 5 3 4 23 11 13 28 1 31 20 15 18 6 16 25 10 21 17 32 24 8 14 9 29 30 7 27
29 4 6 1 19 26 13 30 12 21 9 14 27 17 5 11 25 24 31 18 32 2 20 7 3 28 15 22 10 23 16 8
32 15 31 24 10 23 25 7 21 9 14 2 26 11 4 17 5 8 28 16 29 3 30 12 13 6 19 27 1 22 18 20
7 12 10 20 16 30 21 17 11 2 15 19 31 24 6 9 3 22 23 26 18 28 14 13 27 1 5 8 25 4 32 29
30 17 14 28 12 9 2 21 22 31 6 15 18 10 19 8 13 11 4 24 5 16 23 27 7 25 26 1 32 20 29 3
9 32 29 21 17 16 20 27 2 18 4 31 5 12 3 6 22 13 26 11 1 14 15 8 30 24 25 28 19 7 23 10
8 26 30 22 28 14 29 10 19 7 16 18 2 23 13 4 6 17 24 20 15 31 25 9 1 12 32 3 11 21 27 5
19 6 28 18 27 20 31 1 17 24 8 16 14 7 11 5 15 32 3 29 26 25 9 4 10 22 13 21 2 12 30 23
5 20 2 14 23 22 1 26 24 15 18 7 25 27 21 11 8 3 29 32 13 4 16 28 17 10 9 31 6 30 12 19
30 24 3 19 22 7 17 31 26 27 13 8 20 29 18 15 14 1 25 12 23 6 4 10 9 32 21 2 28 5 11 16
28 26 17 16 6 5 11 3 18 30 31 32 22 25 24 27 20 29 19 13 4 10 7 2 23 9 8 12 21 14 15 1
7 3 15 2 31 19 32 16 29 12 13 25 28 22 14 1 23 24 20 8 9 27 11 4 18 21 30 5 17 10 6 26
11 28 1 26 29 8 24 14 21 25 9 7 13 18 32 20 17 12 2 22 3 6 5 30 10 19 15 23 16 27 4 31
16 7 11 18 27 21 5 15 20 19 14 8 24 22 10 2 12 23 29 25 4 26 30 6 3 13 28 31 9 1 17 32
4 9 21 15 14 19 12 17 6 5 8 11 10 26 22 27 2 16 30 29 3 13 18 31 23 32 24 20 7 28 1 25
29 10 2 13 3 22 4 8 18 16 21 9 15 12 11 17 30 6 23 14 32 28 7 1 24 19 20 5 31 26 25 27
12 18 16 8 15 13 9 6 23 29 17 26 27 7 14 5 3 30 20 32 11 2 4 10 31 28 1 22 21 25 19 24
17 24 13 14 11 7 16 5 12 22 19 6 20 3 10 18 28 4 31 26 25 30 1 32 9 23 27 21 29 2 15 8
9 4 6 19 2 12 3 21 17 15 5 20 7 11 31 30 32 1 10 8 26 25 13 29 28 18 22 16 27 24 14 23
18 12 3 27 4 23 6 9 7 11 31 5 14 30 2 26 1 32 25 15 10 29 17 28 20 22 21 8 24 16 13 19
5 13 7 24 21 15 28 4 26 6 25 3 32 8 30 1 31 2 16 27 29 22 9 11 19 14 10 20 17 23 12 18
14 6 15 5 18 31 17 30 10 27 1 32 26 4 24 28 8 29 3 12 23 7 11 25 22 21 20 19 16 9 2 13
19 20 11 4 22 8 27 25 5 3 26 30 1 31 32 24 29 14 28 7 9 21 2 23 6 13 18 17 15 12 10 16
26 2 21 31 8 28 32 22 13 1 30 25 4 17 5 29 23 3 15 16 27 9 24 20 18 10 14 6 7 19 11 12
2 15 23 16 7 1 30 32 31 24 3 10 25 29 28 13 20 26 19 5 21 18 22 17 11 9 12 27 6 14 8 4
8 22 32 1 23 30 31 26 20 21 18 28 29 24 27 15 19 25 17 4 14 3 5 16 2 7 13 12 9 10 6 11
32 11 28 21 30 26 1 31 24 25 29 27 16 10 23 22 14 19 5 13 7 20 12 18 17 6 9 2 3 8 4 15
31 32 17 30 26 20 19 1 29 23 28 24 22 25 21 11 15 27 13 18 6 4 16 12 14 5 8 9 10 3 7 2
23 17 1 28 31 25 21 29 30 32 24 16 6 27 18 20 9 15 12 22 13 10 19 14 4 8 11 26 2 5 3 7
