11850 11985 11713 11086 6457 6670 5906 5193 4629 4629 2983 2711 1997 2094 1646 1374 1241 899 801 763 497 395 419 298 302 205 227 181 173 130 117 79 64 49 46 34 33 29 18 15 9 10 8 8 5 4 4 3 2 2 2 1 1 1 1 1
12 1 2 6 9 11 4 3 14 15 8 10 7 13 5
11 10 2 5 8 1 3 14 9 7 4 15 12 13 6
2 11 4 14 1 7 9 3 6 12 8 13 10 15 5
1 5 14 11 12 8 6 4 13 15 10 2 7 3 9
6 8 11 9 10 15 3 2 12 7 14 5 4 1 13
12 6 8 10 2 15 4 9 14 7 13 1 5 11 3
8 3 2 6 14 12 11 15 9 10 4 7 1 13 5
13 1 4 9 3 12 8 2 7 14 5 15 11 10 6
12 8 6 2 11 5 13 10 4 3 7 1 14 15 9
6 12 5 10 7 15 4 3 11 9 14 2 8 1 13
14 6 11 8 10 1 15 9 5 7 3 13 4 2 12
2 4 1 5 8 10 3 6 7 15 9 14 11 13 12
4 1 8 5 14 7 11 9 3 12 6 13 2 10 15
14 4 1 11 15 10 13 12 5 8 9 7 2 6 3
2 1 14 8 10 9 15 6 4 12 13 5 7 11 3
12 6 4 2 1 5 11 3 10 7 8 15 14 13 9
8 3 12 14 13 11 9 7 6 15 2 1 4 10 5
13 10 11 5 12 9 8 14 3 4 7 15 1 2 6
7 15 13 9 3 8 4 10 14 5 6 2 1 11 12
4 3 5 9 1 14 6 15 7 12 8 10 2 13 11
6 5 11 10 14 12 13 9 3 8 7 2 4 1 15
13 6 14 8 15 5 3 12 11 4 10 1 7 2 9
12 1 6 14 11 7 8 3 9 10 4 5 2 15 13
8 12 4 5 3 14 13 6 11 9 10 7 1 2 15
12 10 5 8 1 15 3 4 6 14 13 2 7 11 9
8 5 2 10 15 9 13 14 3 12 7 1 4 6 11
8 15 4 11 13 1 9 12 3 5 7 2 14 10 6
4 6 12 10 14 11 13 7 9 8 5 15 2 1 3
7 3 13 5 1 9 4 14 11 15 2 10 8 6 12
6 5 11 8 3 1 15 4 14 9 10 7 12 2 13
13 10 11 2 7 12 3 6 9 4 8 5 14 1 15
7 12 2 9 15 8 6 14 10 3 5 13 4 1 11
13 12 5 11 14 7 8 10 6 3 4 15 1 2 9
12 5 13 10 7 11 8 3 4 9 2 14 1 6 15
2 3 6 14 11 5 8 12 9 4 10 7 1 15 13
8 6 12 14 1 7 11 4 3 15 5 10 2 13 9
4 10 13 2 3 9 15 12 14 5 8 1 7 11 6
12 15 4 8 1 7 3 6 5 10 13 14 11 2 9
14 12 2 9 15 8 11 7 4 3 10 5 1 6 13
8 3 5 9 14 11 6 7 10 4 2 13 12 1 15
2 5 12 14 1 9 4 3 6 8 13 10 7 15 11
14 6 2 9 13 5 15 7 4 8 10 1 12 11 3
4 12 6 2 11 9 3 7 14 15 8 5 1 10 13
2 5 12 8 7 9 11 4 6 3 13 10 14 1 15
7 12 5 10 15 11 6 3 14 8 4 1 2 13 9
8 15 6 2 14 1 9 3 10 4 5 7 12 11 13
8 12 13 5 11 1 3 6 10 15 4 14 7 2 9
2 10 12 9 1 5 15 7 6 3 8 14 4 13 11
7 10 11 2 14 1 9 12 4 3 5 13 8 15 6
2 6 5 10 3 7 9 4 14 8 13 1 12 11 15
13 3 4 8 1 9 6 7 14 15 10 5 11 2 12
8 3 11 9 15 7 6 12 10 4 5 14 2 1 13
14 6 12 5 7 1 9 15 4 3 8 13 2 10 11
7 3 5 14 15 8 6 4 9 10 13 2 12 1 11
2 12 13 9 7 1 11 3 10 4 5 14 8 15 6
4 5 12 11 14 15 9 10 6 3 8 1 7 2 13
