5226 4720 4920 4481 4500 4497 4296 4259 4003 3930 3864 3745 3428 3377 3326 3188 3118 3025 2659 2693 2441 2097 1734 1041 829 837 843 765 727 759 667 681 601 581 604 561 505 472 443 401 385 385 310 295 274 269 226 220 165 168 158 149 142 135 137 127 121 118 99 100 86 83 79 73 65 55 51 47 44 39 37 40 32 32 29 26 26 25 23 21 21 19 18 14 14 14 13 9 10 10 8 8 8 7 7 6 6 6 5 4 4 4 3 3 3 3 3 3 2 2 2 2 2 2 1 1 1 1 1 1 1 1 1 1 1 1 1 1 1
20 14 2 19 22 13 15 7 24 3 8 4 12 11 6 10 5 23 16 9 21 17 18 1
1 8 3 18 13 21 12 19 15 7 22 24 11 17 5 2 4 16 6 23 14 20 9 10
7 9 17 24 15 4 2 12 11 1 16 8 20 19 23 3 18 13 21 10 5 6 22 14
19 7 12 14 23 16 21 10 4 8 15 1 18 6 3 22 9 5 17 24 2 11 20 13
22 6 4 7 12 2 3 8 10 18 14 20 13 24 21 15 1 9 23 16 19 5 11 17
10 1 22 20 18 12 6 21 14 13 24 3 19 2 11 9 7 8 15 4 17 23 16 5
9 22 23 15 20 18 1 2 21 4 6 19 5 10 16 24 12 11 14 8 7 13 17 3
18 13 21 12 1 3 16 20 9 17 19 2 23 14 22 8 6 4 10 5 15 7 24 11
24 5 7 6 10 17 8 4 23 19 18 21 16 20 9 13 2 22 11 1 3 15 14 12
17 2 20 5 16 9 19 15 3 6 10 13 22 7 8 18 11 14 12 21 4 24 1 23
15 24 13 16 4 23 11 6 1 5 12 22 17 3 2 7 21 20 8 14 18 10 19 9
5 11 24 4 14 19 13 1 8 12 2 10 3 22 15 16 20 6 18 17 23 9 21 7
12 20 5 13 21 8 4 17 18 11 9 6 24 16 10 14 3 7 19 15 22 1 23 2
6 16 9 3 24 10 23 22 5 21 20 15 7 1 13 11 14 17 2 18 12 19 8 4
14 12 16 22 6 11 9 23 17 15 21 4 2 18 24 5 13 3 1 7 20 8 10 19
3 15 8 21 2 1 10 13 7 23 5 14 9 12 19 17 24 18 20 6 11 22 4 16
4 3 6 9 19 15 5 16 12 20 7 11 10 8 14 23 17 1 13 22 24 21 2 18
8 21 11 23 22 5 17 3 13 2 1 16 14 9 18 20 19 10 7 12 6 4 15 24
2 17 1 10 3 6 7 14 19 16 23 9 4 13 20 21 22 12 24 11 8 18 5 15
13 23 14 8 9 22 24 18 20 10 11 17 15 4 6 12 16 19 5 3 1 2 7 21
16 18 10 1 5 7 14 11 6 24 17 23 21 15 4 19 8 2 9 20 13 12 3 22
23 4 18 11 17 14 20 5 2 22 13 7 6 21 12 1 15 24 3 19 10 16 9 8
11 10 19 2 8 21 22 24 16 7 3 18 1 5 17 6 23 15 4 13 9 14 12 20
21 19 15 17 11 24 18 5 16 9 4 12 8 23 7 1 10 20 22 2 14 3 13 6
21 19 15 17 7 20 18 9 22 14 3 5 8 24 1 12 10 23 4 2 16 11 6 13
19 7 11 18 8 24 12 17 15 9 20 5 16 6 1 2 4 21 22 23 10 3 13 14
1 8 16 19 11 23 15 9 22 14 13 12 18 17 7 4 10 5 21 24 2 20 6 3
21 10 15 14 3 20 22 7 2 8 4 24 19 11 5 16 18 9 23 17 13 6 12 1
12 4 1 2 7 17 20 14 22 13 3 18 8 23 21 24 9 15 19 11 16 6 10 5
1 9 10 24 13 11 21 23 20 14 2 3 5 12 4 6 22 16 15 7 19 17 18 8
7 6 20 22 17 13 15 24 23 18 12 19 4 16 1 14 2 21 5 9 8 3 11 10
23 16 2 19 5 10 4 22 18 9 21 7 11 13 3 8 15 14 6 12 1 24 20 17
16 2 5 18 15 8 14 13 19 10 17 12 24 20 21 11 23 22 9 1 3 6 7 4
4 12 14 9 11 24 22 3 13 19 15 2 23 5 20 10 1 7 17 18 21 16 8 6
21 14 8 1 9 2 7 18 3 17 19 5 10 6 12 13 24 11 16 22 20 4 23 15
2 24 19 10 8 16 18 9 12 1 7 20 13 15 17 21 14 6 11 3 22 5 4 23
3 5 18 2 6 19 13 21 15 12 9 23 22 24 7 20 4 10 1 8 14 17 16 11
14 17 3 13 7 5 10 11 6 8 18 1 9 22 2 23 19 12 20 16 4 15 24 21
13 23 24 16 20 4 19 6 8 7 5 22 1 21 10 15 3 2 18 14 9 11 17 12
6 19 12 11 24 1 21 16 17 18 23 8 7 4 14 2 5 9 22 15 10 13 3 20
8 15 9 3 21 22 16 7 1 11 10 13 20 19 23 5 17 4 14 2 12 18 6 24
11 7 13 4 16 12 23 17 5 22 14 24 6 3 18 1 10 8 2 21 15 20 9 19
17 10 15 8 22 18 12 1 7 16 24 11 3 9 19 4 20 21 13 6 23 14 5 2
19 3 1 20 15 10 5 2 24 21 6 7 17 14 4 18 8 22 12 9 11 23 13 16
20 1 6 17 10 14 2 24 22 23 11 18 21 8 16 3 9 15 7 13 5 12 19 4
18 11 17 7 19 15 8 14 21 4 22 9 16 1 24 12 13 23 3 5 2 6 10 20
4 9 10 23 1 20 3 15 2 6 8 12 11 18 5 7 16 17 24 22 13 19 21 14
24 13 23 6 12 17 10 20 16 9 1 2 4 11 7 19 22 8 21 18 14 5 3 15
22 20 3 18 23 9 6 8 14 5 24 19 15 7 13 17 12 21 4 10 16 2 1 11
7 4 21 15 17 3 11 22 18 19 5 8 2 16 6 23 20 24 10 14 9 13 12 1
12 20 19 14 4 5 13 7 9 10 23 6 8 17 21 22 2 1 3 24 15 16 11 18
9 18 7 8 13 2 17 4 19 14 1 23 12 10 16 21 15 3 24 11 5 20 22 6
16 22 4 21 18 13 15 3 24 1 6 17 19 20 12 10 5 7 8 9 11 2 14 23
8 3 5 23 11 1 2 12 15 13 16 10 7 22 17 20 9 19 4 6 21 14 18 24
13 1 20 24 2 18 19 9 17 16 21 4 14 11 10 15 8 6 7 12 3 23 5 22
2 9 14 22 23 24 21 11 6 5 4 20 18 8 1 17 16 10 13 15 12 3 19 7
14 21 18 15 1 7 4 8 2 9 20 24 5 12 19 6 3 23 10 13 22 11 17 16
5 22 16 6 4 8 20 23 7 11 15 14 24 19 3 2 18 12 9 10 17 21 13 1
17 4 8 9 14 19 5 6 21 7 13 18 23 2 20 11 10 1 15 3 24 22 16 12
10 2 12 19 3 16 22 1 8 17 7 13 9 18 11 14 15 4 20 5 23 24 6 21
21 6 23 18 20 12 7 4 13 19 10 5 15 3 14 8 17 24 2 22 16 11 1 9
18 19 6 17 7 4 14 5 16 23 11 3 20 9 22 24 12 13 21 1 8 15 2 10
22 12 11 13 17 3 16 24 23 10 9 6 21 1 5 18 19 15 14 8 20 4 7 2
15 23 10 3 11 22 17 20 12 2 8 1 16 5 6 9 13 21 4 7 18 14 24 19
6 7 24 14 13 11 8 15 3 12 18 16 1 21 23 19 10 17 22 4 2 20 9 5
23 13 1 12 20 5 14 16 4 6 17 19 22 24 21 7 15 9 3 2 10 18 8 11
24 11 1 22 7 13 12 21 15 18 14 9 2 6 4 5 20 10 17 16 19 3 23 8
4 10 9 21 2 20 18 22 14 16 19 7 8 23 13 3 6 5 12 1 15 24 11 17
10 5 19 7 18 16 9 12 1 4 24 17 3 13 11 23 22 2 8 21 6 15 14 20
12 7 13 23 6 17 3 18 5 14 9 8 4 1 20 10 2 16 19 24 11 21 22 15
19 3 4 20 9 7 6 13 18 8 16 2 11 15 10 22 5 14 1 17 24 23 12 21
3 9 2 8 15 19 7 21 20 6 22 1 17 10 14 13 16 11 24 18 12 5 4 23
1 18 8 24 14 9 23 2 22 13 12 11 15 17 5 4 3 7 16 10 20 19 21 6
24 8 3 16 12 2 11 17 21 10 23 9 4 18 7 1 14 5 6 15 19 13 20 22
11 20 23 12 14 24 5 3 19 7 17 10 6 4 18 22 21 9 15 13 8 2 1 16
7 23 14 13 3 1 15 22 4 21 10 20 17 2 12 5 9 8 19 11 16 6 18 24
21 19 17 11 7 8 10 15 16 1 18 23 13 22 6 20 2 24 9 14 3 12 5 4
6 14 24 9 1 15 11 20 13 17 4 5 3 12 19 21 18 23 10 8 2 16 22 7
16 15 12 10 23 1 2 11 7 14 8 22 24 19 4 3 17 6 20 5 21 13 9 18
4 18 9 22 20 11 23 16 2 5 13 24 1 14 8 7 19 15 21 3 10 6 17 12
15 21 22 1 6 10 20 9 23 24 7 16 12 4 13 11 8 19 2 17 5 18 14 3
20 1 7 23 18 24 21 5 6 19 15 13 11 9 16 4 22 3 14 12 17 2 8 10
14 6 20 15 5 18 10 7 8 11 1 4 21 16 3 13 12 2 17 9 23 24 19 22
23 2 16 14 11 22 15 18 3 4 21 19 10 5 1 8 20 12 7 24 6 9 13 17
17 24 10 7 2 9 19 8 22 18 20 3 5 21 14 12 13 1 15 4 11 16 23 6
5 8 13 21 19 2 16 24 18 12 11 17 20 3 23 9 6 14 1 22 10 15 7 4
18 7 6 24 4 5 3 13 12 8 15 21 19 11 2 14 20 17 10 1 22 23 16 9
15 12 19 16 17 7 9 1 5 21 10 8 23 2 20 24 14 13 6 11 18 22 4 3
23 15 5 20 3 19 9 2 14 13 4 11 7 8 10 12 22 21 16 6 24 17 18 1
16 20 4 18 9 17 6 23 21 19 5 2 22 1 24 10 3 12 13 8 15 14 11 7
20 4 7 3 13 12 18 8 16 2 19 22 14 17 23 1 5 10 11 15 9 21 6 24
2 5 19 22 14 8 13 4 20 11 17 10 9 15 21 23 12 1 6 7 16 3 24 18
1 3 9 14 17 13 4 24 22 6 7 20 16 2 8 15 10 11 23 21 18 19 5 12
19 17 18 7 1 22 6 9 4 23 8 24 2 5 14 11 15 13 20 10 3 12 21 16
11 23 22 2 12 7 5 18 24 1 13 6 15 10 17 21 9 16 8 3 14 4 20 19
21 10 20 18 11 4 7 3 15 24 22 16 23 13 6 8 19 14 12 5 17 9 1 2
24 15 3 16 23 9 18 13 1 7 20 19 2 22 12 6 14 8 21 4 5 17 10 11
17 12 16 8 4 15 19 1 6 10 23 5 9 14 2 7 18 24 3 13 11 20 22 21
5 4 2 17 20 13 1 16 19 15 10 7 14 3 11 9 6 21 24 18 8 22 12 23
6 13 23 10 16 8 3 22 14 5 24 11 7 19 1 2 21 15 17 12 20 18 9 4
7 5 1 6 3 16 11 15 13 22 12 17 10 9 18 14 8 19 4 2 21 24 23 20
4 19 6 20 9 17 15 5 12 14 18 23 22 21 16 24 13 10 7 11 2 3 1 8
22 16 15 23 13 12 4 7 5 2 11 8 20 6 1 18 21 3 9 14 24 19 10 17
15 9 5 18 7 11 10 12 23 21 14 4 19 16 20 3 22 17 1 24 6 13 8 2
17 10 13 3 5 18 21 11 7 16 19 12 8 1 4 20 2 9 22 15 23 6 24 14
19 6 12 11 14 10 16 21 2 4 13 3 5 8 24 22 20 7 17 9 15 23 18 1
21 3 24 13 15 20 14 17 18 10 1 7 8 11 23 5 19 2 16 12 9 4 6 22
14 7 11 21 2 4 20 6 1 17 5 13 23 10 3 8 16 12 15 18 22 9 19 24
13 21 1 24 18 2 8 3 4 5 15 10 16 12 22 23 17 11 19 6 20 14 7 9
2 11 15 17 10 12 18 23 3 1 7 9 24 8 14 19 5 6 4 22 16 21 13 20
24 18 3 15 19 5 7 22 14 12 9 2 20 6 10 4 11 1 13 17 8 16 21 23
1 5 10 2 7 19 9 4 16 13 6 8 15 21 20 17 22 24 23 14 3 12 11 18
11 9 18 20 13 8 5 15 24 23 4 19 2 17 7 21 10 3 22 1 12 6 16 14
16 2 8 7 20 24 13 12 23 11 14 21 22 9 4 1 6 15 3 10 17 18 5 19
20 12 6 16 17 10 23 2 5 22 8 1 7 18 19 11 21 13 9 3 24 4 14 15
22 17 13 23 15 16 20 7 12 18 24 11 1 19 21 4 14 9 2 5 6 3 8 10
20 13 16 19 14 11 15 18 8 4 17 2 6 5 1 3 9 23 10 7 21 24 12 22
23 16 6 19 4 9 10 1 15 14 12 5 11 2 17 20 18 21 7 13 3 22 24 8
3 10 12 9 23 2 1 18 5 16 4 11 6 19 13 7 8 17 15 24 22 21 14 20
6 14 7 10 11 12 8 2 20 15 22 3 9 18 1 19 5 16 13 4 24 17 23 21
15 4 11 6 17 5 12 20 8 7 9 10 1 3 2 24 18 13 19 21 14 23 22 16
24 3 5 16 9 20 4 7 19 12 8 1 10 15 18 23 17 6 11 22 21 14 13 2
22 6 19 8 3 10 11 5 2 1 7 23 4 16 12 17 14 21 24 9 18 13 20 15
5 17 3 18 10 19 23 11 1 2 24 4 7 13 22 14 21 9 12 15 16 20 6 8
13 8 4 3 5 11 22 1 18 21 17 24 16 6 19 15 9 23 14 7 20 2 10 12
7 21 24 23 19 18 1 3 13 6 11 12 20 2 16 22 8 14 10 5 15 4 9 17
2 20 23 17 18 1 21 13 3 24 15 16 14 22 11 10 12 8 9 6 5 19 7 4
23 24 1 14 16 22 3 21 4 18 20 9 5 12 17 11 13 19 7 2 6 15 8 10
18 23 20 24 1 17 16 8 7 22 6 14 19 5 21 13 15 10 2 3 9 12 4 11
