35150 38324 36101 34475 36021 33141 32562 32753 31977 32221 31561 30823 30323 29189 29213 27324 27066 26717 26867 25815 24847 24290 22160 21391 21738 20956 19713 19066 18419 15598 12261 8271 8596 7510 6506 6333 5503 5453 5155 5005 4838 4459 4250 4397 4145 3930 3516 3289 3275 3082 2838 2775 2842 2465 2516 2325 2221 1891 2001 1824 1524 1501 1589 1352 1160 1244 1136 1002 1063 933 979 824 875 797 750 749 751 650 662 621 615 546 547 477 467 444 422 406 414 334 335 299 271 271 243 216 218 209 195 193 197 161 167 158 137 128 118 117 126 112 105 114 105 105 89 76 73 76 71 68 64 57 60 56 49 44 47 40 39 36 35 33 29 31 30 28 28 24 24 23 21 21 19 18 17 16 13 12 13 12 11 11 10 10 9 9 8 7 8 6 6 6 6 6 6 5 5 4 4 4 4 4 3 3 3 3 3 2 2 2 2 2 2 2 2 2 1 1 1 1 1 1 1 1 1 1 1 1 1 1 1 1 1 1 1
4 19 11 18 23 5 1 14 15 17 25 27 22 26 29 3 16 30 28 24 6 7 13 10 20 8 12 9 31 21 32 2
16 13 26 19 22 28 7 10 4 8 24 11 9 21 1 23 6 32 2 27 14 30 25 18 31 17 5 29 20 12 3 15
2 17 1 22 18 4 20 16 7 25 14 19 23 15 3 12 10 21 13 26 31 6 11 5 8 32 28 30 29 9 24 27
17 10 13 24 25 2 31 8 19 29 3 20 7 27 18 32 1 16 15 6 4 12 22 28 5 30 21 11 23 14 26 9
18 27 4 26 32 31 9 21 13 2 30 15 20 12 11 25 7 8 16 14 28 23 6 29 1 24 22 19 3 17 10 5
1 16 27 7 26 3 25 19 22 12 20 5 28 8 17 6 23 9 14 31 21 29 24 32 11 2 15 13 30 10 4 18
23 7 30 14 3 10 28 29 24 6 22 25 11 1 32 17 31 26 18 8 12 5 4 27 21 16 19 2 13 15 9 20
19 2 15 4 12 6 30 31 23 1 11 29 18 5 28 10 22 17 27 21 9 13 8 3 26 20 25 24 32 7 16 14
29 8 7 16 1 32 26 13 21 9 10 30 4 2 20 31 12 27 24 18 17 15 5 14 23 11 3 25 28 22 19 6
26 25 2 31 27 21 12 28 18 32 8 3 5 24 19 7 30 11 20 13 10 22 14 23 29 9 17 16 15 1 6 4
11 12 16 9 4 20 22 17 2 13 28 31 30 23 24 18 21 6 1 5 26 14 3 15 19 29 8 27 7 32 25 10
27 15 5 20 14 9 13 18 30 4 6 24 10 22 23 29 17 19 3 28 16 21 2 31 12 1 32 8 11 26 7 25
31 22 19 3 29 13 23 20 14 16 9 26 24 18 15 21 8 5 4 12 25 11 10 30 32 7 2 1 27 6 17 28
30 21 8 2 7 29 4 23 5 26 18 17 6 31 13 24 9 3 12 15 1 20 32 16 25 14 11 22 10 27 28 19
24 30 29 21 2 25 5 26 27 15 32 7 3 17 4 28 11 18 8 20 22 9 31 6 13 10 1 14 16 19 12 23
32 28 18 1 11 26 21 2 9 10 17 8 19 30 12 14 4 24 23 29 3 25 7 22 15 5 31 20 6 13 27 16
9 32 3 10 21 15 8 25 1 19 12 2 31 11 22 4 24 20 17 7 18 26 16 13 28 27 6 5 14 23 29 30
20 6 25 29 5 27 32 22 8 31 23 1 2 13 9 15 19 10 26 16 11 4 30 12 14 21 24 3 17 28 18 7
25 5 21 12 16 22 24 7 6 3 2 14 32 19 27 11 28 15 30 9 29 10 1 17 4 18 26 23 8 31 20 13
5 29 12 23 31 16 19 15 28 18 1 32 25 7 2 20 27 22 10 17 8 3 26 4 24 6 13 21 9 30 14 11
14 11 22 25 24 1 6 3 17 23 21 4 15 16 8 2 32 29 7 10 13 19 27 20 9 28 18 31 26 5 30 12
21 3 20 11 13 24 10 30 26 7 19 9 8 6 14 22 2 23 5 1 32 18 17 25 16 15 27 28 12 4 31 29
6 1 32 13 30 23 14 9 3 5 4 16 27 28 21 26 15 25 11 2 24 17 18 19 7 12 20 10 22 29 8 31
10 31 23 17 20 7 18 12 32 24 16 6 21 29 30 9 25 13 22 19 27 28 15 11 3 4 14 26 5 2 1 8
8 4 31 27 6 12 11 1 16 30 13 22 17 32 5 19 14 2 21 3 23 24 28 9 10 25 29 7 18 20 15 26
15 23 28 30 9 8 17 5 29 14 31 10 26 4 25 16 18 1 32 11 19 27 20 24 6 13 7 12 2 3 21 22
3 20 24 6 15 11 27 4 10 28 7 18 13 14 16 30 26 12 29 22 5 2 19 8 17 31 9 32 21 25 23 1
22 14 10 8 28 19 3 32 25 20 27 21 12 9 7 5 13 31 6 4 30 16 29 1 2 26 23 15 24 18 11 17
12 18 9 5 17 14 2 11 20 21 26 13 29 25 10 27 16 28 31 32 15 1 23 7 30 3 4 6 19 8 22 24
13 24 14 32 10 18 15 6 12 22 29 28 16 20 26 8 5 4 19 25 7 31 9 21 27 23 30 17 1 11 2 3
28 9 17 15 19 30 29 27 31 11 5 12 14 10 6 1 3 7 25 23 20 32 21 26 22 8 16 18 4 24 13 2
7 26 6 28 18 17 1 24 11 27 15 23 22 3 31 13 29 14 9 30 2 8 12 21 20 19 10 4 25 16 5 32
7 10 4 22 8 5 16 27 11 17 25 12 1 15 29 3 20 9 28 23 2 6 13 26 18 19 30 24 31 14 32 21
28 13 11 18 19 4 29 6 15 27 24 20 1 3 17 23 31 7 9 30 14 5 12 10 8 22 16 2 25 21 26 32
12 1 26 28 23 30 16 32 31 8 15 27 22 20 18 13 29 14 19 24 4 7 25 2 5 17 10 11 3 6 9 21
13 4 17 18 8 28 31 10 32 27 29 19 21 26 3 1 20 16 25 30 6 12 22 7 11 23 24 9 5 14 2 15
21 19 6 26 11 7 1 24 12 28 3 27 14 5 31 23 10 30 15 25 18 8 29 2 17 22 20 13 9 16 4 32
24 17 13 15 5 2 25 8 22 30 14 27 12 10 20 6 1 26 28 19 11 32 16 18 31 4 7 29 23 9 3 21
10 11 30 24 3 6 28 14 18 5 27 15 29 8 26 31 12 21 2 32 20 25 4 1 7 19 23 16 22 17 13 9
6 26 14 28 25 23 9 5 3 20 7 18 16 11 1 24 22 32 29 31 27 30 13 19 21 12 10 4 8 15 17 2
28 9 25 32 21 12 7 4 11 6 14 5 27 2 29 13 23 24 18 22 8 15 30 20 3 26 31 19 17 10 16 1
17 31 9 4 20 3 16 27 29 23 11 28 1 25 32 12 21 13 6 2 5 19 7 10 18 8 14 26 30 22 24 15
15 16 5 19 13 31 27 12 24 11 26 25 9 1 6 10 17 14 32 8 7 21 18 28 23 2 29 22 4 20 30 3
22 32 6 31 30 10 20 29 25 12 4 23 24 14 11 17 3 1 21 16 15 27 2 9 8 13 28 18 19 7 5 26
7 3 32 30 22 20 15 1 21 27 25 13 19 9 18 6 10 16 24 4 14 28 5 26 2 31 11 8 12 29 23 17
5 21 23 15 26 1 18 16 2 7 13 10 8 17 31 11 20 28 30 24 3 29 19 4 9 22 27 25 14 32 6 12
8 28 20 14 4 32 2 19 23 24 21 15 22 7 3 18 29 12 26 1 13 17 31 27 25 16 9 30 6 5 10 11
32 18 10 16 31 9 14 25 15 2 3 6 11 29 28 5 22 20 12 26 23 4 24 8 19 21 17 7 1 13 27 30
12 2 27 26 16 28 4 9 19 14 5 21 13 23 17 32 6 8 7 3 31 20 15 22 10 24 18 1 11 30 25 29
9 22 1 27 18 25 21 31 10 8 15 24 26 4 29 3 30 23 14 7 17 11 20 32 6 5 13 2 28 16 12 19
14 23 18 11 1 26 29 30 8 3 20 31 12 13 21 27 7 17 5 9 19 2 32 24 4 25 22 10 16 28 15 6
3 8 12 18 9 21 23 14 20 17 19 4 5 32 30 25 24 29 22 6 2 31 1 10 28 11 15 27 13 26 7 16
2 5 16 9 10 6 30 18 28 31 29 17 14 19 24 4 23 11 13 25 22 26 8 12 15 27 3 20 32 1 21 7
25 20 28 24 7 5 10 8 16 18 27 12 31 30 6 15 4 22 17 29 9 3 21 2 32 1 19 13 26 11 14 23
30 14 8 7 28 17 31 15 9 29 16 11 2 24 10 21 12 18 23 32 1 22 6 5 27 20 26 3 25 4 19 13
20 29 24 6 27 18 17 10 26 25 12 16 15 28 7 14 31 2 3 23 32 13 9 11 30 4 1 5 21 19 22 8
13 9 31 5 2 15 24 11 1 22 6 27 4 21 3 30 10 25 19 14 16 18 28 7 26 17 8 12 20 23 29 32
31 30 21 13 23 8 25 7 17 19 10 9 32 15 5 26 1 4 20 11 12 16 27 3 14 29 6 22 18 2 28 24
11 25 22 1 15 24 26 3 6 2 17 19 21 18 23 7 30 14 8 5 28 9 10 13 12 32 4 16 29 27 20 31
29 17 2 28 24 27 9 20 12 30 1 5 18 31 16 22 26 32 11 10 6 14 25 19 13 7 21 23 3 15 8 4
15 26 14 23 19 2 27 13 30 5 31 1 9 22 32 20 16 7 4 18 29 6 3 8 24 28 12 17 10 21 11 25
23 24 15 4 8 10 2 5 16 26 7 32 28 6 19 9 22 13 31 20 25 12 11 17 29 14 30 21 27 3 1 18
8 6 13 22 4 7 12 2 14 21 24 29 27 3 28 10 5 15 16 30 11 23 17 25 1 19 32 9 26 18 31 20
10 4 3 21 29 19 15 24 26 6 22 8 25 20 11 28 7 31 27 12 30 1 32 18 14 23 16 2 17 9 13 5
25 13 7 32 17 12 8 23 27 11 31 3 29 5 20 30 9 10 15 21 24 4 26 1 16 2 14 19 22 6 18 28
21 11 26 3 23 29 19 28 32 10 18 22 16 12 31 25 24 27 17 15 4 7 14 5 13 6 20 1 30 8 2 9
31 19 11 14 7 4 22 30 20 15 23 2 17 10 18 21 6 8 1 28 27 32 13 29 12 9 26 24 16 25 5 3
13 10 19 20 14 23 18 27 1 4 5 28 9 31 8 2 3 24 11 17 29 26 21 16 30 12 6 25 7 22 32 15
14 18 9 5 6 11 32 12 29 7 26 20 28 27 17 23 13 3 31 19 25 16 22 30 4 8 1 15 2 24 10 21
6 5 2 19 16 22 28 32 12 23 3 18 8 30 1 14 20 21 29 13 10 31 27 4 26 15 24 7 9 17 25 11
32 23 18 16 21 19 7 22 28 17 13 25 11 5 14 20 8 6 27 26 12 24 1 31 29 3 15 30 4 10 9 2
24 19 7 29 11 31 1 26 9 25 14 5 27 4 30 13 21 16 10 12 20 2 3 28 32 18 17 8 15 23 6 22
29 20 3 23 30 2 16 21 22 1 4 12 18 24 26 6 19 17 5 11 8 15 31 9 10 25 13 14 28 32 7 27
9 30 10 25 31 17 11 7 8 12 28 16 3 21 2 15 27 20 14 4 1 18 24 32 6 19 22 29 13 5 26 23
11 28 19 13 26 5 6 14 17 31 9 10 7 27 21 32 23 1 4 8 2 3 20 12 24 16 29 18 25 22 15 30
2 10 1 21 12 30 19 25 15 14 11 24 32 18 8 22 29 28 3 23 16 13 7 20 27 9 5 4 6 26 17 31
23 25 21 29 1 27 14 31 3 19 12 9 6 20 13 7 28 30 15 5 17 8 10 24 11 2 18 26 32 16 4 22
3 2 5 7 18 25 4 6 24 9 15 14 23 8 19 29 32 13 20 31 27 17 22 26 28 12 21 11 1 30 16 10
30 31 17 15 13 7 22 23 10 20 27 1 29 32 18 4 12 19 2 3 28 9 5 21 25 26 8 6 11 14 24 16
20 16 24 4 22 18 27 17 31 3 2 15 21 28 14 26 11 12 7 25 6 1 9 23 5 8 19 10 29 13 30 32
12 24 31 28 29 3 25 13 30 18 16 22 14 10 4 5 17 27 6 21 9 20 26 32 15 23 11 19 8 2 1 7
17 14 29 19 9 10 3 27 4 8 1 31 25 16 20 12 32 7 30 22 26 21 15 2 18 5 23 28 24 11 13 6
18 3 15 22 2 29 12 10 27 28 19 6 26 11 1 9 4 25 23 20 32 5 8 16 7 24 30 17 14 21 31 13
7 26 13 32 17 22 30 8 2 5 25 11 1 31 15 24 16 23 12 6 10 27 28 3 4 14 9 20 21 29 18 19
1 29 16 26 27 13 8 5 22 24 20 17 31 15 7 32 9 10 19 28 4 30 2 6 23 11 3 25 18 12 21 14
15 8 14 30 19 26 17 11 9 29 21 28 4 22 16 18 7 5 10 1 24 12 6 13 32 31 2 3 23 20 27 25
10 15 22 24 28 21 6 32 5 25 29 27 2 12 17 16 31 9 26 18 13 11 30 19 1 7 4 14 20 3 23 8
22 13 12 31 20 8 2 15 18 4 17 3 16 6 32 30 1 24 25 7 19 23 11 29 9 28 10 21 5 27 14 26
27 17 30 1 15 14 20 4 6 26 10 18 12 13 23 3 29 11 8 9 31 7 19 28 2 21 16 5 22 25 32 24
24 22 20 17 14 32 21 18 11 10 6 23 30 25 26 27 5 8 28 19 29 4 16 1 3 15 12 13 7 31 2 9
5 4 28 11 24 12 1 22 17 27 25 13 32 19 21 31 3 26 16 2 15 6 14 7 30 29 20 23 9 8 10 18
31 32 23 20 7 15 13 9 16 21 1 8 5 2 24 11 28 4 18 17 30 14 25 22 26 3 29 27 19 10 6 12
30 21 10 18 8 23 15 20 13 17 28 2 9 7 31 26 22 1 24 27 3 19 12 11 16 6 14 29 32 4 25 5
15 6 9 3 26 4 5 24 19 23 20 21 13 30 11 14 8 2 29 32 25 22 27 10 12 18 31 1 16 7 28 17
3 11 8 14 23 24 28 29 1 20 15 19 27 32 5 10 21 6 13 16 26 18 4 31 17 22 25 7 2 9 12 30
20 18 12 25 5 26 11 28 15 3 32 10 22 4 30 23 27 16 21 14 7 29 2 9 19 31 24 8 6 17 13 1
32 12 27 16 11 5 14 26 31 8 21 29 17 9 3 4 23 19 22 2 1 30 24 18 10 13 7 15 25 6 20 28
25 19 7 26 16 1 32 2 10 9 23 20 6 28 15 22 14 21 12 13 11 31 3 4 29 8 17 30 5 24 18 27
7 27 26 17 1 31 16 14 29 28 8 24 21 3 25 12 5 15 4 10 13 32 20 30 6 23 22 2 18 19 9 11
12 20 5 25 4 8 9 16 26 7 19 13 23 15 17 29 10 31 11 1 14 3 32 2 28 6 21 24 27 18 30 22
2 26 13 16 10 9 4 19 3 22 14 8 15 24 28 6 20 18 17 29 30 27 21 7 25 11 5 12 23 32 1 31
9 28 31 12 30 32 7 13 24 14 4 2 5 21 26 17 11 25 20 19 22 8 18 10 15 27 6 16 3 1 29 23
29 3 14 21 2 11 18 17 20 5 9 4 8 23 30 27 12 13 16 32 10 24 6 22 1 25 19 26 7 28 31 15
17 30 15 14 12 22 19 27 8 18 32 5 25 11 6 13 24 3 31 4 9 1 28 21 23 29 2 7 20 26 16 10
27 22 23 31 17 19 16 25 24 1 2 11 18 8 20 9 10 32 29 15 28 13 30 3 14 7 12 4 26 6 21 5
23 15 10 20 31 25 3 6 19 12 29 17 7 27 2 5 1 30 22 21 32 14 4 13 18 28 9 8 11 24 26 16
1 29 21 24 18 13 4 5 23 16 10 27 3 31 32 25 6 12 26 30 2 19 11 20 8 15 14 9 28 22 7 17
6 9 16 19 23 20 14 29 27 11 17 32 22 12 1 18 31 28 30 7 24 2 8 26 10 3 25 13 15 5 4 21
14 16 24 29 13 23 32 7 25 2 22 10 11 18 5 28 9 20 1 12 8 6 15 4 31 26 27 19 21 30 17 3
10 32 18 6 27 2 25 16 13 30 11 28 31 22 23 15 19 5 8 17 12 21 26 9 7 14 3 29 1 4 24 20
18 14 22 30 25 21 13 28 10 31 3 1 29 26 7 2 32 23 19 6 20 12 9 11 4 16 15 24 8 17 5 27
9 8 32 3 6 17 12 11 5 14 21 31 26 30 19 20 27 7 25 18 29 23 16 10 24 1 22 15 4 13 2 28
11 2 29 5 9 4 30 23 28 32 14 21 1 7 16 31 17 8 24 25 3 22 13 12 19 20 10 18 6 27 15 26
5 25 1 18 32 30 8 22 26 19 12 14 13 4 29 3 6 16 28 9 23 15 17 31 27 21 7 11 24 20 10 2
25 13 19 11 28 3 9 20 12 23 4 15 30 5 18 14 22 27 2 10 6 7 29 24 16 17 1 21 32 31 26 8
8 23 30 32 5 12 31 15 2 1 7 19 27 20 3 4 14 6 26 28 16 11 22 18 29 24 13 17 10 21 25 9
27 6 17 22 7 29 15 24 31 9 8 3 12 14 26 10 21 23 5 20 25 16 18 1 30 32 4 28 19 2 13 11
1 5 28 31 8 25 18 9 11 22 16 23 32 2 21 24 13 4 10 14 19 17 7 29 6 12 20 26 30 3 27 15
22 12 20 23 21 10 11 26 17 3 15 29 28 13 8 30 4 25 32 16 7 18 31 6 5 27 24 2 14 19 9 1
32 27 11 4 20 14 5 30 18 28 6 16 2 26 24 29 7 17 23 22 31 19 3 25 13 15 21 1 9 10 8 12
13 17 26 20 22 6 10 31 15 11 2 30 16 24 14 7 8 3 21 5 28 4 1 19 18 9 29 27 25 12 23 32
6 21 8 28 16 26 20 25 29 12 9 7 15 32 1 22 11 10 13 31 4 24 19 3 2 5 17 23 27 14 18 30
23 31 9 14 11 15 27 3 21 10 29 22 25 16 2 12 20 28 4 30 17 13 32 26 8 19 18 5 1 7 6 24
17 19 25 1 4 13 28 2 32 21 3 24 7 8 31 18 16 5 27 15 14 10 12 30 11 22 23 20 26 9 29 6
2 11 3 12 14 24 23 6 16 7 20 9 4 15 22 17 1 21 18 27 10 5 25 13 28 26 32 30 29 8 19 31
7 18 14 25 10 28 13 4 6 2 27 1 19 9 15 32 31 20 5 21 26 16 24 23 17 3 11 8 22 29 12 30
29 13 12 24 18 9 6 10 30 17 22 19 8 3 25 26 28 31 1 16 27 7 5 20 32 2 4 14 15 11 21 23
30 24 27 21 5 7 31 8 23 16 17 11 18 22 6 25 26 32 3 19 15 29 20 4 9 28 2 13 10 1 14 12
12 4 23 19 2 18 3 13 27 8 10 17 6 31 11 16 30 14 20 28 32 1 26 29 7 25 9 24 21 15 5 22
27 28 7 26 16 19 17 14 13 5 23 6 3 25 32 10 29 30 15 4 9 2 22 21 12 31 24 11 8 18 20 1
8 15 5 16 7 31 22 26 1 18 11 23 21 10 28 2 19 12 29 13 3 14 6 9 25 20 17 30 4 32 24 27
25 5 6 15 26 23 21 24 8 27 19 18 9 17 7 20 32 13 22 3 2 12 29 11 14 1 30 28 31 16 4 10
11 27 21 17 1 12 2 19 30 31 32 20 22 5 26 4 3 24 10 6 16 23 25 28 15 13 29 9 14 7 8 18
1 20 18 22 13 32 5 30 2 6 7 25 16 28 8 11 10 15 19 17 24 27 14 23 29 26 21 4 3 12 31 9
5 9 15 29 27 2 19 17 16 24 4 12 1 6 20 28 22 18 14 32 13 25 21 30 26 7 31 3 11 10 23 8
18 6 17 32 24 20 4 27 19 15 16 3 26 12 30 9 14 8 23 10 1 21 13 22 31 29 25 5 28 2 7 11
6 12 28 5 30 21 7 31 17 29 19 27 14 18 3 13 23 26 11 1 22 32 10 15 4 16 8 25 24 9 2 20
10 15 1 6 23 4 25 9 12 19 28 16 17 27 13 31 21 7 24 29 20 22 8 2 3 5 14 18 30 11 26 32
13 26 24 11 10 29 16 20 6 25 12 28 2 19 22 5 8 30 32 23 4 9 7 31 1 14 3 17 18 15 27 21
32 23 22 12 8 28 9 10 29 17 27 2 20 4 15 25 5 11 31 14 7 6 1 24 16 21 13 19 26 18 30 3
14 17 26 15 9 10 23 29 3 16 13 21 12 11 4 6 7 27 2 18 31 20 30 5 24 32 1 8 19 28 25 22
3 29 13 21 31 17 10 4 20 18 22 32 5 7 1 26 27 24 30 9 25 8 2 6 19 11 28 23 16 14 12 15
20 31 19 3 4 5 14 18 24 22 25 30 32 21 6 27 13 15 26 2 11 16 28 12 10 17 23 29 9 8 1 7
23 30 31 1 28 7 20 15 10 24 17 14 4 18 25 3 19 2 8 22 26 11 9 21 5 12 27 13 32 29 6 16
9 14 10 16 12 11 8 5 31 20 21 29 3 28 23 30 26 13 6 7 15 4 24 19 17 22 18 27 25 1 32 2
21 18 8 24 25 22 12 28 32 10 2 20 23 14 11 16 9 19 4 30 29 17 31 1 15 27 6 7 5 3 13 26
30 22 11 23 29 8 32 13 5 1 14 31 28 6 24 7 3 10 15 18 16 20 19 26 27 25 12 2 4 21 9 17
11 32 29 19 14 1 28 23 25 15 8 2 27 10 21 22 30 5 12 31 17 3 4 13 9 6 7 26 20 16 24 18
18 2 30 28 21 26 15 25 16 9 23 7 29 22 5 17 1 12 13 19 8 6 32 11 14 3 20 24 27 31 4 10
29 24 25 18 16 9 2 6 22 7 26 15 19 20 31 32 17 14 21 4 10 12 27 23 8 13 5 1 3 11 28 30
17 8 15 25 1 18 30 21 5 6 10 3 9 27 29 4 16 32 14 2 12 22 13 28 23 24 11 20 7 26 19 31
8 3 20 26 6 30 22 19 21 12 11 23 31 5 17 29 4 7 24 27 28 15 2 10 13 14 32 9 1 18 16 25
7 4 16 31 22 24 11 8 15 30 29 1 6 32 2 14 12 9 19 13 20 5 26 3 28 18 23 21 10 25 17 27
27 25 21 23 17 3 19 22 18 31 9 16 13 12 32 15 24 20 2 5 6 8 7 4 30 11 26 28 14 29 10 1
31 19 1 14 15 8 6 5 24 32 26 27 30 16 28 13 20 18 10 3 23 9 11 2 12 25 22 4 29 7 21 17
30 2 32 4 5 20 18 14 28 27 10 6 21 17 19 9 11 31 7 25 24 23 16 26 3 8 1 13 22 15 29 12
1 32 8 30 26 6 13 24 10 23 20 29 18 25 16 2 22 17 5 31 19 27 12 9 7 28 14 3 21 4 15 11
13 28 30 20 23 1 32 11 31 2 16 18 27 9 3 10 17 21 26 12 7 14 22 25 4 6 24 29 15 19 8 5
22 25 10 28 20 12 21 7 14 15 4 31 16 26 13 24 27 2 30 29 3 19 17 5 1 32 6 23 11 8 18 9
14 4 24 25 17 19 15 27 2 21 3 9 29 10 31 28 5 26 6 23 1 11 30 22 32 7 12 18 8 16 20 13
3 20 18 6 9 26 7 10 13 8 2 12 22 11 17 4 28 16 25 21 29 1 15 24 31 5 27 30 19 32 14 23
10 22 31 26 24 2 27 25 6 5 7 30 8 15 20 29 32 13 23 9 12 21 14 28 4 19 16 11 18 1 17 3
23 11 9 4 18 29 10 13 19 12 25 22 2 31 5 17 30 8 3 6 26 32 28 1 16 20 7 14 24 27 21 15
12 19 26 17 22 11 23 9 29 1 8 14 18 4 25 31 10 6 27 20 13 2 3 15 24 16 28 7 30 21 5 32
20 13 22 15 7 4 16 23 8 10 9 11 25 6 21 12 29 5 28 30 2 17 1 31 26 27 3 19 32 14 18 24
17 31 6 19 13 32 4 30 3 29 27 18 23 16 15 22 14 28 11 8 25 7 24 21 9 1 5 12 26 2 10 20
6 21 23 22 10 24 3 20 30 14 32 28 31 19 29 11 7 27 15 1 4 26 18 25 5 17 13 8 16 12 9 2
3 6 29 11 2 19 31 17 23 7 13 15 21 12 8 30 1 10 32 14 22 5 4 20 27 24 18 26 28 9 16 25
1 24 17 3 29 30 28 2 32 16 23 21 5 25 14 20 13 12 8 7 11 18 22 6 19 26 15 27 9 10 4 31
11 30 27 1 16 10 25 18 9 6 15 32 14 2 19 7 4 3 20 28 17 29 5 23 12 22 24 21 31 26 13 8
29 16 13 18 27 7 30 1 25 21 14 17 6 5 23 32 24 11 12 15 9 10 20 3 2 31 22 4 8 28 19 26
32 27 24 20 25 9 8 15 16 11 3 2 28 23 30 5 31 21 4 22 14 1 6 12 10 18 29 17 19 13 26 7
9 12 28 25 32 5 17 21 22 23 11 24 20 3 1 6 26 15 31 16 27 14 8 4 29 13 10 2 18 19 7 30
13 17 29 31 1 14 2 24 19 3 6 7 12 32 26 27 23 9 18 10 15 11 30 20 8 25 4 5 21 16 22 28
5 26 11 24 8 23 9 2 1 30 17 16 27 22 7 18 21 28 20 25 10 19 31 13 32 29 14 15 4 3 6 12
14 8 5 30 15 17 12 29 26 2 13 3 1 27 6 7 16 24 22 23 28 4 9 10 11 19 20 18 25 31 32 21
2 29 25 5 6 18 21 26 20 24 16 9 17 8 3 14 11 19 32 7 31 23 15 22 30 12 13 1 27 4 28 10
20 5 18 14 21 22 27 6 13 8 29 19 7 17 2 4 12 30 25 32 16 15 10 9 28 3 11 26 24 1 31 23
22 3 16 26 11 31 15 27 18 29 19 4 30 14 24 25 8 17 10 5 6 9 12 7 23 21 1 2 28 32 20 13
7 14 15 16 30 25 18 4 12 28 8 23 32 9 31 29 6 26 3 21 1 13 11 19 17 20 10 5 22 2 24 27
12 9 8 23 28 1 4 13 21 5 27 32 19 7 16 24 20 18 6 30 17 22 29 11 3 26 31 14 10 25 15 2
10 18 21 11 31 3 14 20 2 32 23 28 26 13 8 6 5 16 19 9 22 12 4 15 29 17 24 30 1 27 7 25
21 23 12 6 26 2 22 5 31 19 4 10 16 25 13 28 3 7 8 14 11 32 17 29 15 24 27 9 30 18 1 20
23 15 9 4 2 14 19 25 5 31 22 17 8 12 20 30 32 13 1 3 10 6 21 24 7 11 16 27 26 28 29 18
31 4 18 32 5 13 28 17 27 22 21 6 9 2 29 15 30 12 11 20 16 25 19 10 1 14 23 24 7 26 8 3
30 20 31 25 21 5 7 22 10 12 32 1 29 15 14 26 17 8 24 28 19 2 16 4 13 6 18 3 23 11 27 9
8 3 23 19 29 17 31 11 24 1 2 30 22 18 28 32 13 6 26 4 9 21 20 25 27 7 12 15 5 10 14 16
29 28 30 22 4 8 25 14 32 17 26 12 2 19 16 13 9 27 7 6 23 24 10 1 3 5 15 18 20 21 31 11
27 22 1 29 12 26 3 19 6 18 2 21 20 10 32 11 23 5 17 8 13 16 14 7 24 25 28 4 15 9 30 31
7 23 17 1 18 19 32 11 25 15 20 4 2 14 24 27 29 10 12 16 3 13 28 6 31 9 30 21 22 8 26 5
9 11 26 17 15 22 30 6 13 3 29 7 21 18 5 20 27 16 10 12 4 8 24 2 23 31 14 19 28 32 25 1
8 14 17 18 13 23 6 21 9 2 12 11 20 10 19 25 16 3 27 15 30 7 22 5 4 28 26 29 31 1 24 32
3 24 16 15 11 6 2 7 23 8 10 20 14 19 4 13 12 17 25 5 29 27 31 26 28 1 21 18 32 9 22 30
5 9 29 12 27 8 13 15 3 20 17 14 19 11 30 16 4 6 31 1 7 22 10 23 25 18 32 26 24 2 21 28
22 17 21 3 8 12 16 10 6 24 25 29 5 9 15 2 14 30 19 32 31 4 13 11 26 27 1 28 18 7 20 23
14 5 10 22 26 21 11 30 18 9 6 19 12 7 2 17 8 32 3 25 28 24 20 1 27 13 29 23 4 31 16 15
17 27 26 16 6 18 3 23 32 5 15 2 4 13 1 11 7 20 28 31 14 21 30 25 8 29 22 12 9 10 19 24
20 6 19 23 25 10 30 9 15 28 16 24 13 4 31 32 1 7 26 22 27 29 18 3 2 5 12 11 21 8 14 17
12 2 28 24 1 26 25 18 29 19 14 30 32 3 7 5 31 10 23 4 9 20 27 13 6 22 8 15 11 16 17 21
27 25 6 29 24 30 32 1 21 7 26 31 11 20 23 22 28 2 18 10 8 3 14 9 19 16 15 17 5 4 13 12
13 12 1 14 30 29 6 31 24 32 20 23 7 28 22 27 26 18 4 2 15 16 11 21 17 9 3 8 25 19 10 5
32 29 22 19 28 31 23 14 12 1 11 18 30 17 26 24 9 27 2 13 25 15 8 6 16 21 5 7 20 3 4 10
1 18 30 31 29 32 17 19 22 23 7 27 28 5 11 10 13 26 15 21 24 9 3 20 12 8 4 2 14 25 6 16
18 30 23 26 32 1 31 29 28 27 3 25 22 24 17 20 21 5 16 6 2 8 12 19 10 7 11 4 15 14 9 13
29 32 27 1 31 25 18 24 17 30 19 15 23 16 6 4 22 13 21 8 26 14 5 28 9 3 7 20 10 12 2 11
