0.15512241637843174 0.13079815668629433 0.08248520822627567 0.08831017954020416 0.07558596602274344 0.06836965471155455 0.05141391176224013 0.037698263503601136 0.03645161138551841 0.03272053072769055 0.046934897118980676 0.03436496941142665 0.024556889247827323 0.031204185724506117 0.017560035928686834 0.017672037080994966 0.00991841705822268 0.01662639240099862 0.011928330666835164 0.008098778747177796 0.00796549479709301 0.005491716520860754 0.004637745019673541 0.004084211332161765
1 2 5 3 7 8 6 4
6 1 2 8 3 5 4 7
7 6 1 5 4 2 8 3
2 7 4 1 8 3 5 6
3 5 6 4 2 7 1 8
5 4 3 2 6 8 7 1
4 3 8 6 5 1 2 7
5 8 7 3 1 4 6 2
8 2 1 7 4 6 3 5
6 8 2 4 7 5 1 3
1 6 4 3 2 5 7 8
8 4 1 5 7 3 2 6
7 5 8 2 6 1 4 3
7 1 2 6 4 8 5 3
2 4 8 3 5 7 6 1
3 2 1 5 8 4 6 7
6 3 7 2 5 8 4 1
6 7 1 5 4 2 3 8
2 8 6 4 3 1 5 7
4 5 3 7 8 6 2 1
5 6 2 1 7 8 4 3
5 1 4 3 7 2 8 6
3 1 7 4 5 8 6 2
8 5 1 2 4 7 6 3
