10315 10180 7992 7893 7517 6674 5986 6105 5168 4471 2920 3290 2874 2156 1894 1711 1721 1368 1346 1203 857 945 798 652 541 495 422 336 346 276 222 188 151 130 129 106 102 83 78 50 45 41 37 28 27 20 18 17 10 12 8 7 6 5 5 4 3 3 2 2 1 1 1 1 1 1 1 1 1
7 2 1 3 9 4 6 11 8 10 12 5
3 11 4 6 5 2 1 12 9 7 10 8
1 9 5 4 2 11 10 6 12 3 8 7
12 1 9 7 6 3 2 8 10 4 5 11
11 6 3 2 10 8 9 7 4 5 1 12
6 5 2 12 8 1 7 3 11 9 4 10
10 4 7 8 3 12 5 9 2 11 6 1
4 8 12 1 11 9 6 5 7 10 2 3
8 2 6 3 4 7 12 10 5 1 11 9
2 3 1 11 5 10 8 9 6 12 7 4
5 10 8 7 12 11 3 2 1 9 4 6
1 10 11 5 12 6 4 7 3 8 9 2
5 7 10 4 9 3 1 6 11 2 12 8
2 12 9 10 7 4 11 1 8 6 3 5
11 12 5 9 1 10 3 4 2 7 8 6
9 5 11 12 8 2 1 10 3 6 4 7
3 4 7 6 10 8 11 2 1 12 5 9
10 1 8 7 11 5 9 12 6 4 3 2
4 9 12 8 1 11 10 3 5 7 2 6
1 6 10 11 8 9 3 12 4 2 7 5
8 12 3 9 2 5 7 1 10 11 6 4
12 10 2 3 11 6 4 8 9 5 1 7
6 2 11 4 12 1 8 5 7 3 10 9
9 3 1 12 4 7 2 6 5 10 11 8
11 12 2 10 3 9 5 1 7 6 8 4
4 7 6 9 1 8 12 11 3 10 2 5
10 5 7 3 2 4 9 1 6 8 12 11
6 7 8 4 9 10 11 3 1 12 5 2
9 2 1 10 7 11 4 12 8 3 6 5
2 8 10 11 3 7 12 5 9 4 1 6
3 6 12 5 9 10 7 4 1 2 8 11
5 3 7 10 1 2 11 8 4 6 9 12
11 9 3 5 12 1 2 6 10 4 7 8
1 8 5 10 9 4 6 3 7 11 12 2
8 10 7 9 2 12 5 1 6 11 4 3
12 5 3 4 1 8 9 2 10 6 11 7
10 6 11 12 3 2 1 4 7 8 5 9
3 11 1 8 12 7 4 6 5 10 9 2
1 2 6 7 12 9 8 5 11 10 3 4
2 7 12 10 5 1 9 11 8 4 6 3
12 3 8 9 7 10 5 2 11 6 1 4
9 12 3 4 1 10 7 6 8 11 2 5
5 9 10 11 2 6 4 3 1 8 12 7
3 12 1 5 11 7 10 8 9 2 4 6
11 5 7 12 9 10 8 1 4 2 6 3
12 9 11 8 1 2 6 5 10 3 7 4
2 7 12 10 3 6 1 8 9 4 5 11
10 12 5 6 2 9 3 4 8 11 1 7
12 3 6 4 7 1 9 2 5 10 11 8
2 10 1 7 9 12 3 8 11 6 5 4
10 9 5 12 7 2 6 3 1 4 11 8
1 11 3 8 5 2 10 6 7 4 9 12
1 3 8 6 11 10 9 2 4 12 7 5
5 2 3 11 7 4 10 1 9 8 12 6
12 11 6 10 3 9 1 4 5 2 7 8
11 4 10 7 2 1 8 5 6 3 9 12
1 3 8 9 11 12 7 2 4 10 5 6
2 9 1 5 11 7 3 4 10 6 12 8
10 4 6 12 3 2 9 1 7 8 11 5
12 10 3 11 2 1 6 8 9 4 7 5
5 2 7 8 9 4 3 12 1 10 11 6
1 5 11 9 3 4 6 12 8 10 2 7
10 7 12 5 2 9 8 1 4 6 11 3
4 3 10 7 9 6 8 12 1 11 2 5
5 4 10 11 2 7 3 6 1 12 9 8
2 12 6 8 3 4 9 1 11 10 5 7
4 6 11 12 9 1 7 2 10 8 3 5
10 9 12 5 7 2 1 8 4 3 11 6
1 10 7 9 11 12 6 5 8 2 4 3
