21065 13422 7079 6523 6299 5140 5140 4249 3678 3190 2830 1939 1655 1768 1835 1450 1419 1251 1099 1005 954 780 630 542 457 471 405 375 360 321 284 233 201 189 171 161 145 145 113 92 90 93 76 64 65 54 50 49 46 37 35 30 28 21 21 18 20 15 13 13 11 8 9 7 6 6 6 5 5 4 4 3 3 2 2 2 2 2 1 1 1 1 1 1 1 1 1 1
12 4 13 8 6 7 18 3 9 11 5 17 19 2 10 24 16 1 15 22 14 23 20 21
13 7 16 20 6 15 21 8 3 22 14 12 18 4 24 9 19 5 23 10 1 2 17 11
17 19 7 1 21 4 11 12 5 10 9 23 8 16 20 3 18 24 13 14 22 15 6 2
9 20 7 8 5 17 16 10 12 18 21 23 3 14 1 6 4 24 13 22 15 11 19 2
18 5 23 24 14 9 3 11 2 17 6 22 20 7 13 10 16 4 1 21 12 15 8 19
15 19 1 18 2 7 13 21 8 14 5 4 11 12 6 24 10 16 23 17 3 9 22 20
23 20 1 21 9 6 16 18 19 17 24 14 8 7 10 5 15 3 11 4 2 13 22 12
17 11 7 13 18 20 4 8 24 14 15 6 2 16 5 1 21 9 19 12 22 3 10 23
12 18 5 16 7 19 15 3 4 24 13 10 22 6 2 11 23 9 8 14 17 21 1 20
16 24 12 22 21 3 19 10 18 6 11 9 1 14 8 15 13 5 20 17 4 23 2 7
9 7 13 8 15 17 12 23 21 22 10 24 20 4 3 1 6 2 16 18 5 14 11 19
12 2 20 18 8 15 13 21 6 10 24 5 23 1 17 22 14 4 3 9 7 11 19 16
17 3 19 13 16 20 10 8 12 23 7 22 15 4 2 9 14 6 5 1 11 24 21 18
15 21 12 1 13 19 6 2 17 3 9 24 23 5 7 4 10 16 18 22 8 20 11 14
14 23 20 24 11 22 3 6 5 10 19 18 1 15 16 7 21 2 13 12 8 9 4 17
24 16 21 15 7 8 4 18 23 12 20 14 5 17 10 19 13 6 3 1 11 22 9 2
1 13 14 7 20 3 24 17 10 22 21 16 12 8 2 6 23 9 5 15 18 4 19 11
9 2 8 20 12 10 18 3 6 1 11 4 19 5 21 17 22 23 16 14 7 13 15 24
13 20 22 21 5 23 19 10 18 9 4 8 11 14 1 15 16 24 2 3 17 7 6 12
21 9 7 17 8 20 10 13 12 2 5 23 22 19 6 3 14 18 1 4 15 11 24 16
17 5 13 16 2 7 15 8 20 24 12 22 6 21 23 18 19 4 11 9 10 3 1 14
12 19 11 4 9 13 23 7 15 17 10 6 16 1 20 22 8 3 5 21 14 24 2 18
14 11 7 22 19 13 3 21 9 23 6 5 2 4 8 24 15 16 1 18 12 17 10 20
11 3 19 24 21 4 15 13 5 14 1 17 23 16 22 2 18 9 10 7 8 6 20 12
16 19 13 17 18 1 21 15 12 3 4 9 20 6 5 11 10 23 2 22 7 14 8 24
24 18 20 16 9 10 23 7 21 3 13 14 5 1 8 22 4 6 19 15 11 17 12 2
18 2 1 24 6 23 10 8 15 9 7 5 3 19 20 17 13 22 16 12 4 21 11 14
16 13 21 1 2 8 4 11 23 12 9 10 19 6 5 3 15 24 20 18 17 14 22 7
13 11 12 8 18 1 19 17 10 2 20 24 22 16 3 15 21 4 5 7 14 6 9 23
1 3 14 13 15 9 24 7 18 6 21 17 12 8 10 19 23 2 11 4 5 22 20 16
14 24 8 21 19 7 16 12 20 1 15 23 6 17 2 9 22 5 13 3 18 4 10 11
11 7 19 15 6 17 18 10 9 23 5 13 8 12 22 24 14 3 16 1 4 20 21 2
21 9 22 20 24 10 5 13 2 1 12 4 11 14 23 18 6 16 3 17 15 7 8 19
9 16 13 7 8 21 3 2 17 14 11 5 20 6 1 4 19 18 15 23 22 10 24 12
14 23 21 17 20 6 18 15 1 12 19 8 4 3 13 10 16 5 2 22 7 24 11 9
16 6 23 13 5 19 4 3 21 1 24 10 7 14 17 18 12 22 8 9 11 15 2 20
15 20 11 16 7 4 21 23 19 10 6 9 2 17 22 5 8 24 18 1 3 13 12 14
11 24 17 19 16 8 23 10 20 9 5 22 3 4 7 2 18 6 1 14 12 21 15 13
13 21 14 15 12 20 24 11 3 2 1 16 19 5 10 4 6 9 23 22 17 18 8 7
18 19 7 4 2 1 15 13 23 5 12 24 16 8 21 6 14 3 20 9 22 17 10 11
1 13 19 24 9 23 3 21 15 14 4 8 12 16 6 17 22 20 10 11 5 7 2 18
24 7 8 1 21 17 10 2 12 6 15 16 5 14 23 9 19 4 13 18 11 3 22 20
12 11 5 7 8 15 21 6 18 3 13 4 20 1 2 10 16 22 19 17 14 9 24 23
1 18 22 20 24 21 6 7 5 23 10 14 4 12 16 11 13 2 3 15 8 17 19 9
9 5 12 4 20 3 19 13 17 24 7 6 22 8 21 18 23 16 2 11 15 10 1 14
13 19 1 7 18 9 12 8 10 5 11 14 16 3 6 24 21 2 15 23 22 4 20 17
18 13 14 1 2 23 5 3 9 6 24 22 11 17 8 19 4 20 10 12 7 15 21 16
21 9 23 16 6 20 24 11 1 10 7 17 8 5 13 15 14 3 19 4 18 22 12 2
16 24 21 22 12 4 13 15 3 14 20 9 2 1 5 10 18 23 8 7 17 6 11 19
12 20 5 15 7 3 4 17 1 2 21 8 6 16 10 11 19 22 23 18 14 13 9 24
14 23 13 21 15 7 3 12 9 1 10 17 5 4 20 6 16 2 18 22 8 24 19 11
11 21 22 24 16 1 15 10 23 12 19 6 8 3 7 5 13 9 2 14 4 18 20 17
24 16 7 13 19 15 12 6 21 3 1 14 22 17 8 18 23 4 5 9 11 20 10 2
15 18 8 7 9 17 10 12 19 23 11 5 20 16 22 24 4 6 13 1 3 21 2 14
13 7 19 1 2 9 4 8 18 6 21 10 11 15 16 17 22 24 3 14 5 20 12 23
1 2 11 20 8 19 13 10 17 24 12 22 16 14 23 7 6 5 15 3 4 18 21 9
14 9 1 21 5 22 6 12 10 2 13 16 4 8 17 3 15 18 20 23 11 7 19 24
9 2 14 4 11 8 16 6 5 12 24 13 19 7 10 15 21 20 23 22 3 17 1 18
21 13 22 17 18 9 24 7 2 1 10 6 12 4 20 19 16 5 8 14 15 3 11 23
16 18 12 24 9 1 21 15 20 5 11 13 2 6 7 4 8 23 3 17 14 22 10 19
18 24 23 16 21 17 5 11 20 3 19 22 12 14 2 10 8 6 1 9 7 4 15 13
12 21 17 22 11 19 23 13 18 14 7 10 20 1 5 9 6 24 2 4 3 15 8 16
15 7 11 19 2 8 10 17 23 1 21 5 16 3 6 24 4 22 13 12 18 14 9 20
18 13 19 17 5 15 3 21 2 23 12 8 11 7 20 6 16 4 10 1 14 24 22 9
1 23 12 7 19 21 24 13 17 10 15 16 4 6 22 11 14 2 8 3 5 9 20 18
13 3 21 24 8 23 6 17 19 12 1 14 20 5 22 9 15 16 18 7 4 10 11 2
16 5 17 22 6 20 13 11 10 9 4 8 19 12 2 15 21 24 23 18 7 3 1 14
21 20 8 13 9 3 16 15 1 14 7 17 19 4 23 24 22 6 5 11 18 10 12 2
24 16 14 19 18 21 15 7 5 23 10 4 3 1 17 11 6 20 8 12 22 9 2 13
11 13 20 16 19 22 23 21 9 1 24 10 12 14 5 7 4 3 2 15 17 6 8 18
12 3 19 20 16 23 4 8 17 2 6 5 11 7 13 10 21 22 18 1 15 14 24 9
17 21 5 1 7 3 19 6 18 24 20 16 22 8 23 2 14 4 15 9 12 13 10 11
1 7 12 16 21 6 5 17 19 10 13 4 2 15 20 3 8 18 23 22 11 24 9 14
18 5 23 7 15 19 24 11 20 6 1 13 4 12 16 9 22 2 10 3 8 14 21 17
11 16 7 22 18 8 4 13 23 12 19 14 20 5 10 2 6 9 1 21 3 17 15 24
24 20 22 13 9 1 21 10 2 14 4 6 19 17 7 11 16 5 3 23 8 15 12 18
18 23 11 24 19 9 6 13 1 3 12 17 4 8 21 7 14 16 10 22 5 15 2 20
11 18 7 4 15 19 3 6 9 14 1 10 20 16 8 24 23 2 5 21 12 13 22 17
21 16 17 19 7 20 23 8 3 5 24 13 12 15 2 9 22 4 1 14 18 6 10 11
13 24 1 20 11 17 10 21 12 6 7 4 2 14 5 19 8 18 23 9 3 22 15 16
1 20 21 15 5 7 16 10 23 3 13 22 12 4 6 2 19 9 8 18 14 17 11 24
13 5 21 17 16 6 19 8 12 24 4 9 2 3 7 10 15 23 20 18 11 22 1 14
21 7 8 19 9 23 10 17 20 5 11 13 3 12 2 18 4 22 1 15 14 6 24 16
12 21 22 7 2 17 13 15 10 23 20 5 16 8 1 6 19 4 3 14 18 24 9 11
17 5 1 21 11 20 23 7 3 10 6 16 19 4 22 9 13 24 2 12 15 14 8 18
1 13 19 15 8 7 16 10 2 12 24 4 5 6 23 17 22 20 18 11 3 9 21 14
16 24 23 17 5 22 19 21 1 2 12 6 11 14 10 7 8 18 15 3 4 13 20 9
24 23 17 20 7 21 12 11 18 1 19 14 22 5 16 4 6 3 13 9 8 15 10 2
