0.2622598086457403 0.1518920814045622 0.07963768168877025 0.10137874048290843 0.06209168931204542 0.05873621354813624 0.03751347103298825 0.025501488587980126 0.03972899186258465 0.018701542160331205 0.03651426625034273 0.0295881745695323 0.013812577399899646 0.027758085122604227 0.019167837112686863 0.02053086879900522 0.015186482019881832
5 7 2 6 3 1 4
2 4 1 3 7 6 5
4 3 6 7 2 5 1
6 5 7 3 2 1 4
6 4 1 2 3 7 5
1 7 3 4 2 6 5
4 5 1 7 3 6 2
1 4 7 3 6 5 2
5 3 1 6 2 7 4
4 3 5 7 2 6 1
4 3 2 6 7 1 5
6 4 2 7 3 5 1
5 4 1 7 3 6 2
5 4 7 3 2 6 1
6 3 1 2 7 5 4
4 7 1 3 2 6 5
1 4 2 7 3 6 5
