24563 24859 24536 24950 23391 23278 23046 22363 22677 22353 22458 22003 21976 21104 21158 21306 20754 20852 20213 20556 19809 19627 18496 19206 18939 18819 18733 18262 17304 17738 17756 17564 16942 16761 16051 16076 16283 15461 15058 14993 14643 14149 14010 13602 12382 11116 9859 6160 3049 3430 3246 3004 2793 2969 2594 2793 2514 2522 2458 2371 2304 2357 2165 2207 2127 2033 1950 1882 1928 1780 1813 1734 1737 1705 1684 1594 1624 1483 1472 1452 1408 1231 1251 1224 1223 1127 1031 1064 1056 968 925 881 900 838 786 726 658 654 579 549 483 511 507 513 479 456 462 453 427 376 394 404 386 358 347 309 318 320 319 294 298 287 258 255 240 264 238 241 220 222 203 200 192 177 182 176 163 144 150 143 134 127 119 120 116 105 104 98 91 87 92 81 74 80 77 71 72 69 65 64 58 58 56 52 51 49 50 48 46 47 45 46 45 43 42 39 38 34 37 35 32 31 31 28 26 24 25 22 22 20 21 19 18 16 17 16 16 16 14 14 13 13 13 12 12 12 12 11 11 10 10 10 10 9 9 9 9 8 7 7 7 7 6 6 6 6 6 6 6 5 5 5 4 4 4 4 4 4 4 3 3 3 3 3 3 3 3 2 2 2 2 2 2 2 2 2 2 2 2 2 2 2 1 1 1 1 1 1 1 1 1 1 1 1 1 1 1 1 1 1 1 1 1 1 1 1 1 1 1 1 1 1
19 8 17 35 4 3 20 14 5 10 40 29 43 30 22 2 37 23 39 42 27 44 28 34 13 47 1 9 12 41 21 33 24 32 45 11 18 46 7 38 48 36 26 25 31 16 6 15
29 25 18 4 36 43 16 21 48 26 17 12 47 20 32 9 19 6 38 23 1 13 10 30 46 40 37 27 28 45 8 42 31 2 14 15 3 7 39 5 22 24 35 33 11 44 34 41
16 13 26 39 22 20 11 37 27 46 18 4 9 24 21 5 8 2 42 31 23 7 47 48 12 1 38 33 32 30 10 28 29 40 3 6 25 41 19 36 15 44 17 34 14 35 43 45
5 23 36 20 38 34 13 16 33 21 28 42 45 37 12 40 11 31 41 3 19 14 15 8 7 18 26 43 6 27 44 9 39 4 25 35 22 29 1 17 47 30 48 10 46 2 32 24
23 19 8 7 11 29 22 30 45 39 27 16 6 10 17 21 44 37 28 43 47 35 25 40 38 42 15 18 41 13 48 14 12 3 9 2 36 24 26 31 20 4 1 46 34 33 5 32
39 2 19 29 21 27 10 4 42 7 26 3 23 22 34 28 40 36 30 1 20 33 5 16 37 25 46 11 18 38 12 6 44 24 48 45 43 47 41 9 13 8 32 35 15 17 14 31
45 37 39 8 19 2 46 23 10 29 44 25 13 12 48 1 16 30 43 11 41 26 36 9 18 3 20 22 47 34 6 24 42 14 38 31 15 17 32 21 35 33 4 40 5 27 28 7
48 26 15 12 5 28 42 34 25 23 37 22 10 17 47 44 24 7 4 35 8 1 20 13 19 14 33 16 11 3 43 38 41 29 6 36 2 39 45 18 30 32 9 21 27 46 31 40
7 43 45 38 48 25 35 9 40 12 11 41 27 23 30 32 17 42 46 28 5 4 2 21 6 34 29 26 44 18 47 16 14 1 24 20 37 19 15 8 36 39 13 3 33 31 22 10
21 11 28 26 17 23 40 3 37 25 47 38 22 8 9 29 31 10 12 14 35 41 1 2 39 27 19 44 15 7 5 4 33 18 20 13 45 16 34 24 32 43 6 48 30 36 42 46
28 47 32 14 30 7 27 44 13 18 8 1 26 42 16 39 43 19 31 40 3 11 41 46 17 29 45 37 33 6 36 5 38 20 34 48 9 21 35 10 4 23 24 12 2 15 25 22
15 48 46 40 20 10 31 42 39 2 3 34 8 5 14 6 21 17 16 44 25 9 45 4 11 12 27 47 36 35 1 23 26 30 37 41 29 33 38 22 24 28 7 18 32 13 19 43
41 1 35 21 32 13 3 39 9 45 19 30 12 46 24 23 42 48 26 29 2 34 22 37 31 33 11 14 10 44 38 36 8 15 43 27 17 28 4 7 40 18 25 5 16 6 47 20
6 36 3 32 35 22 18 17 2 40 5 26 29 15 37 46 48 41 44 30 7 16 38 25 42 39 4 34 45 24 23 1 20 28 47 33 19 9 31 13 11 14 21 43 12 10 8 27
1 29 43 31 25 33 24 12 47 8 46 28 36 38 44 19 34 14 35 9 45 32 11 22 48 15 30 13 20 5 37 21 7 26 10 39 27 18 3 23 41 42 16 17 6 40 2 4
18 9 12 22 3 4 34 36 1 14 45 40 32 13 11 31 35 21 15 39 6 8 42 26 25 48 47 19 17 20 16 27 10 33 30 29 44 43 5 28 38 46 2 37 24 41 7 23
34 46 20 19 44 5 47 8 29 31 12 17 40 27 45 15 33 32 24 4 18 37 39 3 2 36 28 6 25 22 7 43 48 11 23 30 13 42 21 26 14 38 41 16 1 9 10 35
24 35 23 15 9 12 43 20 31 44 25 13 17 28 7 14 18 45 10 36 40 21 29 39 1 6 3 4 48 42 11 19 27 41 16 5 46 37 47 32 8 22 38 2 26 34 30 33
3 10 41 27 29 11 28 19 46 47 7 33 5 9 20 8 6 25 21 12 22 18 4 43 35 16 31 36 38 2 26 37 30 13 42 40 39 15 24 34 23 45 14 1 17 32 44 48
36 32 44 10 13 42 30 28 41 1 14 11 21 18 4 22 9 16 20 7 43 39 3 5 34 24 48 17 31 25 45 40 19 12 35 37 8 26 6 15 33 27 46 29 47 38 23 2
27 7 38 9 10 36 21 26 20 6 1 19 25 2 31 11 5 22 33 32 30 40 37 17 16 45 13 39 35 4 15 41 18 47 8 44 34 23 12 14 43 48 3 28 42 24 46 29
31 20 2 36 42 47 15 13 21 28 39 5 11 14 29 17 1 38 8 6 33 22 30 44 27 32 16 35 24 46 18 10 9 23 7 4 41 48 43 12 34 3 40 26 37 19 45 25
11 22 24 13 45 44 7 29 36 5 30 9 31 47 10 43 46 8 18 15 12 20 40 27 3 28 25 32 34 23 33 26 16 35 1 42 21 6 48 4 2 41 19 39 38 37 17 14
22 6 42 25 41 9 8 11 34 36 33 18 24 26 2 4 13 46 32 21 38 28 17 47 45 7 44 31 16 1 39 48 15 43 29 14 30 3 37 19 10 35 12 27 40 23 20 5
42 18 6 16 47 30 29 35 15 32 21 10 37 41 1 7 4 11 23 26 9 45 27 38 5 2 12 8 19 40 20 44 25 31 33 43 24 14 46 48 39 17 34 13 22 3 36 28
25 14 48 3 40 21 45 2 43 4 15 32 35 1 41 38 7 47 34 22 17 5 31 10 28 46 8 42 29 36 19 39 13 37 12 23 16 44 11 20 27 26 33 6 18 30 24 9
13 4 33 47 7 37 23 18 8 48 36 15 38 39 6 26 27 28 19 46 14 42 35 20 41 5 9 24 43 10 17 31 22 16 44 34 40 25 2 3 21 12 45 32 29 1 11 30
12 30 47 34 16 46 2 5 23 27 48 35 18 21 39 41 45 33 6 8 29 19 13 24 43 26 32 20 37 9 40 17 3 42 11 38 10 22 28 1 7 25 31 36 4 14 15 44
33 27 21 24 43 48 37 10 28 41 34 6 4 44 5 45 38 26 25 16 36 2 19 23 15 9 17 1 13 11 22 20 40 8 18 46 12 32 42 35 31 29 30 14 3 7 39 47
43 3 7 44 34 32 38 40 6 35 2 45 46 36 42 30 15 39 9 5 28 23 18 14 33 37 24 41 26 16 21 47 4 19 31 1 48 20 10 29 17 13 22 8 25 12 27 11
8 34 37 33 46 35 36 15 19 9 6 20 42 40 25 12 32 18 27 24 31 17 21 1 23 38 7 2 39 26 14 3 43 44 41 22 4 5 13 30 28 11 47 45 10 48 29 16
10 28 13 6 31 24 9 32 18 30 43 7 33 34 35 36 47 12 37 48 46 29 44 19 8 23 42 40 14 17 4 15 5 22 39 25 1 27 16 2 3 21 11 41 20 45 26 38
38 31 40 41 2 26 5 6 4 42 22 14 44 29 46 35 30 43 3 19 37 15 16 33 24 17 34 10 27 32 13 12 23 9 21 47 11 45 8 25 18 7 28 20 48 39 1 36
47 45 14 5 12 39 48 22 38 17 29 37 19 16 36 10 41 3 13 34 21 24 43 15 32 4 35 46 30 31 42 8 28 7 2 26 33 1 20 6 44 40 27 11 23 25 9 18
17 39 29 48 27 40 4 24 35 19 10 47 3 45 33 20 26 44 7 37 11 6 12 31 9 8 5 25 23 28 41 32 34 21 22 16 14 2 36 42 46 15 43 30 13 18 38 1
32 15 25 1 33 14 26 46 12 11 42 43 39 31 38 37 20 13 2 47 24 3 34 36 40 21 41 23 22 8 35 7 17 48 27 18 5 30 29 16 6 9 10 44 45 28 4 19
35 38 1 23 37 31 39 45 24 15 41 8 30 25 13 34 3 4 11 33 44 48 14 6 26 10 2 7 46 47 27 22 21 17 28 32 42 36 18 43 16 20 5 19 9 29 40 12
30 42 27 37 6 45 33 7 14 22 23 46 34 48 26 13 2 1 17 25 4 10 32 18 20 44 43 29 9 12 31 11 36 38 15 19 28 35 40 41 5 16 8 24 21 47 3 39
20 24 4 28 1 17 44 41 11 16 13 31 15 32 18 47 10 29 14 27 48 38 8 35 21 43 40 3 7 37 46 30 2 36 19 12 23 34 25 45 26 5 42 9 39 22 33 6
40 5 30 17 24 19 32 25 7 20 16 2 14 11 43 18 28 34 22 38 13 27 33 41 4 31 36 48 3 21 9 29 37 39 46 10 6 12 44 47 45 1 23 15 8 26 35 42
46 21 5 11 26 41 1 48 17 38 31 27 7 43 19 33 22 24 45 10 39 12 9 42 14 20 23 28 2 29 34 18 35 6 4 3 32 40 30 44 25 37 15 47 36 8 16 13
14 16 11 2 39 15 41 38 32 13 4 48 28 19 23 27 12 20 1 17 34 36 46 45 29 35 6 30 21 43 24 25 47 10 5 7 26 8 33 40 9 31 18 22 44 42 37 3
4 41 9 43 8 1 14 33 30 37 35 44 16 7 40 24 29 27 47 45 15 46 6 11 10 22 18 5 42 19 3 34 32 25 13 17 20 31 23 39 12 2 36 38 28 21 48 26
44 12 16 42 14 18 6 1 22 33 24 21 48 35 27 3 25 15 29 13 26 47 23 28 36 30 10 38 40 39 2 45 46 5 32 8 7 4 9 11 37 34 20 31 19 43 41 17
37 17 34 46 23 38 12 27 26 43 9 24 2 6 3 16 39 35 40 20 10 25 48 32 44 41 22 21 4 15 30 13 1 45 36 28 31 11 14 33 19 47 29 42 7 5 18 8
2 40 31 45 15 16 19 43 3 34 38 23 20 33 8 25 14 5 36 18 32 30 24 29 22 13 39 12 1 48 28 35 11 27 26 9 47 10 17 46 42 6 44 7 41 4 21 37
9 44 22 30 18 6 25 31 16 24 20 36 41 3 28 48 23 40 5 2 42 43 26 7 47 19 14 15 8 33 29 46 45 32 17 21 38 13 27 37 1 10 39 4 35 11 12 34
26 33 10 18 28 8 17 47 44 3 32 39 1 4 15 42 36 9 48 41 16 31 7 12 30 11 46 45 5 14 25 2 6 34 40 24 35 38 22 27 29 19 37 23 43 20 13 21
26 33 25 18 15 8 17 21 44 10 28 39 43 30 22 42 36 9 48 41 16 47 7 12 13 11 1 45 5 14 32 2 6 46 40 24 35 38 19 27 29 4 37 23 31 20 34 3
19 33 17 30 18 8 20 47 35 24 32 29 1 4 15 40 37 23 39 42 16 31 10 48 38 41 21 9 28 14 25 2 12 46 45 11 3 7 22 27 13 36 44 26 43 5 6 34
29 13 14 18 28 25 17 4 16 10 40 12 9 20 15 5 36 6 42 41 27 43 26 34 30 19 1 33 8 48 32 35 24 2 45 3 38 47 39 31 22 44 37 23 11 46 7 21
7 44 10 2 22 16 46 37 26 3 17 36 41 30 32 25 24 9 4 31 23 12 28 13 6 11 14 18 5 33 48 42 45 34 40 21 47 39 1 38 29 19 35 15 27 20 43 8
48 27 19 13 41 29 16 21 36 34 44 4 43 10 17 42 23 7 28 2 1 25 24 30 46 35 15 22 3 14 8 33 11 40 45 9 18 38 32 5 20 6 26 39 31 47 12 37
16 8 45 17 23 20 13 30 5 46 18 42 47 44 22 48 19 35 38 1 32 31 25 29 12 40 21 43 27 15 10 28 34 4 3 6 2 24 7 37 9 41 39 36 11 33 14 26
23 10 9 46 35 28 19 16 3 38 37 39 20 4 48 2 44 8 43 18 15 36 5 34 7 11 21 27 40 12 32 6 31 1 26 24 25 17 45 33 30 47 29 13 41 42 22 14
26 40 18 28 4 6 42 43 25 16 32 22 10 3 21 1 27 23 39 30 36 38 48 35 37 47 20 11 2 41 29 33 44 24 17 12 45 19 9 46 15 8 13 7 34 14 5 31
19 33 8 7 14 23 41 21 28 11 20 3 2 22 34 9 39 15 48 35 16 27 10 40 13 1 37 32 12 45 44 42 30 29 36 17 43 46 26 25 18 24 6 38 5 4 31 47
45 17 24 37 36 38 22 31 12 41 28 25 15 26 32 4 2 34 30 23 48 44 20 9 14 13 39 18 42 33 5 46 47 3 1 11 29 16 27 40 19 35 7 8 43 10 6 21
23 16 28 35 21 10 25 34 44 33 27 29 6 36 47 13 12 40 5 8 20 3 1 7 15 19 38 26 9 30 43 18 17 2 42 31 22 41 24 4 45 32 37 14 46 11 39 48
39 23 34 24 5 7 20 37 14 27 26 41 45 33 18 46 17 10 28 42 47 43 38 30 19 31 21 22 32 13 8 9 16 40 6 2 12 29 48 35 1 25 4 11 15 44 3 36
2 25 40 44 48 3 10 38 17 21 47 24 23 45 12 43 37 41 4 34 7 13 36 11 32 20 14 16 1 19 6 28 29 46 18 42 26 33 22 9 35 30 15 27 31 39 8 5
5 29 39 45 12 22 11 19 20 10 9 23 1 47 21 16 38 32 44 43 34 15 28 41 35 8 30 6 14 48 7 24 40 4 2 25 37 13 33 36 26 17 18 46 3 31 27 42
29 48 36 4 44 34 24 23 45 5 46 16 13 37 40 28 31 20 35 3 14 33 9 12 10 18 25 47 7 43 1 11 6 8 15 21 19 42 39 41 22 2 17 32 38 26 30 27
37 1 27 20 34 43 18 33 16 19 17 44 9 30 22 6 5 3 36 47 11 46 12 45 29 42 40 15 4 32 48 26 13 38 8 7 14 35 41 21 31 10 24 28 25 23 2 39
6 19 15 11 45 44 35 3 33 23 40 5 39 24 36 29 4 48 10 17 26 31 2 16 30 43 22 12 13 37 47 32 20 27 14 28 18 21 25 42 41 34 1 9 8 7 38 46
24 36 21 10 2 4 8 9 42 17 5 26 3 31 41 19 13 37 46 25 12 30 47 32 22 11 1 33 23 29 38 34 7 28 27 48 35 18 40 45 39 14 20 43 6 16 15 44
1 35 16 39 43 2 46 27 21 36 8 32 48 20 38 44 41 26 31 29 24 5 23 28 18 9 33 45 40 11 12 6 25 30 7 10 3 37 42 47 14 15 19 4 22 13 34 17
3 15 37 48 25 32 22 21 18 7 45 4 43 2 30 24 14 29 47 16 28 35 8 31 38 26 39 9 34 23 5 33 41 20 40 13 27 11 46 44 17 19 36 1 42 6 10 12
26 22 47 36 40 8 37 16 38 32 19 30 34 39 25 21 6 9 43 15 27 1 33 42 3 28 10 13 5 24 23 7 2 18 44 45 31 46 14 11 29 4 41 48 20 12 17 35
9 20 13 43 27 5 30 17 15 46 38 35 29 41 10 34 8 24 26 45 1 6 7 36 40 25 19 44 22 31 2 12 3 14 48 18 39 28 23 16 32 33 42 47 11 37 21 4
48 39 42 25 47 20 31 26 24 15 41 22 16 38 33 18 43 12 40 5 17 10 14 4 1 37 27 19 6 8 28 46 11 34 35 30 21 23 36 7 44 3 9 2 13 45 32 29
16 12 29 30 1 42 3 41 32 28 39 15 22 13 19 33 10 5 24 37 38 20 45 2 47 40 6 43 21 7 25 14 35 44 23 4 17 9 11 8 27 46 48 31 26 18 36 34
28 47 7 1 32 41 16 30 8 43 3 38 14 40 35 45 26 22 5 27 13 48 15 18 6 44 2 37 39 4 9 20 10 36 12 19 11 34 31 33 46 29 21 17 23 24 42 25
21 7 22 29 42 40 19 20 1 35 13 9 31 34 39 17 3 27 30 38 5 2 6 46 44 23 4 8 26 14 37 47 33 48 11 15 24 32 12 10 36 28 25 16 45 43 41 18
41 3 32 18 33 27 7 4 11 29 37 2 19 14 28 47 46 39 21 12 30 24 22 34 36 5 42 25 8 6 31 38 15 26 10 35 9 43 1 13 20 48 16 45 44 17 40 23
19 9 26 41 11 18 14 40 6 42 10 31 32 46 29 35 48 13 12 28 22 23 4 15 25 38 21 3 24 39 34 44 45 7 20 47 36 17 37 2 5 43 27 33 30 8 16 1
14 44 1 3 15 16 27 48 41 4 30 17 8 28 26 20 47 42 39 10 23 45 13 40 31 7 34 21 37 2 35 29 46 5 32 9 38 6 43 18 12 36 11 24 33 22 25 19
18 46 2 34 8 11 38 32 27 20 12 1 4 22 42 3 35 30 7 24 10 29 41 13 48 17 43 14 33 47 36 37 23 19 31 16 15 40 45 5 28 26 39 21 9 25 44 6
17 42 33 5 38 45 21 29 34 26 16 47 27 48 15 12 40 6 25 31 37 19 32 23 9 14 28 7 18 35 24 41 36 39 30 46 44 2 8 43 4 22 10 20 1 3 11 13
11 40 48 19 30 33 5 8 13 22 35 21 12 16 37 31 45 18 14 9 6 47 46 25 42 34 17 39 3 36 26 2 1 10 24 38 41 15 4 27 7 44 43 29 32 28 23 20
34 2 46 8 7 35 36 25 48 9 15 28 45 17 4 38 32 43 3 33 21 12 24 27 39 10 26 42 19 5 44 1 37 6 29 20 13 14 30 31 16 23 47 22 40 41 18 11
40 43 31 46 16 15 12 14 19 47 44 48 36 21 5 23 33 45 2 4 29 17 34 9 27 30 13 38 35 42 41 8 22 1 37 26 7 10 28 3 25 11 6 18 39 20 24 32
35 38 30 42 24 13 47 15 46 2 34 10 5 4 1 36 7 25 16 44 31 28 26 14 11 32 18 41 45 22 27 3 39 21 43 33 40 48 20 29 6 12 8 23 17 19 9 37
15 13 5 32 20 23 33 12 30 34 36 39 28 25 7 10 1 38 4 26 43 41 19 29 2 24 45 48 47 17 6 9 31 35 21 8 42 44 3 40 11 18 14 37 46 27 22 16
22 41 4 26 17 47 23 7 2 31 42 3 35 5 20 37 15 44 27 11 18 36 16 8 46 1 29 10 25 28 32 30 38 9 34 6 45 19 21 39 24 13 40 12 14 48 33 43
7 26 11 27 46 48 34 36 10 24 1 19 6 35 23 15 9 14 42 18 8 22 39 21 5 47 20 2 44 25 16 13 43 40 33 32 28 12 38 17 3 31 29 41 4 30 37 45
20 33 35 31 26 14 32 6 22 8 21 36 9 27 43 11 29 17 41 7 39 42 18 19 24 45 12 40 2 34 10 15 4 13 16 5 30 25 47 46 23 38 44 3 37 1 48 28
27 14 20 47 10 39 44 13 26 37 25 18 42 9 17 8 16 36 15 22 4 33 35 12 34 2 41 46 28 45 1 31 48 3 5 11 23 24 19 6 38 40 32 30 43 21 29 7
36 45 38 22 18 28 17 35 4 21 24 14 2 6 31 41 25 40 37 48 19 16 43 30 8 3 32 1 46 27 11 5 26 15 47 39 33 7 34 23 13 42 12 44 10 29 20 9
31 24 3 6 39 29 20 44 23 1 46 25 43 12 47 7 34 11 13 14 9 4 40 16 17 22 37 36 30 33 15 10 19 42 41 27 48 38 18 32 8 45 26 5 21 35 28 2
42 31 41 33 29 17 40 24 43 13 2 12 18 15 8 22 28 1 38 32 44 25 11 37 23 36 7 34 48 30 3 35 27 46 45 14 20 39 5 26 10 16 4 6 19 9 47 21
1 4 6 38 22 12 25 42 47 45 9 43 20 10 13 26 18 31 17 36 2 7 27 33 16 46 15 5 11 21 29 39 32 30 28 41 34 3 44 14 48 37 23 35 24 40 19 8
47 34 17 23 13 7 28 45 3 11 40 6 10 29 14 2 20 46 48 19 15 44 1 22 37 41 16 30 38 12 43 25 5 24 39 36 8 26 32 9 21 27 31 42 18 4 35 33
45 28 23 14 9 3 15 43 7 40 11 20 25 33 46 32 22 21 8 1 42 27 10 26 41 19 24 35 16 44 12 17 18 31 4 34 5 47 29 37 30 6 2 39 48 36 13 38
9 37 40 15 6 36 39 10 5 33 47 27 26 18 34 4 23 28 45 46 25 3 30 7 20 14 35 24 29 41 13 48 42 17 19 44 32 16 2 22 43 21 38 8 12 11 1 31
25 32 43 30 3 6 9 31 37 12 18 4 17 11 44 40 21 47 29 39 35 13 42 48 19 16 36 22 10 20 8 24 14 27 38 23 2 33 26 28 1 7 34 46 41 5 45 15
12 5 44 25 37 38 41 11 29 48 27 24 23 32 6 39 30 33 28 13 45 1 17 18 26 21 47 4 40 16 42 34 8 14 3 31 22 20 35 19 2 9 7 15 36 46 43 10
32 10 16 9 21 34 29 39 36 6 7 42 13 1 40 27 11 23 14 20 41 37 12 44 4 35 48 31 17 15 2 33 28 18 26 24 43 45 22 25 19 47 3 38 5 8 46 30
6 30 37 2 10 25 26 42 12 3 28 23 38 43 45 48 8 19 34 21 16 35 5 24 14 4 44 33 36 40 47 11 9 41 17 1 46 29 13 20 22 39 15 27 7 18 31 32
4 18 34 43 31 21 11 13 10 39 20 45 44 23 27 46 19 17 41 40 32 38 9 2 15 25 8 16 12 3 48 26 30 28 22 29 6 36 7 24 42 5 1 14 47 33 35 37
39 6 21 17 26 10 2 5 44 15 14 13 1 8 48 33 4 37 35 30 40 20 36 46 7 27 3 47 43 19 45 22 25 29 9 18 12 41 16 38 23 42 24 11 31 32 28 34
44 27 47 23 19 24 10 7 29 18 31 33 41 26 3 16 13 36 11 32 46 39 8 35 30 20 5 6 9 1 14 43 42 22 40 17 25 21 28 15 45 38 37 4 2 34 48 12
29 32 12 13 39 43 24 14 31 46 33 37 47 3 21 42 44 34 36 41 17 40 20 45 27 9 23 11 7 18 35 4 6 8 1 2 16 28 10 48 25 30 5 19 15 38 26 22
5 25 36 27 29 19 13 28 23 43 22 16 34 45 12 14 39 8 46 2 7 30 38 3 40 31 35 17 20 26 37 42 44 11 41 15 10 18 32 1 47 33 9 21 48 24 6 4
37 8 7 32 17 31 43 15 33 23 26 29 46 19 45 18 14 2 47 39 42 5 3 6 22 48 38 20 34 10 41 12 24 4 36 13 1 27 44 21 40 11 35 9 25 16 30 28
2 23 19 38 8 46 32 44 16 5 29 40 48 27 30 15 35 31 42 7 1 10 47 11 18 34 41 14 22 9 25 45 39 37 6 43 4 13 33 36 3 26 17 20 28 12 24 21
33 41 24 42 7 4 14 18 26 35 38 11 15 37 9 1 31 48 2 36 10 43 44 17 25 40 3 29 27 13 28 23 32 20 39 21 19 22 6 12 8 46 30 47 16 45 34 5
23 1 42 4 6 30 18 46 34 28 45 36 14 44 24 9 7 20 21 48 3 26 33 32 13 11 31 35 8 37 39 19 2 12 27 16 15 10 40 47 38 41 22 17 5 43 29 25
24 15 13 12 28 2 30 36 46 14 21 41 33 47 22 43 10 16 23 6 27 48 25 1 5 26 11 44 4 19 38 18 34 42 7 3 32 37 8 45 9 40 20 29 35 31 39 17
16 20 41 21 40 17 45 35 22 39 42 10 44 32 3 25 12 38 24 26 33 31 29 15 43 18 14 9 13 8 34 28 7 2 23 30 47 46 48 4 27 6 36 1 19 37 5 11
42 16 27 18 25 6 1 34 5 19 17 30 39 14 32 41 26 11 43 21 12 2 31 28 10 37 36 22 48 20 9 8 47 23 46 45 40 38 3 44 13 4 33 24 29 7 15 35
38 5 45 46 15 26 35 33 28 32 34 8 37 2 16 10 43 24 1 11 20 9 42 4 47 44 30 12 39 40 7 14 36 25 19 22 6 23 29 41 48 31 18 13 3 21 17 27
30 18 29 16 20 22 39 17 25 7 8 48 24 42 33 6 28 12 44 14 47 46 27 36 11 10 32 26 5 43 23 3 40 13 37 4 41 9 15 19 31 1 45 2 34 35 21 38
28 7 15 11 4 14 17 8 18 3 48 2 30 36 6 45 29 9 40 19 37 32 34 31 46 23 33 43 35 44 26 39 22 47 5 12 27 42 38 20 24 25 41 16 21 13 10 1
26 40 17 31 22 29 12 6 9 18 10 47 3 35 8 5 41 4 30 20 45 42 23 34 24 28 44 27 1 14 36 13 15 16 48 7 37 39 21 2 11 43 19 33 38 25 32 46
3 17 8 29 24 28 44 25 27 48 20 35 11 30 18 47 21 15 12 22 39 6 2 42 38 32 40 45 14 33 5 37 16 10 9 23 26 7 46 4 34 36 13 31 1 41 19 43
14 33 35 41 46 8 23 32 19 30 43 15 16 25 38 21 2 44 9 10 34 18 7 27 20 17 48 5 28 3 24 6 1 29 45 31 4 11 47 42 37 22 40 36 39 26 12 13
48 35 9 20 21 39 16 5 15 2 31 1 47 6 25 17 34 14 26 4 22 44 40 41 42 43 13 36 38 11 19 7 23 33 10 29 46 8 27 32 28 12 30 18 37 3 45 24
40 24 22 33 31 32 29 9 45 47 44 14 36 19 43 30 20 18 25 46 38 15 11 5 2 21 7 48 23 4 42 16 35 34 13 26 12 1 39 10 6 28 8 41 17 27 37 3
21 12 39 45 19 48 46 42 2 6 5 38 22 3 13 7 32 25 31 30 44 41 26 43 33 8 1 47 9 34 27 15 11 35 16 28 36 40 20 17 10 24 23 37 14 29 4 18
39 38 6 10 16 31 47 45 43 34 36 5 1 22 41 44 18 29 7 27 11 8 35 23 19 33 37 40 26 42 30 32 46 21 2 25 17 48 4 12 15 9 14 3 24 28 13 20
27 30 2 26 5 36 40 12 3 44 24 22 4 1 10 39 37 28 45 18 8 17 14 13 48 38 25 41 29 23 47 46 31 11 21 35 7 15 9 43 42 34 16 19 32 20 33 6
18 26 11 1 2 15 28 47 14 41 35 6 38 43 46 32 5 10 27 16 23 30 48 25 39 20 24 33 12 21 9 17 37 4 34 40 22 3 19 8 7 13 29 42 31 44 36 45
44 31 26 48 11 25 34 4 7 27 39 32 29 23 15 24 40 19 6 13 30 20 5 14 28 9 47 38 18 46 10 1 41 12 33 37 42 45 35 22 17 21 3 43 8 36 2 16
41 48 44 6 27 3 36 31 8 17 1 20 23 5 9 34 15 13 32 24 29 39 4 33 12 7 26 18 21 28 45 11 10 22 43 46 38 2 37 40 14 16 25 35 30 19 42 47
30 6 38 34 18 10 20 24 4 8 41 39 27 21 31 35 33 42 17 45 28 7 9 19 36 13 22 15 43 29 44 2 3 46 1 47 48 26 25 11 40 37 32 23 12 5 16 14
2 13 19 37 38 20 42 27 35 36 16 33 41 8 30 26 3 40 29 15 32 47 39 48 1 5 43 4 24 25 31 22 9 17 12 18 44 34 23 28 45 14 21 10 46 6 11 7
46 14 43 24 47 44 8 11 41 13 33 45 42 20 17 22 19 26 48 28 40 38 18 37 30 25 4 34 32 31 6 35 21 2 15 10 23 16 12 3 9 29 5 7 27 39 1 36
8 46 1 7 43 5 2 21 47 16 15 34 30 48 12 3 22 27 10 33 24 31 41 4 35 42 18 37 6 9 14 40 13 38 20 44 28 25 11 29 19 45 26 32 36 17 23 39
35 2 12 22 45 19 7 29 31 33 14 25 13 4 23 36 46 21 38 44 6 28 37 10 32 30 27 11 40 47 20 18 43 1 17 42 5 24 34 26 16 15 9 39 41 48 3 8
34 42 46 3 12 43 25 20 33 4 6 26 11 10 48 13 47 45 5 2 35 1 15 21 9 19 29 8 37 7 17 31 38 41 40 30 16 14 24 27 36 39 44 28 18 32 22 23
15 22 23 8 30 4 38 26 39 25 32 12 46 16 40 37 9 41 3 31 13 24 19 18 17 45 20 6 11 36 2 21 48 44 28 1 34 29 5 35 47 42 7 14 43 10 27 33
6 34 28 36 39 30 27 10 13 42 18 31 14 17 5 8 16 3 15 25 33 43 46 7 29 24 21 9 4 45 41 47 19 40 44 48 2 35 1 38 32 23 37 11 22 12 20 26
37 36 40 6 1 21 31 39 48 12 7 3 8 46 42 11 25 30 19 34 14 9 45 26 23 18 28 24 2 27 32 41 29 15 35 38 13 17 22 16 20 5 10 4 33 43 47 44
36 21 33 4 3 13 11 16 24 15 46 28 39 40 37 23 48 6 9 35 19 10 32 22 26 1 5 25 44 30 8 12 17 7 38 34 18 20 43 14 41 2 27 45 47 42 31 29
5 28 32 34 9 7 21 22 44 45 19 42 16 11 2 38 4 39 13 37 12 35 24 6 8 3 14 20 15 17 29 33 30 31 41 43 25 47 36 18 26 27 1 48 40 23 46 10
33 45 48 18 34 12 37 23 17 26 25 19 5 29 7 9 1 46 16 47 21 15 20 11 44 36 41 28 42 35 3 38 27 14 32 4 24 43 13 39 2 8 6 22 10 40 30 31
45 10 41 39 13 23 22 40 11 43 37 9 32 28 27 29 12 33 15 38 5 21 17 44 14 35 34 7 3 24 16 4 20 8 18 2 19 31 30 1 46 48 42 36 26 47 25 6
42 47 5 19 33 35 43 14 1 46 3 27 28 9 4 20 23 37 26 12 36 40 29 8 31 16 17 13 25 15 34 10 18 39 11 24 21 32 45 48 44 30 38 6 2 22 41 7
23 19 8 5 4 37 33 30 38 21 22 13 48 31 29 28 24 1 43 41 39 27 3 46 45 11 16 32 47 12 36 20 25 34 26 9 10 6 14 15 35 7 17 44 42 18 40 2
7 43 37 17 26 27 14 13 6 24 29 30 33 38 28 42 11 22 19 1 41 23 8 40 34 4 2 31 10 18 39 48 5 3 47 20 35 12 16 25 21 32 36 9 45 46 44 15
20 39 21 47 17 38 30 41 32 34 12 11 15 26 44 40 42 43 25 29 31 6 28 2 16 27 23 3 46 10 35 24 45 37 22 14 8 13 7 36 5 19 48 1 4 33 18 9
4 27 31 29 32 11 13 1 21 35 47 16 3 34 20 33 43 5 37 40 48 8 36 39 6 12 30 10 17 22 25 26 42 28 14 45 9 46 18 24 23 44 15 41 7 2 38 19
28 3 13 9 48 18 10 34 37 23 11 40 21 41 47 46 30 38 27 32 1 33 2 29 4 22 8 42 19 16 15 43 26 20 25 17 14 44 31 6 12 35 24 5 39 7 36 45
32 29 47 41 10 40 18 35 22 27 26 37 20 33 45 16 15 9 39 8 3 25 43 36 7 46 12 17 21 48 38 28 6 23 24 5 11 19 34 13 1 4 31 42 44 30 2 14
38 41 20 35 27 24 5 18 12 48 13 44 17 45 32 34 14 31 6 39 43 11 22 16 37 40 15 2 30 1 19 23 28 36 3 25 29 21 10 33 4 47 46 7 9 26 42 8
9 37 14 12 36 6 45 25 30 40 38 35 24 27 22 39 44 17 23 26 20 2 47 28 18 31 48 43 7 34 46 5 33 29 8 32 1 10 42 21 3 15 13 16 19 41 4 11
29 44 9 2 19 46 38 43 1 22 27 17 26 32 21 6 34 7 4 5 47 13 25 15 40 8 10 23 16 39 12 45 14 42 31 3 20 41 35 37 30 18 33 24 36 11 28 48
16 8 35 30 42 21 3 28 18 5 15 43 34 44 36 32 6 4 11 7 10 12 38 1 39 41 40 14 33 17 26 9 47 24 29 13 31 2 37 46 25 48 20 22 27 45 19 23
26 4 3 1 24 47 9 27 48 17 7 15 6 18 14 37 29 2 12 28 42 36 33 35 22 32 25 46 20 41 21 8 44 16 30 19 43 34 38 5 11 10 45 31 23 13 40 39
11 46 39 25 8 2 1 48 29 41 35 18 19 30 3 43 36 15 38 40 34 37 44 24 17 7 32 21 14 26 5 42 4 10 9 28 20 33 22 45 13 23 47 27 6 31 12 16
24 10 15 11 38 42 19 21 27 31 8 23 37 14 26 41 17 16 20 4 25 32 34 3 13 2 35 45 40 5 48 44 7 18 6 12 39 22 46 30 33 36 43 28 29 1 9 47
12 9 16 45 2 34 24 40 10 36 42 32 44 37 15 20 26 47 30 1 46 4 31 17 3 28 33 7 6 8 13 14 38 43 22 41 19 39 11 23 29 5 21 48 25 35 27 18
22 21 45 13 23 26 41 7 42 14 5 4 36 44 34 18 38 20 10 15 27 39 40 32 12 19 11 16 28 24 17 25 8 30 35 46 33 9 2 47 31 6 1 37 48 29 43 3
3 48 20 10 11 15 26 44 21 30 39 24 33 47 25 23 2 32 5 6 4 41 42 31 38 17 45 28 12 7 37 27 16 13 40 36 43 18 19 9 34 8 35 29 46 14 22 1
4 35 42 46 12 17 39 19 9 2 40 6 38 13 48 33 31 25 24 30 45 29 26 44 28 5 36 34 32 3 27 21 20 47 14 16 15 11 1 7 22 41 18 10 8 37 23 43
39 25 27 43 20 8 10 6 17 18 30 19 31 46 7 24 13 33 47 36 21 22 4 40 23 14 38 12 29 1 28 2 15 26 34 37 9 35 45 41 48 3 42 32 11 16 5 44
18 31 29 48 37 22 34 33 39 6 45 14 23 28 17 30 35 21 2 19 16 46 12 41 32 9 3 27 44 13 24 36 10 43 15 7 26 42 40 1 8 11 4 47 5 25 20 38
31 43 24 7 44 19 36 8 32 20 9 10 41 17 46 47 39 27 40 29 18 26 21 34 2 45 42 37 13 11 14 4 5 25 3 38 1 15 48 30 23 33 22 35 16 28 6 12
2 45 6 23 1 16 7 36 44 37 20 29 5 15 4 12 32 22 35 41 19 18 30 27 43 38 31 26 9 46 10 40 21 33 11 48 42 17 8 47 28 34 25 39 14 3 13 24
17 18 14 16 29 23 27 15 38 10 48 21 43 25 40 31 28 37 32 35 26 3 7 42 44 20 24 30 22 12 6 34 39 5 41 33 47 45 13 19 4 2 11 46 1 9 8 36
16 47 31 26 34 5 22 46 6 3 41 39 48 19 27 7 8 28 1 13 37 42 15 30 36 43 9 20 38 45 23 44 2 18 24 35 10 40 33 25 21 14 29 12 32 17 11 4
29 36 9 21 5 28 35 23 11 39 46 41 10 33 16 25 40 43 8 27 12 48 1 2 42 4 13 24 18 22 7 30 34 19 38 26 31 37 14 45 20 17 44 15 3 6 47 32
46 6 18 31 22 29 33 42 35 11 16 34 3 40 23 21 25 12 41 2 9 5 14 45 48 26 7 39 37 36 30 15 17 20 47 10 32 28 24 8 27 1 38 43 4 19 44 13
9 20 30 33 40 7 25 32 16 28 43 47 29 31 6 36 41 46 3 24 35 17 39 12 18 34 2 15 8 27 4 1 19 42 44 11 14 48 26 23 5 21 10 13 22 38 45 37
27 28 48 37 47 14 32 31 19 8 36 12 18 9 41 29 5 10 17 22 43 20 16 46 4 21 23 11 2 15 42 6 45 40 26 1 24 3 39 44 30 13 7 33 38 34 25 35
8 26 17 28 33 47 31 4 14 19 6 42 20 38 9 22 37 40 45 43 32 30 35 25 41 12 1 13 46 10 2 3 44 16 18 34 21 27 23 24 7 39 5 11 15 36 48 29
41 42 11 22 39 25 2 47 8 38 14 36 34 43 44 1 46 13 48 18 31 7 17 29 35 40 21 3 10 16 9 12 26 6 4 23 15 20 5 33 24 30 37 45 28 27 32 19
1 22 21 12 13 40 43 11 33 9 19 2 6 29 24 35 10 23 7 37 5 44 48 14 45 31 4 8 47 32 26 17 25 3 28 39 34 46 30 27 36 42 15 38 41 16 18 20
24 34 19 38 16 12 14 45 47 44 28 43 32 10 18 11 23 29 30 20 17 36 5 21 31 42 26 22 1 2 13 9 37 7 39 40 25 33 15 48 6 27 3 4 35 8 41 46
44 2 7 20 4 39 30 9 24 18 37 8 25 26 5 27 22 1 31 32 29 12 19 34 40 48 47 10 36 21 41 11 35 28 17 42 13 38 6 15 14 16 43 3 45 23 46 33
14 17 36 45 25 24 11 22 13 32 1 9 21 8 12 3 18 39 46 47 41 26 37 7 33 29 43 6 48 4 19 35 42 23 31 44 5 34 27 38 15 28 30 20 10 40 16 2
3 40 41 2 15 43 18 12 23 31 47 1 8 5 28 10 48 14 42 34 20 21 13 16 46 7 30 36 11 35 45 39 33 38 6 22 29 25 9 4 17 44 27 19 24 32 37 26
11 19 34 30 26 6 5 39 25 1 23 44 28 45 42 48 7 31 29 16 3 40 33 20 27 37 22 38 35 14 32 13 36 41 12 18 4 8 43 2 46 9 24 21 17 47 15 10
15 32 40 27 46 4 13 43 12 7 22 3 47 36 8 14 45 19 24 10 1 23 20 39 6 25 34 5 26 28 31 41 9 11 30 29 38 44 21 16 42 37 48 17 2 33 35 18
26 16 38 43 42 34 37 14 15 47 32 5 22 3 10 28 21 11 13 46 40 2 31 8 20 33 25 35 24 18 48 19 41 4 29 27 7 36 12 6 1 45 17 23 9 44 39 30
32 12 47 7 43 13 28 5 41 29 34 38 46 35 37 2 1 17 8 48 11 4 26 15 14 27 44 16 3 42 20 23 6 24 45 36 39 18 25 40 10 19 33 30 21 22 31 9
20 14 37 47 21 3 8 30 34 11 24 40 27 18 13 17 16 45 4 25 42 39 41 5 19 35 12 7 6 23 33 32 48 22 9 31 36 29 28 46 38 43 26 2 44 10 1 15
35 13 5 1 31 27 29 20 7 30 12 28 17 23 2 8 19 41 40 45 48 38 34 10 9 11 37 42 4 33 15 43 24 44 46 47 16 39 36 22 32 25 6 18 26 21 3 14
45 23 16 26 6 36 21 10 5 43 31 18 24 48 15 13 12 42 44 38 14 3 46 17 25 2 28 9 33 47 34 37 11 35 32 30 22 7 29 20 19 4 41 1 40 39 8 27
23 27 2 9 17 18 24 41 46 36 26 48 39 11 38 5 47 6 35 12 15 13 10 22 16 1 40 45 25 30 44 42 29 8 20 21 28 19 3 37 33 7 32 14 34 4 43 31
21 30 45 48 24 20 6 8 26 39 3 15 35 27 34 40 14 47 10 44 28 19 11 1 37 46 41 25 23 17 5 22 32 29 36 16 2 43 18 13 12 38 31 9 7 42 33 4
47 38 23 8 9 46 3 13 28 16 29 17 15 42 20 26 43 7 21 33 44 6 27 37 1 32 45 31 34 48 39 10 40 36 25 41 19 14 4 35 11 24 18 5 30 12 2 22
28 39 46 37 32 48 26 44 20 10 25 22 42 21 3 38 4 16 41 14 13 29 7 6 11 30 15 18 27 43 8 31 1 17 5 2 23 24 47 9 34 12 19 36 33 35 40 45
12 3 15 42 2 38 39 27 18 5 13 31 1 16 14 45 6 9 47 17 24 28 44 35 8 10 48 34 43 19 29 33 46 26 22 4 11 21 20 7 41 32 40 23 37 25 30 36
33 1 44 13 36 37 42 18 2 40 21 20 26 6 29 46 34 48 9 15 16 32 45 11 47 41 24 4 30 25 12 14 7 27 43 10 17 23 39 28 3 22 8 19 31 5 38 35
48 44 3 46 27 35 9 40 22 28 15 6 12 34 36 4 31 5 23 30 33 17 39 42 7 8 10 1 19 29 11 20 43 37 2 13 18 41 16 21 25 38 14 45 47 24 26 32
40 24 13 21 7 42 46 37 4 45 17 10 30 47 26 9 3 25 32 11 22 1 43 27 29 44 5 41 39 34 16 38 28 14 48 19 33 15 8 36 31 18 2 35 12 20 6 23
25 6 26 16 28 11 34 1 9 12 18 13 36 30 33 44 39 4 17 8 23 41 32 31 35 22 27 14 42 7 46 48 3 10 21 15 37 47 2 5 29 40 20 38 43 45 19 24
5 22 1 33 10 30 40 19 37 6 14 25 44 41 38 42 26 15 11 46 36 48 28 3 24 4 35 32 45 20 27 29 18 34 16 7 8 31 23 17 43 47 12 21 39 2 9 13
38 7 35 29 30 10 20 16 42 23 27 32 4 37 47 34 44 3 2 31 25 33 22 24 45 36 9 43 40 41 17 5 14 15 8 11 6 1 26 39 18 21 46 13 12 19 48 28
22 25 27 24 18 15 1 7 10 37 33 19 11 39 30 17 29 2 48 4 8 5 42 36 40 9 31 23 20 35 21 16 13 47 28 3 41 12 14 43 44 34 45 26 6 46 32 38
37 20 4 11 23 26 19 17 30 3 36 24 1 22 45 28 9 32 15 48 34 46 47 41 13 40 42 2 8 10 25 7 27 21 39 6 43 16 5 14 35 31 38 33 18 29 44 12
36 9 39 25 3 44 16 33 31 48 28 23 12 32 41 38 8 18 5 21 46 11 35 43 4 34 20 17 15 40 24 45 47 1 19 26 30 22 7 42 2 27 13 6 37 14 10 29
10 36 32 35 19 2 45 11 17 22 41 30 37 24 7 18 20 26 1 6 39 47 15 4 27 21 13 40 14 28 3 29 31 12 34 23 44 42 33 8 38 5 9 43 25 48 46 16
7 42 12 5 45 33 28 15 27 17 19 21 44 35 43 46 40 30 6 1 47 20 3 26 41 48 16 8 32 23 4 24 38 25 29 39 9 2 13 18 22 14 10 11 34 31 36 37
6 29 42 44 39 38 32 9 8 20 43 4 27 14 40 48 2 21 7 22 45 24 25 30 18 16 33 46 13 3 28 26 35 31 17 12 1 10 11 5 37 19 36 15 23 34 41 47
20 34 22 23 13 31 41 29 11 8 16 45 14 15 32 21 37 24 36 38 5 25 2 18 39 43 7 30 10 26 12 47 48 19 1 35 46 6 42 27 40 28 4 44 33 9 17 3
17 28 6 31 34 41 38 36 43 2 48 16 46 20 29 19 10 27 12 25 35 18 14 45 3 24 32 39 22 15 30 8 37 5 44 9 42 40 21 33 47 26 23 4 7 13 11 1
31 47 33 10 36 20 14 6 46 41 11 34 13 2 5 39 35 23 16 37 9 42 30 28 48 26 3 15 12 21 29 25 22 43 18 38 32 27 24 19 8 45 7 17 40 1 4 44
8 35 29 28 2 11 21 32 41 33 10 14 39 23 4 15 24 44 3 12 27 16 1 46 34 38 17 26 37 22 7 5 36 40 30 20 47 45 9 48 13 25 42 31 19 43 18 6
5 17 38 32 40 29 35 25 39 14 7 8 15 4 9 11 48 33 45 34 10 37 21 23 46 20 36 41 16 31 6 27 19 30 26 1 24 13 28 44 12 3 47 2 42 18 22 43
34 18 21 19 22 37 8 23 6 3 1 39 4 44 2 9 41 10 43 35 30 31 38 40 36 42 5 29 46 32 47 7 26 20 15 33 14 17 45 24 16 13 11 12 27 28 25 48
12 43 24 20 48 32 11 34 7 42 37 15 28 19 13 45 33 18 38 36 4 5 16 21 31 35 14 1 6 8 23 46 41 29 47 25 10 9 40 30 44 17 2 3 22 26 27 39
35 19 44 41 18 42 33 45 2 9 46 29 10 40 15 16 23 11 4 24 32 22 48 14 43 31 28 27 17 39 38 34 8 47 20 5 26 37 25 36 1 6 12 30 21 3 13 7
28 32 7 17 21 2 22 39 34 5 6 35 18 13 37 1 25 19 30 26 41 27 4 29 44 3 23 10 48 9 42 33 45 8 38 24 40 11 12 43 14 15 16 20 31 36 47 46
46 31 28 22 3 40 43 42 23 12 39 26 38 10 25 27 17 14 16 32 1 24 47 44 6 19 2 11 7 36 33 48 18 9 13 34 21 35 30 15 41 4 5 8 29 37 45 20
16 40 4 14 1 15 31 7 19 27 34 33 32 18 6 22 21 25 26 20 29 35 9 13 17 41 38 24 36 5 37 8 43 2 45 48 12 28 46 23 3 10 44 39 47 30 42 11
41 26 2 6 44 14 37 4 5 19 23 40 30 36 22 7 28 3 25 18 17 16 29 39 42 12 21 13 38 24 9 32 15 33 27 45 34 20 48 46 31 43 35 10 8 11 1 47
26 2 11 38 33 36 6 31 15 8 30 44 34 1 16 40 22 39 20 13 43 47 17 5 32 45 24 4 35 12 3 14 25 18 9 42 7 48 27 28 46 37 29 41 10 23 21 19
18 23 13 7 12 21 10 24 48 2 32 37 31 17 14 35 30 4 8 19 38 33 5 34 47 44 15 22 9 27 26 45 6 36 41 3 20 46 29 25 11 1 40 42 28 43 39 16
29 14 41 31 7 3 30 37 38 6 40 25 42 33 23 5 1 9 11 27 12 28 43 19 22 18 16 36 26 4 10 47 34 21 46 44 13 32 15 20 24 2 17 48 45 8 35 39
9 10 48 12 46 34 27 22 32 14 21 41 26 45 28 4 13 35 36 29 6 1 23 3 20 17 8 38 2 18 11 24 39 42 7 40 15 16 43 37 19 44 25 47 30 31 5 33
27 1 15 33 26 7 9 16 44 40 31 36 21 29 24 8 32 22 5 10 19 11 12 48 14 13 41 43 28 42 35 20 17 34 3 2 38 47 18 45 25 39 37 46 4 6 23 30
21 48 34 10 4 30 7 12 18 38 20 42 25 9 33 14 5 6 27 43 26 15 3 11 19 29 31 35 1 45 13 16 44 28 24 46 39 36 47 40 23 8 22 32 41 2 37 17
32 37 3 24 5 23 25 48 28 45 29 20 35 8 39 2 15 1 14 40 47 10 44 7 4 46 12 17 11 13 16 42 30 22 6 27 36 41 31 21 34 33 19 18 26 38 9 43
37 12 26 11 31 44 42 46 35 36 15 27 24 25 3 10 45 40 19 5 28 30 6 32 33 1 9 34 29 14 20 22 16 23 4 21 18 38 8 39 2 41 48 43 17 7 47 13
25 45 8 27 6 39 36 18 16 44 38 10 22 47 17 24 46 48 2 21 31 41 30 20 13 5 40 14 23 11 19 28 33 37 12 7 4 3 1 9 43 42 26 29 35 32 34 15
22 41 46 23 15 26 5 33 9 28 42 48 6 7 27 34 36 45 39 14 10 19 2 12 11 30 4 8 25 47 44 37 29 13 40 16 43 21 24 38 18 35 1 31 32 17 20 3
39 33 19 16 29 46 34 1 45 17 22 28 36 26 18 25 42 38 9 2 21 32 40 31 37 14 48 7 5 30 24 15 47 41 35 43 11 12 3 8 4 23 20 27 44 13 10 6
15 16 32 19 25 48 2 21 14 24 9 38 20 11 26 29 7 47 13 4 36 8 28 6 3 27 34 44 18 46 41 23 1 35 31 12 5 10 39 17 33 30 45 42 43 40 22 37
30 19 40 32 37 10 17 28 26 18 25 9 11 21 47 23 44 5 3 45 22 46 41 8 29 34 13 20 4 33 48 31 42 12 43 14 35 2 38 1 7 36 6 39 16 27 15 24
40 43 39 25 42 5 16 14 33 41 3 31 8 32 21 36 18 46 12 7 20 29 24 2 38 37 22 48 30 34 45 26 4 10 11 23 28 19 6 13 17 47 27 15 1 9 35 44
11 4 17 45 27 18 26 19 25 22 13 5 29 24 36 44 8 16 46 31 40 48 14 43 34 28 10 23 42 1 2 38 3 6 32 9 37 15 20 35 47 7 21 30 39 41 33 12
47 44 18 21 38 4 3 17 20 42 45 23 43 48 34 6 19 13 1 11 37 39 35 25 28 24 32 40 8 2 14 30 10 7 5 36 22 31 16 41 27 12 9 33 15 26 29 46
48 35 37 30 32 19 13 27 12 9 28 24 17 39 20 33 3 41 45 44 34 25 15 40 1 10 11 5 43 16 8 4 46 31 36 26 2 29 22 7 21 18 47 6 38 14 42 23
23 3 5 13 8 25 40 47 4 48 10 1 12 41 44 43 16 17 6 33 7 42 11 15 30 9 37 45 24 39 27 19 28 38 14 34 29 22 35 2 26 32 46 20 18 21 31 36
33 38 23 44 9 35 32 5 31 10 34 18 47 42 8 13 12 37 29 41 24 6 22 27 26 4 1 25 39 43 21 40 11 3 16 20 30 7 36 14 48 46 15 17 2 28 45 19
1 47 30 2 24 16 39 15 29 25 18 43 48 5 12 35 9 20 37 19 8 38 36 46 41 22 6 32 45 3 34 10 40 27 26 4 17 23 7 42 28 31 33 11 13 44 21 14
14 9 1 41 23 28 29 40 37 39 8 13 45 27 10 32 2 30 47 17 16 7 19 42 24 26 35 18 44 22 15 5 31 4 48 38 25 33 21 3 36 34 43 46 6 12 11 20
44 17 35 47 28 31 18 32 8 37 12 38 1 6 42 26 10 29 43 15 3 20 16 45 7 23 30 2 34 48 36 25 21 14 40 39 33 24 46 11 9 22 13 41 19 5 4 27
42 27 47 38 40 13 1 44 30 16 43 12 37 22 21 3 26 31 41 25 15 17 45 35 8 7 33 39 20 32 46 18 9 11 2 5 23 34 19 6 29 24 10 14 48 4 36 28
36 41 14 20 43 11 28 34 10 1 24 16 19 3 46 29 38 7 32 22 33 18 39 4 48 21 45 31 15 25 6 17 5 44 47 13 8 40 37 12 42 9 23 2 35 30 27 26
7 14 16 28 10 12 45 6 38 11 23 22 3 46 43 40 24 15 17 26 39 13 47 30 18 33 20 37 35 8 5 27 29 25 21 31 19 1 9 4 32 41 42 44 36 34 2 48
31 36 43 1 38 27 22 20 14 23 16 17 33 34 41 8 40 2 15 47 29 5 25 28 46 32 18 6 3 21 30 11 7 39 9 35 48 44 45 19 10 42 12 26 24 37 13 4
45 40 46 37 48 41 20 36 13 3 39 6 5 31 22 14 28 24 21 34 18 35 7 23 16 38 27 26 33 42 17 29 32 43 10 19 44 9 11 47 15 4 30 8 12 1 25 2
11 32 12 36 17 8 24 9 33 4 19 30 29 14 20 28 46 42 23 6 41 37 48 44 39 2 43 3 16 27 47 38 13 15 31 1 26 45 40 22 35 25 18 21 34 10 5 7
10 28 40 8 22 17 30 46 45 29 48 21 39 37 33 42 34 43 7 12 11 47 4 1 2 35 25 41 27 31 32 9 24 19 20 6 16 14 26 38 5 15 36 13 44 23 3 18
4 26 36 42 30 43 35 8 24 33 46 14 44 19 27 5 23 38 31 39 13 29 32 21 25 16 3 18 10 9 7 15 34 40 45 48 6 17 2 28 22 37 11 12 47 20 41 1
48 23 18 35 45 33 14 25 34 19 47 13 21 16 7 36 41 32 38 20 27 44 17 26 40 43 42 30 6 5 2 46 22 1 12 24 31 37 28 10 15 11 8 4 9 3 39 29
25 8 9 22 46 18 16 13 21 20 11 32 34 2 39 19 14 28 4 24 38 31 42 29 36 40 17 48 47 15 35 41 1 5 30 37 27 6 12 44 10 26 7 3 23 33 43 45
6 7 45 14 34 42 5 11 9 43 38 31 46 29 10 30 35 21 24 16 23 3 27 36 12 20 26 1 19 4 44 28 15 17 22 33 47 13 25 18 8 39 2 37 41 48 40 32
38 39 1 5 2 20 34 10 6 7 37 19 11 8 18 12 31 13 15 30 4 33 21 14 47 28 44 29 32 23 42 43 25 26 3 45 41 46 27 48 40 36 35 16 22 24 17 9
33 45 39 17 42 26 2 21 19 12 13 28 14 30 36 16 22 29 20 35 44 18 9 5 43 11 47 27 38 40 8 31 41 24 15 10 34 48 4 46 7 3 32 1 37 25 23 6
3 34 43 46 19 37 13 14 5 27 6 4 8 11 24 22 21 26 29 2 9 23 1 41 35 42 40 7 17 45 28 20 31 16 44 25 10 39 30 15 36 33 38 48 32 18 12 47
17 16 4 13 33 39 19 23 2 32 30 5 15 7 14 21 47 22 1 36 45 41 40 24 11 8 28 38 26 10 37 34 3 25 46 42 12 27 48 20 6 35 44 9 43 29 18 31
34 21 27 43 29 15 33 12 20 8 7 39 25 9 16 6 30 31 26 14 35 22 5 37 23 48 41 2 40 24 4 36 17 46 28 18 32 42 13 45 19 47 3 10 1 38 44 11
1 33 5 34 27 21 8 41 25 38 40 2 20 43 47 17 6 16 44 31 19 48 37 13 42 46 36 10 22 28 9 45 26 30 39 15 14 35 23 24 3 18 29 7 4 11 32 12
24 43 14 29 3 6 25 1 16 5 26 47 36 35 44 41 33 19 42 48 17 21 15 2 9 45 38 8 18 7 23 37 39 4 27 11 40 20 34 13 30 12 31 32 28 22 46 10
26 1 19 45 21 34 37 30 47 40 36 6 42 17 28 39 8 35 48 33 14 4 29 18 44 32 24 9 12 13 15 16 7 43 11 22 38 31 5 23 27 10 41 2 25 46 20 3
36 31 17 21 44 5 27 37 39 13 42 48 28 32 23 45 18 40 6 7 26 11 46 34 22 2 20 24 1 12 14 35 19 15 41 47 33 25 10 30 9 8 4 3 16 43 29 38
5 25 13 28 39 24 9 31 41 30 35 27 23 10 26 34 36 15 12 46 48 32 11 22 19 3 33 14 8 17 45 42 37 7 38 29 20 21 43 2 18 6 16 4 40 47 1 44
15 42 6 48 47 10 31 24 22 41 21 35 32 20 45 4 17 7 13 8 12 27 36 19 1 43 18 46 5 11 38 23 16 39 34 30 25 28 33 40 44 29 14 37 26 9 3 2
22 20 16 6 36 48 21 4 26 18 32 37 27 23 8 2 7 5 9 40 15 28 34 12 38 10 13 35 11 25 31 14 33 44 19 41 39 29 42 3 43 17 1 47 46 24 30 45
12 13 37 5 26 3 36 22 10 11 17 16 35 40 34 23 39 32 30 28 46 19 38 31 14 27 4 43 29 20 41 24 42 6 25 15 21 8 9 1 47 7 18 44 45 33 2 48
14 22 24 16 10 29 11 6 23 34 9 18 3 25 40 44 45 4 5 38 30 8 28 43 20 19 7 31 48 41 12 47 32 13 35 46 2 26 21 36 17 1 15 33 27 42 39 37
23 30 20 35 7 40 46 18 17 26 22 34 13 38 6 25 5 9 2 27 19 16 12 11 32 44 21 4 15 14 48 39 47 1 24 37 42 43 29 8 41 45 36 31 3 10 33 28
40 46 22 2 15 7 38 35 43 10 47 20 12 21 30 18 48 3 32 11 28 6 14 39 31 41 1 34 44 19 29 13 4 5 16 45 9 33 37 25 42 23 24 26 17 8 27 36
32 48 34 9 28 38 7 30 15 19 31 23 10 44 17 11 13 8 39 1 20 2 33 36 45 37 14 6 3 18 25 26 5 41 4 22 43 12 16 47 46 21 27 29 42 40 24 35
35 9 11 23 12 14 41 17 44 28 29 8 6 45 4 13 42 47 25 37 43 1 24 26 18 7 5 16 46 36 3 22 2 10 48 40 31 32 30 33 34 19 20 21 38 39 15 27
39 29 8 36 32 41 6 45 35 3 1 42 22 24 37 15 25 2 16 13 33 46 43 48 17 21 23 12 14 47 19 4 9 31 5 10 28 18 20 27 38 44 40 7 30 34 11 26
44 12 35 22 20 11 29 34 4 1 41 9 30 47 3 27 37 17 46 21 32 39 2 15 33 5 48 25 42 26 6 7 45 19 43 31 24 38 14 10 28 40 13 16 18 36 8 23
21 2 41 25 23 13 3 39 42 47 33 45 26 4 48 9 1 46 17 43 30 24 7 19 28 14 6 22 37 5 27 8 44 34 36 11 29 40 38 12 32 16 10 18 15 31 35 20
42 38 23 37 1 44 10 16 28 9 40 41 17 26 2 46 32 39 7 29 35 25 19 30 27 31 34 20 43 45 21 33 36 47 18 24 8 15 6 4 11 13 5 12 14 3 48 22
41 18 28 20 37 46 19 36 31 39 3 1 38 48 15 43 35 44 17 32 27 42 22 24 4 34 45 23 9 30 26 16 10 29 8 33 13 2 12 11 25 14 47 6 21 5 40 7
27 19 44 7 43 31 9 42 48 40 37 3 4 16 34 33 17 45 30 26 47 38 23 14 29 24 10 5 25 28 13 32 20 12 36 6 11 35 2 41 21 39 22 15 8 1 46 18
29 44 47 1 8 32 22 15 18 12 19 35 43 33 45 10 36 48 11 20 39 7 40 3 9 23 17 13 28 31 24 25 14 38 2 30 41 34 5 6 16 26 21 27 37 46 42 4
47 18 32 34 40 28 38 48 12 20 3 30 31 26 39 17 22 10 8 16 7 13 25 2 19 29 43 15 36 4 14 27 11 21 6 42 44 37 1 24 33 35 23 9 41 45 5 46
41 7 18 20 21 34 31 28 32 25 26 24 1 5 9 39 4 35 23 22 3 15 27 45 16 36 11 14 10 2 33 42 8 38 19 13 46 47 40 44 29 17 30 43 6 48 37 12
8 31 29 32 18 21 11 27 26 30 14 45 19 4 23 36 12 40 35 38 16 22 39 5 13 33 9 3 25 43 2 20 6 34 10 7 47 44 46 42 24 48 17 1 28 37 41 15
20 15 30 12 23 19 3 33 22 4 42 41 5 43 25 7 18 27 44 6 14 37 21 16 36 13 2 8 24 35 47 17 28 9 34 46 29 31 39 40 11 32 45 48 10 26 38 1
10 8 19 7 3 20 36 9 21 2 24 29 23 15 12 38 33 14 45 35 41 26 17 47 4 16 32 22 27 37 5 28 48 11 39 44 40 25 6 18 1 30 42 13 46 31 34 43
37 23 15 14 13 27 5 22 18 16 11 10 4 17 7 34 31 28 3 30 25 21 32 41 12 33 6 24 9 42 26 44 46 35 2 47 36 1 45 39 48 43 19 8 40 20 29 38
9 36 23 19 27 25 16 28 42 22 35 48 20 13 2 26 8 39 4 10 40 15 3 21 44 1 34 11 45 17 38 18 29 47 12 5 14 24 7 32 37 41 31 46 6 30 43 33
22 46 14 17 25 6 20 15 11 42 8 12 28 3 18 9 10 16 19 5 21 31 37 4 2 24 27 13 43 7 45 48 44 29 30 1 34 40 47 23 35 38 26 39 33 41 36 32
29 22 9 33 6 5 28 42 12 14 15 32 17 18 10 16 41 43 11 34 45 24 20 1 3 4 44 40 39 13 21 35 8 30 47 23 48 26 38 37 31 46 7 2 36 27 25 19
7 40 42 44 8 13 21 20 9 27 12 17 38 2 15 47 6 22 24 31 37 4 16 25 48 30 11 45 33 1 46 19 10 3 14 18 5 28 36 43 26 34 41 35 39 23 32 29
24 4 5 8 19 28 14 33 46 31 16 15 36 27 13 3 7 21 43 18 6 25 1 44 29 9 45 17 47 48 23 10 38 42 40 11 37 41 34 35 32 2 12 20 26 22 30 39
28 10 12 42 9 2 17 41 37 5 20 25 21 34 43 22 19 6 8 48 1 13 47 23 7 45 3 44 4 11 16 46 39 40 38 35 26 15 27 14 30 36 33 32 29 18 31 24
42 43 44 27 5 47 34 16 28 17 10 22 31 6 36 30 15 1 37 29 4 48 38 8 24 14 12 46 32 40 39 45 7 26 35 2 13 3 11 19 33 18 9 41 21 25 23 20
26 34 41 30 4 38 8 32 7 44 23 21 47 40 5 43 1 24 31 45 48 3 9 18 46 17 10 20 16 15 35 33 36 37 11 39 27 2 19 12 22 29 6 42 25 13 28 14
8 45 28 25 24 4 18 19 29 15 27 3 26 39 32 1 16 44 48 47 46 7 11 13 40 35 42 10 37 12 34 41 20 33 6 36 38 21 2 30 5 31 43 14 23 17 9 22
31 33 17 37 34 12 27 5 25 7 30 2 45 1 40 41 3 48 47 4 44 35 15 6 42 46 38 39 23 10 36 43 11 8 32 9 19 29 26 21 16 13 14 24 22 28 20 18
40 30 39 11 2 44 26 25 32 37 18 1 35 48 47 19 43 45 42 15 36 5 46 7 38 20 31 9 13 24 27 34 6 28 41 33 12 23 3 22 29 8 10 4 16 14 21 17
16 37 3 31 36 32 42 40 41 38 33 47 1 46 44 48 2 20 14 43 5 11 45 28 39 34 35 30 19 23 13 8 26 24 22 27 6 9 4 17 25 10 29 18 15 21 12 7
18 41 26 3 44 31 43 1 34 24 38 36 39 33 48 45 32 25 7 46 23 47 42 20 35 40 37 5 30 29 15 9 22 17 27 13 8 10 28 11 21 12 2 6 14 4 19 16
46 38 32 1 45 36 2 48 47 23 39 33 43 35 28 24 14 30 21 40 26 44 41 42 34 31 8 37 6 27 9 5 19 22 17 29 11 20 25 7 10 16 4 3 13 12 18 15
27 3 45 29 47 18 1 36 16 48 25 43 34 31 42 46 39 41 40 17 38 20 44 32 14 26 30 35 2 5 33 37 28 12 21 6 23 19 24 13 4 7 8 15 9 11 22 10
36 39 1 45 43 40 37 29 48 47 28 19 24 30 41 33 20 46 38 44 17 42 5 22 27 18 15 26 34 16 32 31 21 14 7 25 10 8 23 9 2 11 35 12 4 6 13 3
1 2 36 47 26 48 45 39 19 33 43 44 37 38 46 12 40 42 41 24 31 10 29 34 28 23 22 32 35 21 20 30 13 27 8 3 15 16 18 4 14 6 25 11 7 5 17 9
21 42 47 48 1 46 25 43 39 45 36 31 33 41 24 40 44 37 27 32 34 17 35 29 22 38 26 23 28 9 30 11 14 20 18 19 16 7 15 6 12 3 5 10 8 2 4 13
47 1 48 41 39 33 46 44 31 43 45 40 42 28 26 32 30 19 20 25 18 38 34 27 37 29 36 15 22 8 11 14 35 21 13 24 7 6 12 5 23 9 16 17 2 3 10 4
