1319 1167 1004 919 900 842 624 604 461 356 302 285 214 181 123 110 99 90 82 46 46 37 33 32 25 21 16 9 9 8 8 7 4 3 3 3 2 2 1 1 1 1
3 8 9 2 4 7 1 5 6
5 9 8 3 2 6 4 7 1
9 7 1 8 6 5 2 4 3
7 8 6 4 1 3 5 2 9
8 4 2 6 3 9 7 1 5
6 1 3 5 7 8 2 9 4
4 2 5 7 9 1 3 6 8
3 9 1 2 8 4 6 5 7
5 3 7 9 6 2 4 8 1
7 1 4 9 5 6 8 3 2
2 7 5 6 4 9 1 8 3
8 5 7 1 2 3 9 4 6
9 8 4 3 1 5 6 7 2
1 7 6 4 9 2 8 3 5
3 6 1 4 9 8 5 2 7
3 4 9 1 5 6 7 8 2
4 6 2 9 3 8 1 5 7
2 4 7 5 6 1 3 9 8
9 8 1 7 4 6 2 3 5
7 8 4 2 1 9 5 6 3
7 5 9 3 8 2 4 6 1
4 6 2 7 5 9 1 8 3
2 4 6 1 7 3 9 5 8
1 9 3 5 4 8 7 6 2
4 6 7 9 3 5 2 8 1
7 9 4 1 2 6 5 3 8
4 8 5 7 1 2 3 9 6
1 4 5 7 9 8 6 2 3
5 7 9 3 6 8 4 2 1
2 4 1 9 7 3 6 5 8
7 5 9 1 3 2 4 8 6
2 8 3 7 9 5 4 6 1
1 7 4 3 5 9 6 2 8
7 4 1 9 2 8 5 6 3
1 7 9 5 2 3 6 8 4
1 8 7 3 6 9 5 4 2
9 4 3 5 1 8 7 2 6
7 8 6 1 3 5 2 9 4
9 8 1 5 7 6 2 4 3
4 9 3 7 5 2 6 8 1
9 4 1 3 7 2 5 8 6
7 8 4 9 5 6 1 2 3
