9103 7674 7682 7640 6639 5905 6025 5821 5126 4369 3689 2940 3062 2740 2284 1732 1938 1744 1390 1532 1222 1097 1067 959 869 736 723 417 462 405 407 337 295 243 198 175 142 130 125 123 87 94 84 81 63 50 53 47 36 28 25 25 19 21 15 15 12 10 10 8 7 6 6 5 4 3 3 2 2 2 2 1 1 1 1 1 1 1 1
2 5 4 1 13 11 7 10 9 3 8 12 14 6
9 1 11 12 5 6 14 13 4 10 2 3 7 8
4 12 9 11 6 2 13 1 14 7 3 8 5 10
7 6 14 8 11 12 9 2 3 1 13 4 10 5
11 2 10 9 12 4 3 7 6 8 5 14 1 13
3 4 5 6 9 8 1 12 2 11 7 10 13 14
6 13 3 7 14 10 12 11 5 2 4 1 8 9
10 9 6 1 8 7 5 3 13 14 2 11 12 4
14 11 1 3 7 13 8 5 10 4 12 9 6 2
5 3 2 14 10 1 6 8 12 13 9 7 4 11
13 7 8 10 2 5 4 14 1 9 6 3 11 12
8 10 7 13 5 3 2 4 11 12 14 6 9 1
12 5 13 2 4 11 10 9 7 6 8 14 1 3
1 14 12 4 13 9 11 6 7 3 10 5 2 8
8 4 14 12 6 2 1 10 9 5 11 13 3 7
12 8 11 13 3 14 5 2 4 9 1 6 7 10
7 2 8 10 1 3 12 9 11 14 6 4 5 13
3 1 10 2 12 5 7 8 6 4 9 13 11 14
4 6 2 7 14 9 10 1 8 11 3 12 13 5
5 8 4 13 9 14 3 6 12 7 1 2 10 11
13 11 5 6 14 2 4 7 1 3 10 8 9 12
6 7 9 3 11 10 2 12 14 13 5 1 4 8
9 13 1 12 3 11 14 5 4 2 8 7 6 10
8 9 6 5 12 1 11 4 2 10 14 3 7 13
11 1 7 14 9 5 6 10 13 8 12 4 2 3
12 10 11 1 6 9 8 5 3 4 7 14 13 2
10 3 13 2 7 6 1 11 9 12 4 8 14 5
14 2 9 10 11 7 4 12 8 5 13 6 3 1
7 14 3 5 1 2 9 10 8 11 6 13 12 4
4 8 12 10 3 7 2 11 13 1 5 6 9 14
13 12 4 3 11 8 6 7 14 9 10 5 2 1
5 10 8 9 13 14 11 1 6 2 7 12 4 3
1 3 2 14 4 12 8 10 11 6 13 9 5 7
8 11 5 7 6 14 10 12 1 13 4 9 3 2
11 12 6 1 8 7 14 4 9 10 3 2 13 5
1 13 9 10 7 11 4 3 5 14 2 6 8 12
3 2 1 4 12 8 5 9 6 11 14 13 7 10
12 10 3 13 8 9 6 11 2 14 1 7 5 4
5 11 10 12 14 3 9 4 2 1 6 8 7 13
11 8 12 4 9 10 3 1 5 13 14 2 6 7
9 4 8 10 2 11 7 3 1 6 5 12 14 13
10 7 5 6 1 12 14 8 11 9 2 13 4 3
3 11 14 7 6 9 10 12 13 4 1 5 8 2
6 14 3 5 1 13 2 11 9 10 7 8 12 4
4 13 2 1 14 11 8 9 6 7 5 12 3 10
14 4 6 13 2 12 9 5 8 11 3 7 10 1
4 2 1 13 9 14 7 11 3 12 10 6 5 8
11 10 8 5 4 7 13 12 1 2 9 14 3 6
13 9 10 12 7 3 1 6 14 11 2 4 8 5
13 8 9 2 6 12 14 3 4 7 1 5 10 11
3 5 10 6 9 8 4 7 11 1 12 2 13 14
1 13 4 9 8 5 10 3 2 6 14 7 12 11
9 11 14 10 7 2 8 1 3 13 6 12 4 5
9 7 12 4 2 11 13 10 5 8 3 6 14 1
6 9 5 14 12 7 1 8 2 11 4 3 13 10
10 14 9 7 6 3 11 5 4 2 1 13 12 8
1 10 8 6 4 13 9 12 11 14 7 2 5 3
13 11 3 2 6 9 4 8 1 12 10 5 7 14
3 5 2 9 12 7 13 1 8 11 6 14 10 4
14 8 4 12 1 2 11 5 13 7 10 3 9 6
6 1 14 5 7 10 8 4 2 13 3 12 9 11
8 7 3 10 9 13 14 11 4 1 12 6 2 5
9 11 13 1 14 8 4 6 3 12 2 7 5 10
11 13 1 2 4 9 3 7 5 14 6 12 10 8
1 8 12 4 2 10 6 9 13 11 14 5 7 3
10 9 6 12 11 5 13 8 1 7 3 4 2 14
6 1 9 7 12 2 14 3 11 10 5 8 13 4
3 2 5 9 14 8 1 12 13 4 7 6 10 11
10 7 8 6 9 14 3 11 2 13 5 4 12 1
14 1 4 13 11 5 9 12 8 10 7 2 6 3
8 13 5 12 7 11 6 9 1 4 10 3 2 14
13 11 4 7 8 9 1 10 2 14 3 12 5 6
3 14 12 2 9 10 11 6 8 13 1 5 7 4
11 9 6 10 8 13 1 12 14 4 2 7 3 5
14 8 4 6 9 2 10 3 11 12 5 7 13 1
13 14 3 4 1 10 9 8 11 2 7 6 12 5
6 11 13 9 14 8 3 7 2 1 12 5 10 4
11 9 14 1 2 3 7 10 13 8 4 12 5 6
10 2 1 5 12 14 11 6 3 7 13 4 9 8
