10388 9108 8920 7135 6884 6620 5616 5257 5286 4835 2997 2866 2432 2720 2392 2012 1912 1533 1490 1092 1220 888 851 659 669 460 508 372 358 331 279 257 184 160 180 130 141 123 95 99 79 65 45 42 42 43 28 25 25 24 19 16 13 13 9 7 7 6 5 4 4 3 3 2 2 2 2 1 1 1 1 1 1
8 12 9 1 13 3 4 7 6 11 10 2 5
13 2 6 7 1 5 10 3 4 12 9 11 8
4 3 7 9 11 13 2 12 1 5 8 10 6
1 6 3 5 4 12 8 10 2 7 11 13 9
3 4 10 12 8 11 9 5 13 1 6 7 2
7 8 5 13 6 4 3 11 10 9 2 1 12
6 13 11 2 3 9 7 1 8 4 5 12 10
5 9 13 3 10 1 11 2 12 8 4 6 7
2 1 4 10 7 8 6 13 9 3 12 5 11
12 10 1 4 2 7 5 9 11 6 13 8 3
10 7 2 11 9 6 12 4 5 13 8 3 1
11 9 12 1 5 10 8 6 3 2 7 4 13
10 11 5 6 12 2 13 8 7 1 3 9 4
9 7 3 2 13 10 12 4 5 11 1 6 8
13 10 8 11 9 6 1 3 7 12 2 5 4
11 3 13 7 5 2 9 6 4 10 8 12 1
5 13 11 10 1 12 6 8 2 4 3 7 9
6 8 10 13 12 1 11 5 3 9 7 4 2
8 6 9 3 4 11 7 12 2 5 10 1 13
12 4 2 5 11 3 8 10 1 6 9 13 7
11 1 8 4 10 13 3 6 12 7 5 9 2
3 5 4 8 7 9 10 11 6 2 13 12 1
10 4 7 12 6 5 1 13 11 9 2 8 3
6 11 13 2 12 7 5 1 9 4 10 3 8
1 8 10 7 3 12 13 2 6 11 9 4 5
9 11 3 1 8 6 2 5 4 7 12 13 10
8 5 1 13 4 10 6 12 11 2 7 3 9
13 3 11 9 1 2 5 10 7 12 8 6 4
5 8 2 10 13 9 3 4 7 6 1 12 11
3 4 9 1 12 7 10 8 5 6 2 11 13
7 1 5 2 8 4 11 6 3 9 12 13 10
1 13 12 6 2 5 8 3 4 10 7 9 11
12 7 3 5 1 6 13 11 9 2 4 10 8
4 11 10 9 6 12 7 2 13 5 8 1 3
2 6 3 12 10 4 9 11 1 7 5 8 13
12 10 4 8 13 2 1 3 11 5 7 6 9
3 5 13 4 11 8 1 7 6 12 9 2 10
11 3 1 7 8 6 2 13 9 10 12 5 4
13 8 5 6 12 10 9 1 2 11 3 4 7
8 2 11 12 1 9 4 6 13 7 10 3 5
4 3 2 5 11 13 7 8 10 12 1 6 9
10 7 12 9 13 2 11 4 5 6 3 1 8
7 4 5 1 9 12 6 10 11 2 13 8 3
6 11 9 8 7 12 13 2 4 5 10 1 3
5 4 13 12 6 10 8 1 3 2 7 9 11
7 10 11 3 12 5 6 4 1 9 8 13 2
2 6 12 13 9 4 3 8 7 11 1 10 5
1 3 9 5 7 13 4 10 2 6 12 11 8
10 11 4 5 1 2 8 13 12 9 3 6 7
9 5 2 6 10 12 7 8 13 11 1 4 3
5 6 1 9 4 8 13 3 10 12 7 2 11
11 8 13 1 12 5 6 10 3 7 2 9 4
6 7 2 8 9 4 1 3 12 10 13 11 5
4 8 11 13 1 12 3 10 2 5 9 6 7
11 3 5 2 8 7 1 13 4 6 10 12 9
2 3 12 7 6 13 4 1 5 9 10 11 8
1 2 5 8 12 10 13 6 11 7 9 3 4
8 10 9 1 6 7 13 2 3 11 12 4 5
3 5 12 7 9 8 4 6 1 10 13 2 11
5 7 1 13 4 10 3 11 12 6 8 2 9
7 2 9 6 8 12 1 13 4 5 10 11 3
2 3 4 5 6 13 11 1 10 9 8 12 7
6 10 9 8 1 5 4 2 7 12 13 3 11
8 13 12 1 9 2 3 11 6 10 7 5 4
3 13 4 7 12 6 11 8 1 10 2 5 9
5 7 1 12 6 10 3 4 13 11 2 9 8
10 2 12 9 8 4 13 3 6 7 1 5 11
1 4 5 2 10 7 11 8 9 6 12 13 3
13 7 3 5 1 2 8 6 10 11 9 12 4
1 4 9 5 6 12 11 2 10 7 13 3 8
5 3 11 7 12 8 1 13 9 6 10 2 4
13 10 5 1 9 6 8 11 2 12 7 4 3
9 11 3 2 10 13 4 1 12 5 8 6 7
