0.21094647753541973 0.14648413039310246 0.13711646795852123 0.10337153600035527 0.05349007095815067 0.062405003191841474 0.03920830663635734 0.04909187720069524 0.047694655273272615 0.023119629178549317 0.03728378778303987 0.010215842353147946 0.019976057861018956 0.02075681329099592 0.016393641508661926 0.006718324003323978 0.011226155351655004 0.0045012235218912285
5 4 6 3 1 2
1 2 5 6 4 3
4 1 3 5 2 6
6 4 1 2 3 5
3 6 4 1 5 2
2 3 4 5 6 1
6 5 1 4 3 2
2 1 4 6 5 3
1 6 5 4 2 3
1 3 2 5 4 6
5 1 4 6 3 2
5 3 1 2 6 4
1 4 3 6 5 2
3 6 1 5 4 2
4 3 5 2 1 6
1 5 4 2 6 3
1 4 6 5 2 3
4 2 1 3 5 6
