0.2902564774696079 0.14347269273792745 0.16766713158707397 0.14304004693354425 0.029656391142089397 0.03191862853985266 0.022781191696180078 0.007487222063010894 0.07239619042931611 0.027514609554225408 0.03246303124668983 0.020709033735232515 0.006673927643259661 0.003963425221989838
7 5 4 1 6 2 3 8
4 7 3 1 5 8 2 6
3 2 4 6 7 1 5 8
5 6 3 2 7 1 4 8
3 5 4 7 2 8 1 6
1 7 2 4 5 8 6 3
5 4 7 1 3 8 2 6
6 4 3 7 8 1 5 2
3 7 4 1 5 8 2 6
7 5 3 4 8 1 2 6
1 4 3 7 2 8 5 6
6 7 3 1 5 2 4 8
7 5 2 1 3 8 4 6
5 2 4 7 8 1 6 3
