30112 23895 11417 6525 6651 4908 3637 3637 2054 1695 1471 1125 834 688 272 272 165 146 107 126 107 59 39 20 19 19
10 1 6 11 8 7 4 2 3 5 9
8 10 7 1 2 3 4 11 5 6 9
1 6 7 8 9 3 11 10 2 4 5
1 10 2 6 5 4 7 9 3 8 11
9 10 5 3 7 4 6 11 8 2 1
4 3 7 6 10 5 8 1 9 11 2
10 4 2 8 6 1 11 3 7 9 5
1 11 9 3 5 7 10 2 8 6 4
4 10 6 9 1 3 11 8 7 5 2
10 6 8 5 1 4 3 11 2 7 9
4 3 7 6 10 5 8 1 2 9 11
1 6 2 8 7 3 5 4 10 9 11
8 4 9 11 6 7 10 3 2 5 1
4 10 6 9 1 3 11 8 7 2 5
1 10 7 6 5 4 11 3 2 8 9
1 4 8 11 6 7 10 9 3 2 5
8 10 9 5 6 4 3 1 2 7 11
10 6 7 9 1 4 11 3 2 8 5
4 6 7 5 1 3 10 8 2 9 11
10 4 6 8 1 7 11 9 3 2 5
8 10 9 6 5 4 3 1 2 7 11
8 6 9 11 7 3 5 4 10 2 1
1 4 7 6 5 3 10 8 2 9 11
4 10 6 8 1 7 11 9 3 2 5
8 10 7 6 1 4 11 9 3 2 5
4 6 9 11 5 7 10 3 2 8 1
