26447 24965 24173 24028 23610 23698 23946 23095 22086 22021 21780 22175 21921 21498 21700 21358 21126 20787 20575 19796 19661 19999 19605 19405 19293 18839 18466 18534 17873 17815 17651 17506 17323 16919 16920 16462 15208 16008 15133 14838 14272 14359 14050 13323 11781 10576 7216 4155 4391 4242 3340 3129 2697 2914 2400 2704 2571 2450 2474 2436 2277 2422 2258 2070 2097 2088 1944 1999 1813 1852 1732 1780 1600 1722 1603 1553 1492 1482 1471 1426 1198 1338 1285 1182 1170 1070 1124 1023 960 923 954 888 835 752 751 726 643 612 571 504 521 484 469 467 434 437 392 414 403 377 368 360 348 340 343 337 301 310 269 278 286 275 262 267 248 234 230 218 209 206 200 178 191 180 160 160 161 146 134 135 124 122 119 110 115 97 96 94 87 87 87 81 78 71 75 70 65 67 64 63 59 55 54 51 50 49 46 48 45 40 41 41 35 37 35 33 33 33 30 29 27 26 26 25 22 24 20 20 19 19 19 18 18 17 14 15 14 13 14 13 13 13 12 12 12 10 11 10 10 10 10 10 9 9 8 8 8 8 7 7 7 6 6 6 5 5 5 5 5 5 4 4 4 4 4 3 3 3 3 3 3 3 3 2 2 2 2 2 2 2 2 2 2 2 2 2 2 1 1 1 1 1 1 1 1 1 1 1 1 1 1 1 1 1 1 1 1 1 1 1 1 1 1 1 1 1 1 1 1
20 6 33 39 5 47 24 41 11 1 30 32 16 17 23 46 28 48 29 26 44 40 10 37 14 7 3 4 9 27 42 22 38 18 12 2 31 36 19 21 45 8 43 13 35 15 34 25
28 3 21 19 30 9 8 39 43 33 27 41 35 1 24 5 18 42 44 47 29 14 31 12 16 26 34 20 40 2 15 45 25 6 23 7 46 32 37 11 4 22 13 10 48 17 38 36
40 16 23 25 10 1 21 18 9 2 35 3 5 33 8 38 15 31 32 7 46 45 41 26 4 14 6 19 28 20 44 34 37 39 17 11 29 48 42 36 27 43 22 24 12 13 47 30
13 33 47 11 40 35 27 4 8 9 17 1 10 14 12 43 23 7 37 24 6 22 19 28 48 41 38 30 5 42 20 15 29 3 18 25 36 39 45 31 32 21 34 26 16 2 46 44
15 42 10 1 36 23 3 33 18 45 22 27 20 26 34 13 35 17 8 12 39 31 46 32 28 5 2 11 30 25 24 14 16 7 47 19 41 4 29 37 40 9 38 44 6 48 43 21
38 25 45 34 11 15 13 47 28 16 12 30 39 24 6 10 41 23 9 37 18 19 35 42 33 1 31 7 3 36 4 44 43 46 27 32 40 20 48 8 2 17 26 21 5 22 29 14
30 32 44 28 7 43 41 27 15 10 3 38 36 25 37 33 48 21 4 8 45 17 40 11 18 35 22 12 13 31 6 1 2 20 29 5 39 42 14 16 47 19 24 46 34 9 26 23
32 2 14 35 29 11 25 31 34 20 48 19 9 47 36 40 4 3 27 44 8 1 23 24 5 17 7 21 39 6 26 37 28 42 33 12 43 16 30 38 22 15 41 18 13 10 45 46
24 9 7 47 4 8 40 45 6 22 18 25 33 37 46 3 31 26 11 41 12 5 13 30 17 28 44 32 23 38 29 20 19 34 16 10 15 35 1 2 43 48 14 39 21 36 42 27
7 45 16 14 25 32 43 35 17 27 26 29 46 18 33 9 13 8 34 15 5 11 39 10 1 31 41 44 20 21 36 30 3 4 19 42 23 24 47 22 48 12 37 40 2 28 6 38
6 5 26 9 35 36 17 40 45 38 10 14 3 41 15 23 16 4 19 39 20 12 28 48 27 42 47 37 24 29 33 7 32 30 43 18 8 46 2 44 25 13 21 34 1 11 22 31
14 34 8 38 13 39 31 36 29 5 19 45 48 46 1 47 6 2 18 42 30 20 43 7 32 15 17 25 21 23 11 40 9 41 28 37 10 12 3 24 44 4 35 16 26 27 33 22
21 38 2 20 27 45 29 34 25 47 24 8 18 4 30 14 46 32 48 3 17 7 11 43 31 33 23 16 6 40 19 10 22 28 5 39 35 13 15 26 1 41 44 42 36 12 9 37
35 15 42 21 1 18 47 2 5 12 23 46 13 48 9 32 25 16 10 29 24 27 4 45 7 39 14 31 34 44 43 3 30 11 20 38 28 37 36 6 33 40 19 22 8 41 17 26
23 20 48 40 43 42 44 22 32 14 11 9 24 12 10 21 29 34 15 33 47 8 27 46 39 37 4 13 26 16 18 38 1 45 35 6 19 3 5 28 7 31 36 30 17 25 2 41
46 4 38 17 47 48 14 5 21 18 16 40 7 35 3 44 11 12 28 27 42 23 6 8 43 45 26 24 19 39 13 33 10 15 1 31 2 22 41 9 29 36 32 25 37 30 20 34
45 14 30 44 37 2 39 26 13 21 1 22 4 23 32 28 24 25 42 17 36 18 34 31 9 47 35 3 29 5 46 8 12 48 41 27 20 10 38 40 19 16 11 7 33 6 15 43
16 10 12 24 46 29 36 30 42 17 32 26 38 2 44 11 40 9 43 28 34 47 7 21 35 3 18 33 4 15 5 25 48 1 22 23 27 45 31 39 13 20 6 37 41 14 8 19
26 28 41 15 22 34 48 14 36 7 13 2 1 3 45 4 5 29 30 46 43 9 12 38 25 18 24 39 17 33 47 6 42 23 31 44 32 27 35 10 21 37 16 20 19 8 11 40
33 31 20 37 41 4 7 32 38 35 36 34 26 9 17 1 27 11 3 6 19 2 22 39 40 25 45 46 43 13 10 18 44 5 24 15 42 21 16 47 8 14 12 48 29 23 30 28
2 43 11 10 44 40 28 38 39 41 7 23 8 21 29 17 30 1 20 14 33 6 48 4 34 12 37 27 31 22 35 9 5 47 36 26 3 19 32 13 24 46 25 45 18 42 16 15
19 44 39 41 12 22 35 25 14 24 2 20 43 6 47 16 7 13 40 30 11 21 15 3 42 4 5 38 33 37 45 23 18 10 32 8 48 26 46 1 36 34 31 28 9 29 27 17
1 21 17 27 23 46 2 43 48 34 28 4 44 42 5 25 22 35 38 20 15 3 37 14 45 13 16 6 32 24 41 19 8 31 40 36 26 7 10 29 9 18 33 47 30 39 12 11
31 13 18 36 3 21 34 10 41 4 45 7 19 29 28 24 12 47 17 43 32 30 16 9 22 38 25 42 44 14 48 26 23 27 15 40 37 2 20 35 39 11 8 33 46 1 5 6
12 35 31 18 17 14 19 3 22 43 4 39 28 27 26 8 45 41 6 40 10 37 42 1 44 2 32 5 15 48 16 47 20 38 25 46 9 30 33 7 34 23 29 36 11 21 13 24
29 19 15 12 24 10 20 11 47 3 6 37 40 30 4 39 38 36 33 31 28 42 18 17 23 16 48 43 46 34 22 35 27 26 45 14 5 44 8 25 41 2 9 1 32 7 21 13
4 40 46 30 9 7 38 42 3 39 29 28 14 45 41 15 17 18 13 1 27 43 8 22 36 23 11 47 35 10 32 5 24 37 21 48 6 34 25 19 26 33 2 12 44 16 31 20
48 12 35 22 42 5 1 28 16 23 21 11 27 34 20 18 37 10 2 32 25 38 44 13 47 46 29 26 8 3 40 31 36 14 6 43 4 41 17 33 15 30 7 9 39 24 19 45
22 47 37 3 18 30 5 24 40 29 38 44 32 15 16 27 26 43 12 36 35 39 25 19 46 11 1 14 48 7 21 4 17 9 10 41 34 31 13 20 42 6 45 2 28 33 23 8
17 41 1 42 15 25 12 6 33 26 8 24 22 7 2 48 20 27 31 11 38 46 47 36 13 21 19 34 10 32 28 16 14 29 30 4 18 43 23 45 37 39 5 35 40 3 44 9
44 30 9 8 33 37 45 48 27 19 39 13 41 40 11 7 42 14 16 21 1 32 36 20 6 34 46 10 22 43 38 29 31 25 2 28 17 47 18 15 35 26 4 3 23 5 24 12
42 48 34 13 19 41 4 16 20 36 15 18 12 8 21 45 32 6 25 9 14 26 3 5 37 24 10 17 11 30 31 39 35 2 46 22 47 40 43 23 28 7 27 29 38 44 1 33
37 26 19 45 48 27 11 13 46 44 25 43 2 31 42 20 9 24 23 38 22 41 32 33 8 40 30 29 14 18 1 36 34 16 7 35 12 28 21 4 17 3 15 6 10 47 39 5
47 39 6 48 31 33 30 12 1 42 9 36 45 43 35 22 19 5 14 2 4 28 29 16 21 44 20 40 37 46 23 32 13 17 8 34 24 15 11 41 10 38 3 27 25 26 18 7
9 18 43 16 6 20 26 7 10 40 44 48 23 28 25 35 2 46 21 4 37 24 5 29 12 8 27 45 36 1 34 41 33 13 38 17 30 14 22 42 31 47 39 11 15 19 32 3
43 22 24 29 20 38 23 9 12 6 5 35 30 13 39 31 36 45 47 19 2 16 33 34 11 32 15 41 1 28 7 27 40 44 48 21 25 17 26 18 46 42 10 8 14 37 3 4
41 27 5 33 8 16 46 23 19 13 37 15 17 32 48 36 10 40 26 22 3 29 24 25 20 30 9 2 38 45 39 21 11 12 44 47 1 18 7 34 6 35 28 43 31 4 14 42
11 37 25 4 32 13 33 44 2 30 46 12 29 5 19 6 47 15 22 23 40 34 21 41 10 48 42 28 7 26 9 17 39 35 14 45 38 8 27 3 16 24 18 31 20 43 36 1
39 24 27 6 34 28 42 17 30 11 47 10 25 36 31 26 1 22 45 35 21 15 38 18 3 9 13 48 16 41 8 43 7 19 37 33 14 29 12 5 23 44 46 32 4 20 40 2
25 46 40 2 26 3 16 21 37 31 33 47 6 19 27 42 34 28 7 10 23 44 17 15 29 36 8 18 41 11 12 13 4 24 39 20 22 38 9 48 5 1 30 14 43 45 35 32
27 11 29 7 21 31 18 46 4 25 41 5 37 16 40 30 8 44 39 13 9 48 1 35 15 19 12 23 2 17 14 24 47 36 26 3 45 33 6 43 20 32 42 38 22 34 28 10
18 7 32 31 16 26 10 20 23 28 42 33 21 44 22 37 3 39 36 48 13 35 14 6 24 29 43 15 12 19 17 2 41 8 34 9 11 5 40 30 38 27 1 4 45 46 25 47
8 1 28 32 39 6 37 15 7 46 31 16 34 20 38 19 43 33 24 18 41 10 9 2 26 27 36 35 45 12 30 42 21 22 11 29 13 25 44 17 14 5 47 23 3 40 4 48
36 29 13 46 2 44 9 19 31 32 43 21 15 22 14 34 39 37 5 45 26 4 20 27 38 10 28 8 47 35 3 11 6 40 42 1 33 23 24 12 30 25 48 17 7 18 41 16
10 36 3 43 28 17 15 8 35 37 20 42 31 38 18 41 14 19 1 16 7 25 26 40 30 22 33 9 27 4 2 12 45 21 13 24 44 6 34 46 11 29 23 5 47 32 48 39
5 8 36 26 14 19 32 37 44 48 40 17 42 11 7 12 33 38 46 34 31 13 30 23 2 6 39 22 18 47 25 28 15 43 9 16 21 1 4 27 3 45 20 41 24 35 10 29
34 23 4 5 38 24 22 29 11 15 14 6 47 10 13 2 21 20 35 25 48 36 45 44 41 43 40 1 42 8 37 46 26 33 3 30 16 9 39 32 12 28 17 19 27 31 7 18
3 17 22 26 45 12 6 1 24 8 34 31 11 39 43 29 44 30 41 5 16 33 2 47 19 20 21 36 25 9 27 48 46 32 4 13 7 23 28 14 18 10 40 15 42 38 37 35
15 17 22 23 45 8 21 1 26 33 34 31 37 39 43 29 44 30 41 5 16 14 2 12 19 20 3 36 25 9 27 48 46 6 4 13 7 11 28 32 18 10 40 24 42 38 47 35
6 17 4 5 45 36 22 29 24 9 34 31 47 10 7 2 21 20 35 25 48 33 19 44 41 43 40 1 42 8 37 46 26 32 3 30 16 11 39 14 27 28 23 15 12 13 38 18
34 23 22 19 38 35 6 37 9 16 30 41 31 33 13 46 44 48 27 5 3 40 26 47 2 14 21 36 25 20 24 28 15 18 12 11 7 1 4 32 45 8 43 10 42 17 29 39
3 16 33 23 10 24 8 1 26 15 14 17 11 39 43 29 44 42 41 34 12 36 31 47 19 5 6 22 27 25 20 30 48 32 4 7 21 38 28 46 18 45 40 13 35 2 37 9
5 33 36 1 30 47 32 18 43 8 20 27 42 11 35 12 14 31 29 16 40 45 10 28 15 26 21 23 22 6 25 48 41 39 4 2 44 9 19 34 3 17 13 38 24 37 46 7
28 40 4 47 38 1 24 41 5 8 35 29 11 15 48 10 43 3 44 2 16 17 39 23 14 26 34 30 18 9 6 45 36 33 37 13 46 25 7 27 12 21 20 19 22 31 42 32
38 25 21 19 10 47 40 4 44 33 27 31 35 32 2 46 39 17 8 12 5 22 28 30 36 20 41 1 37 7 15 14 6 3 26 24 29 11 34 18 45 9 13 23 16 48 43 42
34 8 32 33 28 23 27 47 26 1 37 15 2 14 38 13 31 30 11 10 46 45 35 48 22 41 40 19 20 42 36 9 24 39 44 3 16 5 29 43 18 12 25 17 7 4 6 21
13 35 28 19 25 15 8 27 24 45 33 6 29 1 42 36 21 23 32 22 26 31 46 44 37 14 3 9 41 38 5 20 16 43 12 11 7 18 39 30 4 48 17 2 40 34 47 10
10 16 29 34 5 12 37 36 6 20 31 14 25 18 22 41 3 40 26 13 39 1 23 15 19 17 38 2 24 27 4 35 45 21 9 30 42 48 44 8 11 28 43 32 47 46 7 33
24 23 3 32 35 9 21 33 22 38 41 10 6 48 8 43 44 26 2 39 37 19 13 40 20 42 47 18 28 46 29 12 4 36 17 16 15 11 1 14 45 25 30 5 31 7 34 27
20 9 35 5 30 17 46 31 32 22 43 36 16 42 12 2 15 8 4 24 41 14 45 10 1 7 21 27 23 34 37 25 33 6 13 47 18 40 19 11 48 29 28 39 44 26 38 3
30 36 37 11 14 19 23 15 25 5 40 8 44 17 39 3 10 21 1 42 29 13 2 22 41 28 9 20 16 4 35 46 47 18 7 33 34 6 48 31 27 32 38 26 43 24 45 12
32 21 40 37 8 26 34 39 17 45 47 25 10 9 19 33 28 38 20 16 7 2 41 35 30 31 23 14 43 22 44 18 27 46 11 13 24 1 6 3 12 15 36 48 5 42 29 4
40 45 20 9 16 24 43 8 42 27 15 5 17 21 13 7 35 37 48 25 23 29 30 6 46 1 2 34 38 18 41 28 14 11 39 19 22 33 4 12 47 10 32 3 36 44 26 31
33 41 47 25 26 11 17 32 29 35 9 42 48 44 27 38 23 31 8 3 20 5 22 21 28 19 39 40 6 37 10 45 7 30 18 1 14 34 24 15 43 36 12 4 16 13 46 2
2 3 27 14 40 37 13 41 38 34 17 30 23 10 18 22 48 19 9 29 31 25 36 45 16 20 44 15 12 26 47 7 42 28 46 24 1 39 32 5 21 4 11 35 6 33 43 8
14 43 21 7 4 35 38 5 19 9 46 1 32 47 41 23 34 20 37 45 18 11 31 25 40 39 28 10 30 6 26 48 44 33 3 16 17 29 12 27 42 2 15 13 8 36 22 24
42 37 46 2 32 7 26 45 28 47 12 17 22 30 31 1 41 44 33 35 16 40 24 27 23 15 14 48 29 10 11 6 39 20 34 18 8 4 36 21 25 19 3 43 13 38 9 5
45 5 10 43 29 33 16 4 36 37 14 12 31 7 25 9 18 22 46 23 6 27 11 24 34 47 35 8 48 20 39 40 30 19 21 42 44 32 26 17 15 13 2 41 1 3 28 38
28 17 13 6 27 43 33 18 23 25 5 44 34 19 16 26 1 7 14 41 22 12 37 31 3 9 4 36 39 29 45 8 11 42 2 38 46 15 30 47 24 35 48 21 32 20 10 40
37 48 1 22 39 32 3 23 45 13 42 24 33 36 6 17 27 28 19 15 2 9 26 8 31 30 7 41 35 21 43 34 40 12 4 29 11 47 18 46 38 44 10 20 14 5 25 16
22 12 7 46 9 48 18 40 31 33 38 16 30 29 21 13 47 23 3 36 4 44 32 39 27 26 6 35 14 5 42 15 17 2 10 34 25 43 28 41 1 8 19 45 24 11 37 20
13 31 9 42 1 6 32 24 46 16 27 19 20 38 15 11 8 17 35 26 30 36 10 4 44 25 12 47 34 2 48 43 5 37 23 39 21 41 45 7 3 18 33 40 29 22 14 28
46 13 5 38 11 1 25 35 3 4 2 48 47 16 40 24 30 39 17 19 9 33 29 32 42 36 26 28 10 8 12 23 34 7 27 31 37 21 14 22 41 20 6 44 18 15 45 43
48 19 11 30 10 44 2 1 33 21 25 22 26 41 4 5 39 42 18 6 35 15 3 28 17 43 46 29 36 32 24 14 37 40 38 12 13 9 20 23 34 7 31 8 27 16 47 45
12 44 15 23 45 39 4 46 40 11 36 47 3 2 20 25 22 48 43 34 8 6 38 29 21 17 37 19 1 24 7 26 18 9 30 10 32 31 5 35 16 33 14 27 42 28 41 13
26 16 23 29 2 21 7 19 30 41 20 18 15 34 11 31 12 4 38 28 44 46 43 9 45 32 24 39 27 3 22 13 1 35 8 6 36 14 10 33 37 5 42 25 48 17 40 47
36 27 34 24 33 16 35 7 37 48 39 40 1 6 14 30 38 9 28 5 21 18 25 3 8 12 17 32 45 44 46 11 29 41 26 22 31 2 47 20 23 43 13 10 4 19 42 15
35 2 48 1 24 30 28 9 41 8 18 45 43 12 34 4 5 15 6 40 46 47 33 42 26 27 10 17 32 31 19 3 25 16 14 20 39 44 22 13 36 37 7 29 38 21 23 11
29 33 16 12 15 23 1 47 48 24 44 3 41 27 30 32 11 25 42 20 14 21 28 34 35 45 31 43 7 36 18 5 19 4 13 26 9 8 2 39 6 40 22 37 46 10 38 17
44 47 14 21 31 38 48 2 10 28 6 34 8 35 13 37 4 3 16 17 1 32 40 7 29 5 15 46 19 43 33 36 20 25 12 41 30 24 9 42 22 27 39 18 23 45 11 26
21 11 25 3 36 41 31 38 14 15 7 43 46 39 17 48 16 12 34 1 13 37 4 33 10 40 22 44 2 30 6 32 26 8 47 9 23 20 19 24 29 45 5 42 28 27 18 35
4 18 8 17 47 29 41 34 39 1 30 35 11 40 24 15 36 46 13 27 48 16 45 26 38 33 42 31 5 19 25 21 3 44 32 7 20 12 43 37 10 22 9 28 2 23 6 14
16 26 22 31 18 45 5 43 9 20 48 37 14 11 28 19 6 30 39 4 10 34 23 46 25 2 27 12 3 40 32 24 35 29 42 33 41 17 13 44 8 38 21 36 15 47 7 1
23 42 17 10 44 31 36 25 43 18 28 13 38 3 26 14 33 8 40 32 45 41 47 2 4 16 19 11 21 39 27 22 12 24 48 15 29 7 37 6 5 1 35 30 20 9 34 46
7 30 41 16 48 18 6 22 8 10 32 20 40 33 29 46 21 24 11 43 36 39 13 17 12 35 45 42 25 47 15 38 23 3 37 5 2 28 31 4 9 14 27 19 26 1 44 34
10 22 18 27 41 42 19 30 21 40 4 38 24 37 9 20 7 34 23 8 25 17 48 43 32 14 1 5 13 28 16 47 31 26 15 36 45 46 29 2 33 11 44 12 35 39 3 6
41 24 42 26 22 2 39 44 12 46 29 9 28 4 5 47 45 21 25 37 27 23 7 14 13 18 20 1 15 17 8 16 32 34 36 48 38 6 35 10 31 3 40 11 30 43 33 19
1 7 4 36 43 22 47 33 18 12 37 21 27 45 48 35 31 5 10 38 20 8 34 41 6 28 32 25 26 15 13 30 9 39 24 2 3 16 40 19 44 46 23 14 11 29 17 42
17 39 38 20 28 3 12 42 16 7 1 41 21 24 2 29 15 31 30 44 32 26 5 36 11 10 18 6 46 14 9 19 8 13 33 43 4 48 23 25 35 34 47 22 45 40 27 37
31 10 36 48 21 40 45 20 4 17 22 2 12 5 32 28 37 35 29 7 16 43 18 19 39 8 41 24 9 23 30 1 13 47 6 44 27 25 11 38 14 42 46 34 3 15 26 33
3 32 33 18 20 10 15 36 1 30 45 46 5 31 7 44 29 26 47 14 39 4 27 16 43 34 48 2 11 35 40 37 6 22 17 13 28 42 38 8 19 24 41 23 9 25 12 21
25 38 31 40 14 28 30 37 6 36 8 7 42 43 33 27 46 10 21 9 26 13 20 18 15 24 2 3 44 48 23 29 16 32 5 11 19 35 39 34 45 17 4 47 41 12 1 22
15 25 24 44 17 47 42 6 7 14 23 31 9 46 45 34 2 32 12 18 38 35 1 13 5 41 39 26 8 11 29 20 22 27 40 4 43 19 3 28 30 21 16 33 10 37 36 48
38 46 19 35 25 15 11 48 44 32 34 26 39 16 43 21 42 36 31 13 47 10 17 20 7 3 30 23 4 12 2 33 28 14 22 27 5 29 8 45 40 41 1 9 37 6 24 18
20 15 28 47 5 17 22 16 26 2 3 27 19 8 12 18 14 11 24 48 41 42 6 30 33 44 29 38 37 1 4 10 46 43 25 40 35 36 34 9 13 23 45 7 21 31 32 39
5 28 26 39 34 19 29 14 24 3 33 6 7 25 38 36 43 20 27 12 23 45 8 47 18 13 11 22 42 9 35 44 10 1 31 21 40 30 16 32 4 48 37 15 17 41 46 2
2 34 30 33 42 5 47 26 27 43 21 11 4 28 46 22 19 14 36 31 29 24 44 23 9 38 13 7 10 25 37 17 35 48 45 3 6 39 41 40 20 12 18 1 16 32 8 15
18 8 43 28 2 27 35 17 47 6 31 32 45 10 39 33 40 37 26 11 3 22 19 38 24 42 44 4 16 13 36 41 21 5 9 14 12 15 1 29 7 30 34 46 25 48 20 23
9 23 2 19 38 12 36 27 13 31 11 29 15 6 1 41 32 7 44 46 43 30 42 5 47 37 34 20 40 16 3 4 45 10 39 25 26 33 21 48 18 28 17 24 8 14 22 35
27 45 6 4 7 34 8 10 15 42 24 43 29 13 44 12 3 40 32 35 22 38 2 37 19 23 5 33 28 41 1 39 9 21 47 46 48 18 17 14 26 31 20 16 36 11 30 25
36 4 32 8 26 25 44 15 14 29 13 16 34 22 42 40 23 18 5 41 24 19 46 1 20 7 9 30 2 33 31 27 43 38 48 37 47 45 6 11 39 35 28 17 12 3 21 10
24 3 37 14 23 27 26 21 5 32 35 40 18 1 22 10 17 19 41 47 6 28 39 48 36 31 43 44 12 9 20 2 34 45 46 30 16 4 42 15 11 25 8 38 13 33 29 7
19 41 47 13 45 9 21 39 37 44 12 4 16 23 8 2 24 22 20 25 42 3 15 11 28 48 38 36 29 7 34 35 33 6 14 1 27 43 46 40 17 26 10 31 18 30 5 32
14 42 29 44 37 46 10 45 43 23 19 25 22 17 3 27 20 38 8 30 18 7 12 36 35 4 21 9 47 48 5 15 1 2 26 28 40 11 33 16 32 39 34 6 24 13 31 41
33 36 18 15 3 11 30 31 2 38 16 8 25 19 35 39 41 28 4 45 5 14 44 13 24 46 23 10 1 40 21 9 26 32 20 17 37 34 7 12 48 47 6 42 29 22 43 27
39 11 15 25 13 4 3 5 21 40 7 17 27 34 18 47 28 41 2 29 37 31 22 14 32 6 36 16 23 30 10 45 19 12 42 46 33 26 48 43 44 9 38 24 1 20 35 8
22 5 12 48 24 20 45 8 3 43 21 35 39 32 19 1 10 44 40 15 2 11 30 7 29 14 4 18 6 13 28 42 17 36 33 47 23 27 25 26 41 16 46 34 31 38 37 9
26 6 30 22 10 43 33 4 34 15 2 44 21 48 42 8 35 27 3 39 31 38 18 23 41 40 25 28 17 47 14 12 29 20 7 19 11 1 24 45 37 36 5 9 32 46 13 16
44 37 33 40 12 13 2 35 20 4 43 42 3 21 31 29 25 23 22 48 15 1 39 38 26 19 6 24 7 11 17 47 32 18 36 16 46 5 27 41 9 8 45 14 34 28 10 30
34 30 36 27 16 22 6 11 9 28 17 15 26 2 47 42 1 43 32 3 8 33 10 48 13 29 35 37 20 44 38 25 41 7 4 23 14 21 12 18 5 31 24 46 39 19 45 40
37 22 43 41 6 40 20 48 27 25 15 14 30 3 46 21 9 39 33 34 7 24 47 5 42 18 26 32 13 23 31 8 36 17 10 35 45 38 28 1 29 44 11 16 19 4 2 12
21 20 31 3 36 17 28 41 24 33 26 12 5 30 16 44 34 15 23 19 35 25 27 1 10 22 14 42 45 38 11 6 37 13 8 32 29 7 4 48 2 46 18 39 9 47 40 43
29 17 7 2 11 12 5 10 44 41 24 38 46 35 39 48 26 16 15 21 4 13 19 32 45 42 47 1 34 8 20 28 3 37 18 9 43 22 14 31 40 25 36 33 6 27 30 23
7 47 5 36 1 35 23 26 41 16 46 13 20 18 27 38 48 9 37 11 44 12 17 10 8 4 3 29 21 25 6 39 31 30 2 24 22 45 15 32 33 34 19 43 42 40 14 28
30 13 39 6 19 42 16 28 29 35 9 10 47 27 48 43 7 17 21 46 12 45 33 8 37 31 22 5 44 1 41 36 23 14 11 34 26 18 40 38 15 2 20 32 4 24 25 3
42 43 1 29 4 34 9 21 40 7 5 30 24 47 38 46 36 2 6 10 14 15 37 33 16 23 28 8 35 12 45 22 18 27 3 31 25 20 32 17 39 19 48 44 11 26 41 13
8 46 14 28 15 47 12 40 48 13 22 45 9 7 41 17 18 32 31 42 33 2 25 20 3 5 10 23 24 16 27 34 11 43 44 21 19 39 36 6 26 37 4 35 30 1 29 38
35 12 10 43 22 33 17 39 18 14 31 24 6 41 32 3 44 40 29 16 11 42 2 15 25 28 7 19 46 36 26 13 4 48 1 38 8 37 30 5 34 21 27 45 47 23 9 20
45 44 3 4 48 6 7 24 2 17 41 36 33 29 8 15 16 11 27 13 9 37 31 22 39 38 1 35 18 10 47 43 14 19 34 20 28 32 21 30 25 40 12 26 23 5 42 46
38 34 13 35 47 26 25 17 8 30 11 21 23 40 44 16 10 19 14 36 45 29 24 37 33 48 32 43 3 42 12 46 20 28 22 6 4 41 39 9 1 15 7 2 27 31 18 5
27 7 35 42 9 41 11 32 4 37 13 1 40 39 6 34 20 38 47 31 2 19 48 30 21 15 8 17 5 3 44 23 12 22 24 29 16 33 25 28 18 10 43 36 14 45 46 26
28 14 22 46 18 5 19 29 10 48 42 37 31 33 1 23 17 4 34 26 15 40 21 39 11 45 38 6 9 43 3 7 13 35 41 27 12 47 44 24 36 16 2 30 20 8 32 25
6 9 28 20 30 25 18 23 31 8 33 19 42 11 40 14 46 22 35 1 13 4 15 43 34 24 37 38 27 2 36 17 45 41 32 16 5 26 12 29 3 48 44 10 7 39 21 47
13 32 42 23 33 3 31 18 25 36 16 5 12 44 43 24 37 28 26 6 17 30 40 4 47 35 15 41 19 14 9 2 22 8 27 10 48 46 11 34 38 20 1 7 21 29 39 45
39 31 20 11 16 7 29 27 26 2 12 47 17 38 23 28 4 18 41 44 8 10 32 19 9 36 21 40 42 37 1 33 15 3 45 25 6 30 34 35 46 5 13 22 48 43 24 14
23 2 25 21 35 8 13 14 15 18 20 3 36 37 22 26 6 16 24 28 32 5 12 9 38 1 30 46 39 4 10 44 7 34 31 40 41 48 29 33 27 43 42 47 45 17 19 11
31 26 46 19 8 18 39 6 33 11 38 34 14 15 12 37 23 36 1 7 24 43 9 3 48 20 40 27 32 28 13 29 30 42 35 22 47 2 45 44 17 41 25 4 10 21 5 16
20 27 9 33 28 16 41 37 23 22 10 48 2 46 25 7 5 44 42 32 21 6 35 29 12 8 4 34 14 17 43 26 39 40 13 36 15 11 18 19 24 45 47 38 3 30 31 1
33 39 17 31 43 1 24 13 21 47 35 9 38 14 16 20 29 41 30 12 5 44 36 46 6 34 48 15 11 22 37 32 25 26 40 7 2 4 23 3 45 42 8 18 28 10 27 19
5 38 34 15 32 10 27 36 45 31 14 16 1 13 17 2 41 25 11 9 6 22 3 42 18 7 39 4 30 29 19 21 24 47 23 26 35 40 43 20 28 33 37 12 46 44 8 48
22 23 2 25 39 37 4 15 20 24 34 31 8 28 19 16 40 13 10 33 27 36 29 17 5 46 45 11 48 41 32 18 21 38 30 44 7 43 26 42 14 12 3 1 35 9 47 6
46 35 24 39 40 32 48 45 7 3 8 18 41 12 9 10 27 42 44 5 43 34 1 28 17 26 11 20 37 6 23 38 47 21 25 30 36 29 33 2 4 13 14 19 15 16 22 31
17 21 26 9 10 19 38 42 34 45 47 46 35 36 14 4 2 7 12 40 29 8 13 16 27 33 18 48 25 31 30 3 28 24 37 41 32 44 5 22 20 1 15 23 43 11 6 39
1 24 38 18 44 29 46 43 28 6 37 39 16 9 33 12 8 14 48 23 22 17 20 45 7 32 42 26 31 15 21 5 40 10 47 3 13 34 19 25 30 11 41 27 2 36 35 4
26 10 19 24 21 28 42 31 12 46 3 41 45 2 15 6 11 37 9 47 48 35 34 40 1 44 29 16 36 39 18 4 5 33 8 43 20 27 17 14 13 30 23 25 22 38 7 32
40 19 23 47 13 20 16 38 5 1 45 28 4 42 36 8 32 3 46 27 18 12 41 2 44 10 17 33 26 35 25 11 48 9 39 15 30 14 31 7 6 24 21 29 37 34 43 22
18 28 4 17 38 31 32 33 30 29 1 11 43 6 45 14 42 20 2 24 46 21 7 41 19 27 12 25 22 26 35 48 8 44 34 47 9 15 3 16 23 39 40 37 5 13 36 10
12 18 32 8 27 45 43 30 22 16 36 20 28 24 35 11 25 48 13 14 23 26 5 47 4 3 31 2 40 33 29 19 46 39 38 1 44 42 37 21 10 17 9 6 41 7 15 34
24 25 8 7 45 2 10 44 47 12 28 27 19 5 34 15 3 33 43 37 30 9 11 6 20 41 13 39 16 18 22 40 26 29 46 35 21 36 1 4 31 14 17 48 38 32 23 42
34 1 41 38 42 44 37 8 39 32 4 35 11 19 18 43 21 29 20 25 36 47 45 31 40 9 27 10 6 16 7 30 17 5 2 14 3 24 46 15 22 23 33 13 26 48 28 12
25 45 15 26 23 24 7 16 19 34 29 12 48 20 37 3 9 17 36 18 1 28 46 44 31 39 43 30 4 5 40 27 14 2 10 11 42 8 38 47 32 35 22 41 6 33 13 21
35 4 12 13 41 21 8 7 14 42 44 2 10 32 29 31 24 1 17 15 37 18 6 26 46 40 36 47 43 27 5 25 34 11 9 39 38 3 48 23 19 22 16 28 30 20 45 33
19 16 48 41 31 30 1 2 36 15 18 32 7 25 26 13 22 21 5 35 39 40 42 11 14 37 34 3 38 24 46 12 33 45 29 23 10 28 4 8 43 9 47 17 44 6 20 27
48 33 11 10 12 4 22 1 46 9 23 7 29 21 20 30 35 15 40 41 38 3 28 18 43 13 25 31 45 19 42 14 44 6 5 32 17 16 27 37 47 26 2 8 39 36 34 24
45 41 16 44 29 23 12 11 9 10 48 15 25 22 3 33 1 27 28 38 31 7 43 13 30 2 5 35 14 20 34 24 6 47 26 17 36 21 42 46 8 4 39 40 32 19 37 18
3 29 24 1 7 12 45 20 27 47 19 8 14 17 2 21 28 43 25 36 42 37 26 46 16 6 23 40 35 13 4 41 32 31 15 34 39 38 30 11 48 18 44 5 33 22 10 9
37 34 46 27 24 15 29 25 13 38 30 21 18 43 5 39 33 40 4 45 36 2 8 9 23 16 41 12 28 10 17 20 3 1 6 42 47 22 32 26 11 7 14 31 19 48 44 35
2 30 6 48 21 27 42 3 17 35 32 4 44 31 41 28 26 19 39 22 7 11 14 29 8 25 24 18 13 23 38 10 43 40 20 33 34 45 36 12 16 47 37 15 9 5 1 46
11 17 45 40 5 9 2 14 3 4 6 18 27 29 28 46 34 37 19 30 35 38 23 25 32 44 26 43 47 36 39 8 41 16 48 13 31 1 22 33 7 24 10 20 42 12 21 15
44 20 9 22 1 11 25 35 16 24 21 47 33 10 31 45 43 23 36 8 3 46 4 38 13 14 19 39 34 48 15 6 37 32 27 18 5 7 28 30 26 29 12 42 17 40 2 41
38 11 34 2 6 39 24 41 1 44 25 14 40 45 7 9 19 32 8 33 48 36 16 42 10 22 20 46 29 12 28 15 31 21 18 37 23 17 47 13 35 3 43 26 4 27 30 5
36 43 37 6 34 48 21 19 38 41 15 25 35 23 4 17 16 39 27 26 33 32 42 3 28 5 30 7 20 8 31 45 2 24 12 9 11 40 10 44 22 13 1 47 18 14 46 29
27 46 47 3 11 22 18 29 43 40 17 37 48 34 24 23 10 2 15 19 20 45 5 28 44 13 1 32 30 38 42 35 36 39 21 4 33 25 7 9 12 14 6 16 31 26 41 8
14 8 3 39 37 40 34 47 32 45 2 36 30 41 27 29 31 13 24 28 10 44 46 17 26 43 33 48 23 9 11 20 16 12 1 19 15 5 6 35 25 38 21 18 22 4 42 7
8 6 27 7 3 24 48 10 37 43 14 22 46 40 30 25 23 31 44 5 16 13 38 34 20 18 35 41 15 32 33 9 42 26 4 36 1 19 21 29 2 39 28 11 12 47 17 45
30 14 38 24 25 13 5 23 44 36 41 39 11 48 20 19 42 46 16 47 12 29 8 31 18 37 2 27 17 1 4 10 21 43 22 28 6 35 15 32 34 33 3 9 45 7 26 40
24 15 19 18 42 28 17 5 13 25 36 1 26 35 46 32 22 9 31 16 34 39 11 47 29 4 10 20 21 14 8 43 27 33 45 6 12 44 40 3 41 30 7 2 23 38 48 37
13 22 25 29 26 17 20 48 39 21 40 5 43 14 36 24 33 38 30 7 18 15 28 6 45 47 3 34 27 11 41 1 12 9 44 46 19 32 8 42 31 23 4 35 16 37 10 2
21 18 26 23 40 37 6 4 2 33 43 13 39 7 8 42 36 10 20 9 25 16 44 11 3 19 22 15 12 28 24 46 45 31 41 48 35 30 14 5 47 32 27 34 38 1 29 17
7 47 40 46 28 1 9 26 41 30 35 29 21 3 11 48 16 45 32 10 38 5 36 44 4 39 31 6 37 2 15 42 23 19 17 12 13 33 24 18 43 27 25 20 34 8 22 14
48 27 10 36 45 20 13 24 47 46 28 19 4 39 37 35 18 42 14 12 5 23 7 30 17 33 21 22 44 43 2 8 29 34 11 26 41 38 9 6 1 40 31 3 15 32 16 25
46 12 17 33 15 32 19 27 16 3 6 9 23 24 42 26 35 20 29 4 1 31 34 22 39 10 37 11 7 18 38 28 25 8 40 30 43 41 2 14 44 45 13 48 5 21 36 47
5 26 4 8 31 18 23 22 17 2 12 28 1 13 10 34 48 14 35 39 21 6 16 7 42 29 9 33 3 20 47 25 24 38 32 44 45 43 41 11 15 36 19 37 27 46 40 30
23 44 7 10 36 31 27 40 3 8 32 46 45 30 18 38 1 48 4 13 9 34 35 37 12 6 15 29 2 42 5 26 19 41 24 21 22 47 16 39 14 17 20 43 25 28 11 33
33 2 28 30 47 12 46 21 19 23 48 3 5 20 6 1 25 7 41 34 4 14 45 43 16 32 18 24 36 39 26 27 9 17 13 40 8 29 35 10 42 22 11 31 37 44 15 38
6 5 23 38 2 35 30 36 21 27 37 26 41 42 39 47 44 34 25 3 31 19 9 18 1 16 45 4 48 40 17 22 11 13 33 7 28 14 12 20 24 10 15 8 46 29 32 43
9 36 20 17 33 15 38 32 7 18 29 48 28 10 21 22 31 30 37 46 41 25 43 40 6 2 13 1 11 8 14 12 39 42 3 24 16 34 44 4 19 47 23 5 35 45 27 26
26 32 35 14 48 46 28 37 29 12 19 30 9 27 15 18 17 11 43 21 24 22 20 36 41 38 40 16 5 47 6 39 1 44 23 25 4 31 45 8 7 2 33 10 3 34 13 42
25 21 1 47 38 43 39 45 40 6 18 31 12 17 44 5 46 41 48 14 2 11 3 32 7 27 8 23 9 37 22 34 10 16 35 29 26 4 33 24 36 28 42 19 13 30 20 15
29 39 14 43 35 44 37 18 23 16 25 34 10 12 41 40 7 36 17 2 45 33 6 26 31 3 42 38 8 13 46 21 4 27 28 20 32 48 15 19 5 11 22 30 47 9 24 1
28 35 2 32 12 11 33 17 46 31 7 45 19 36 1 44 40 25 47 42 23 43 10 41 24 34 39 26 18 3 21 37 30 4 20 5 48 16 29 22 27 15 38 6 14 13 9 8
16 23 18 13 30 26 44 20 22 17 4 40 34 46 2 37 32 33 8 27 43 38 19 25 9 45 6 14 42 5 36 41 47 3 12 31 29 11 39 15 10 7 35 1 21 24 28 48
11 9 22 35 39 25 31 16 45 34 21 12 38 37 13 10 6 44 46 24 42 28 23 3 5 41 17 19 1 27 18 36 15 20 30 14 7 26 8 48 33 4 40 32 29 43 47 2
18 13 48 37 17 10 4 31 24 42 45 20 6 5 29 19 9 3 21 44 7 1 40 23 36 26 43 28 39 16 34 47 41 35 15 27 46 8 25 2 30 12 32 38 33 22 14 11
12 7 42 21 27 6 41 8 5 15 23 44 36 1 14 34 24 26 22 32 29 9 4 45 35 30 47 31 10 25 39 48 13 28 19 11 20 46 2 37 40 18 16 17 43 33 38 3
32 38 5 1 9 45 43 6 28 7 30 8 42 41 26 35 3 22 34 15 44 24 21 19 47 46 27 25 4 33 37 2 20 11 31 13 14 18 23 40 29 16 10 36 48 17 12 39
8 3 16 2 4 19 22 13 12 1 44 32 20 25 9 26 39 5 42 23 14 35 29 15 33 24 48 37 47 10 27 6 7 30 46 38 21 36 40 43 45 34 41 28 17 11 18 31
42 25 29 4 41 34 10 44 33 32 15 38 16 21 47 20 14 24 9 37 46 26 13 12 27 48 11 5 35 17 31 19 2 22 36 30 40 39 6 1 3 8 45 7 28 23 43 18
30 33 13 9 23 41 47 28 36 37 38 15 22 31 45 27 21 35 1 40 6 18 26 39 46 7 44 8 43 4 20 29 48 10 14 19 24 42 32 34 11 3 17 16 2 25 5 12
2 24 8 15 44 7 25 34 30 29 26 27 47 16 35 38 28 31 11 43 22 42 1 20 48 40 14 17 46 19 13 4 3 18 5 32 10 37 9 45 6 21 36 12 41 39 33 23
22 16 11 27 13 30 32 25 8 14 33 41 15 28 40 6 43 18 10 1 37 17 12 46 34 35 38 42 26 24 44 36 45 21 39 23 2 3 48 47 4 5 9 29 19 31 7 20
14 19 36 40 18 29 45 42 43 11 34 10 24 33 5 7 37 2 26 48 30 47 32 38 25 9 12 3 22 44 23 15 16 46 21 6 17 28 13 31 39 1 8 4 35 20 41 27
20 31 35 3 32 5 16 1 26 28 47 6 36 45 33 29 10 15 13 11 27 39 17 4 43 25 19 9 24 30 8 38 18 37 41 40 44 2 14 7 23 42 21 46 48 12 34 22
1 28 15 48 35 4 46 11 45 22 20 17 2 23 34 44 19 37 6 31 39 27 41 8 38 36 29 7 16 14 30 32 40 12 42 26 47 5 18 21 13 43 3 33 24 10 25 9
17 36 14 11 30 40 21 19 41 13 27 24 3 9 7 33 20 4 28 6 15 10 46 48 37 31 5 32 38 26 2 44 43 1 45 8 39 22 42 12 18 29 34 25 47 16 23 35
34 9 3 26 43 8 11 39 6 48 46 25 29 38 4 23 27 30 5 16 32 44 15 1 21 20 41 12 36 2 40 18 33 14 10 22 42 17 47 28 37 35 19 13 7 45 31 24
31 21 43 42 36 33 8 41 2 4 3 11 25 22 32 48 38 44 23 18 13 14 30 29 19 17 7 47 20 12 16 24 28 5 6 35 27 1 10 46 9 37 40 15 39 26 45 34
3 17 32 28 39 9 30 12 14 38 10 47 7 35 23 18 29 43 19 20 45 16 25 2 8 1 34 24 6 22 11 5 31 48 40 33 15 44 27 41 46 26 13 36 42 4 21 37
35 20 6 43 8 21 9 3 32 41 5 45 42 4 31 46 26 1 39 44 37 2 34 13 40 15 36 38 19 11 18 33 27 29 7 16 25 24 17 23 28 48 12 22 10 14 47 30
9 13 40 35 19 2 1 38 39 10 41 44 6 34 27 4 11 36 15 25 20 30 8 43 26 42 28 48 32 29 12 45 5 17 22 21 3 7 24 33 16 14 31 23 37 47 18 46
6 39 47 30 22 38 18 33 15 13 1 4 17 48 25 5 45 19 40 34 8 29 14 37 36 12 32 10 41 35 7 23 44 26 3 43 31 27 21 16 20 9 11 24 46 42 2 28
11 10 4 44 13 45 27 43 24 26 2 39 8 15 21 42 5 17 12 29 16 19 33 36 47 28 23 34 31 40 3 48 37 20 1 18 38 25 41 35 32 46 22 30 6 9 14 7
26 2 17 37 27 3 5 21 40 45 20 16 31 32 42 22 34 13 18 24 44 46 43 28 10 14 4 41 12 23 1 47 29 33 38 48 11 15 35 25 8 30 7 39 9 19 36 6
27 44 26 31 33 39 48 15 10 47 8 7 20 43 6 25 3 29 13 22 42 34 2 16 24 46 30 14 23 1 28 17 32 36 37 4 12 19 5 38 45 18 35 41 11 40 9 21
46 35 25 22 7 28 19 26 1 37 21 17 18 40 30 47 20 34 3 8 15 6 36 10 27 31 2 44 29 43 42 16 12 32 4 39 9 48 38 13 11 24 23 45 14 33 5 41
39 1 28 20 31 22 2 30 16 18 42 48 26 36 3 40 8 9 46 38 12 15 45 17 23 25 44 27 37 13 29 21 19 43 11 10 6 35 7 14 41 5 4 47 33 34 24 32
23 7 18 21 17 13 37 47 20 35 33 2 38 19 8 32 6 48 10 46 27 12 42 30 5 22 24 4 28 9 41 40 36 44 29 15 43 34 16 3 14 39 25 26 31 11 1 45
19 25 12 39 4 43 23 40 27 22 37 10 16 44 26 1 24 14 42 3 31 13 6 34 8 15 20 11 21 32 36 7 9 41 47 46 35 18 30 29 38 45 2 33 5 28 48 17
29 8 19 14 40 44 34 35 46 2 47 18 45 3 37 39 22 32 23 4 43 41 5 33 21 9 11 15 48 7 25 13 26 38 24 28 16 31 36 30 17 42 6 27 1 20 12 10
10 29 38 1 47 16 33 4 44 43 18 35 19 6 46 45 27 23 9 39 36 8 11 5 25 3 48 31 2 34 32 14 24 7 13 37 15 20 22 26 30 40 42 17 12 21 28 41
5 19 23 17 48 6 13 36 8 1 3 46 39 31 38 24 16 28 47 35 22 32 9 40 33 45 26 2 15 41 10 37 21 34 30 44 18 14 42 12 4 11 20 25 27 43 7 29
21 23 41 13 38 35 29 2 19 42 25 36 22 32 20 28 10 45 1 48 4 47 16 11 9 7 12 33 3 31 15 8 6 39 44 24 26 46 37 27 18 17 43 14 34 30 40 5
44 5 7 9 2 31 14 18 48 40 24 8 15 29 33 21 37 39 28 17 1 10 35 22 19 36 25 43 11 3 20 26 23 45 32 42 41 12 34 47 13 38 27 6 16 46 30 4
28 16 1 47 12 46 17 7 38 41 44 9 34 30 18 10 29 11 22 21 33 45 23 31 37 40 35 5 13 27 14 15 39 19 20 36 48 42 4 6 32 8 24 2 3 25 26 43
25 4 30 41 20 17 39 12 33 16 19 27 10 15 32 2 21 3 35 18 24 23 13 14 38 26 7 46 22 37 6 34 42 8 28 9 45 11 31 48 36 1 29 40 43 5 44 47
45 26 20 4 25 27 2 14 23 3 36 28 9 1 11 37 38 40 5 43 34 21 17 7 32 30 42 22 18 15 46 39 31 47 35 10 8 16 44 24 19 41 48 12 29 6 33 13
18 24 37 32 9 25 38 5 21 8 16 31 47 33 14 15 34 7 26 13 46 17 3 10 29 35 19 39 43 6 4 22 12 42 23 20 27 45 41 44 2 36 28 1 30 48 11 40
40 33 45 29 10 47 42 24 22 30 7 20 23 46 39 25 14 38 17 19 35 31 4 18 13 43 6 1 27 36 12 11 16 2 9 15 5 21 28 41 34 48 8 3 32 44 37 26
24 15 22 18 45 37 8 27 3 7 35 34 28 14 13 9 19 42 43 1 23 2 40 47 6 39 32 26 25 20 17 29 30 11 48 46 31 36 10 5 12 16 33 4 44 41 21 38
38 37 5 2 26 23 6 16 47 34 27 30 1 25 36 20 4 15 29 11 41 3 22 9 31 48 45 8 46 18 21 28 32 35 10 12 19 40 33 43 39 13 44 7 17 24 42 14
33 38 27 42 23 2 31 22 5 4 45 3 41 37 28 46 36 1 19 40 14 16 12 34 48 44 17 29 24 39 13 30 11 9 18 7 25 43 26 21 6 47 10 35 15 8 32 20
48 41 13 24 28 42 34 45 12 11 23 43 5 22 44 3 40 20 37 14 29 36 10 26 30 4 18 6 38 25 47 27 46 16 7 39 32 1 8 31 33 35 9 15 21 17 2 19
36 43 48 7 18 21 20 31 17 10 30 1 35 12 23 26 41 46 15 47 9 27 44 2 3 8 38 37 45 42 22 33 14 6 5 11 34 25 19 40 24 4 32 16 13 39 29 28
16 3 15 6 44 33 21 42 36 28 10 41 4 17 47 11 26 34 48 8 30 18 37 45 43 12 39 40 9 5 35 2 20 32 31 24 14 7 13 1 25 19 38 29 22 23 46 27
37 10 46 36 11 48 44 19 2 31 41 15 30 5 7 32 39 33 4 23 21 28 29 3 45 1 47 25 16 12 27 6 24 40 42 14 22 8 18 9 35 26 17 43 38 13 20 34
13 45 42 8 15 10 47 44 25 29 46 11 21 39 9 33 43 14 34 31 2 5 28 20 35 6 37 18 7 16 38 4 48 3 36 17 12 41 27 19 40 24 1 32 26 22 23 30
20 2 39 28 14 11 19 48 30 15 6 24 12 40 29 35 5 18 21 9 32 42 7 44 46 38 27 16 26 4 37 3 47 1 17 41 23 22 45 25 8 43 36 34 10 31 13 33
45 47 32 15 3 41 1 8 9 48 31 40 7 24 5 13 11 4 39 6 17 33 20 30 34 29 43 19 44 10 2 46 18 28 27 16 36 26 21 37 23 14 12 22 25 38 35 42
17 32 2 38 24 4 10 20 26 44 40 21 8 19 22 47 46 5 14 42 3 25 15 13 7 37 29 35 1 28 34 18 33 31 6 36 11 27 30 39 43 9 16 48 23 12 41 45
3 35 12 11 21 26 43 29 7 24 48 25 18 36 1 27 9 19 16 37 6 39 30 8 28 41 40 20 32 17 45 14 13 5 15 33 42 47 38 46 44 34 2 23 4 10 31 22
36 14 8 10 42 18 4 13 28 46 26 19 3 34 17 31 7 2 41 20 11 9 21 6 40 16 33 23 30 47 5 12 43 29 39 44 1 15 24 22 48 32 37 38 45 27 25 35
31 27 10 22 2 39 30 25 37 6 14 26 36 42 45 18 35 23 11 32 13 40 1 48 8 24 3 17 34 19 9 38 28 12 33 47 20 4 7 16 41 21 15 5 44 29 43 46
22 36 45 27 6 19 11 17 32 14 28 12 43 47 40 34 44 26 31 15 7 29 38 42 1 2 5 30 4 8 24 23 25 48 21 35 46 9 39 33 20 10 13 41 3 37 18 16
19 21 11 39 41 5 16 6 43 36 4 22 24 28 10 40 33 45 12 27 18 35 25 29 42 20 9 2 47 46 23 32 15 13 34 8 3 37 48 17 26 30 31 44 14 7 38 1
35 11 18 25 45 1 28 23 41 38 15 14 9 44 31 48 20 10 6 16 39 43 8 40 17 34 13 42 2 21 33 36 22 3 24 29 4 30 46 7 47 37 5 19 12 26 27 32
8 30 43 20 5 32 23 14 15 17 38 37 33 10 35 6 31 36 40 41 12 1 26 4 44 28 2 7 39 3 11 24 19 27 46 13 47 29 25 34 9 22 21 42 18 16 45 48
42 20 9 46 37 7 22 11 13 25 34 6 45 16 44 17 8 43 33 3 26 24 32 36 4 27 21 12 5 30 41 19 1 10 47 48 38 35 40 23 31 29 39 28 2 14 15 18
9 19 16 31 8 29 13 37 34 23 43 38 2 7 4 12 45 27 3 30 15 14 36 25 48 42 1 41 20 33 26 40 39 22 35 21 17 18 44 10 5 28 24 46 6 32 47 11
7 15 36 3 47 30 5 41 44 33 32 13 20 11 34 4 48 22 8 2 9 45 6 18 14 17 31 26 12 38 16 43 27 21 40 28 10 19 23 35 29 46 25 37 42 1 39 24
44 26 21 33 4 22 12 15 20 32 5 2 42 3 36 23 24 40 38 28 35 37 41 14 13 31 46 10 17 34 19 25 29 30 9 43 39 48 16 18 1 7 45 11 27 47 8 6
18 34 25 44 32 38 27 3 10 47 2 37 19 43 11 5 28 48 30 35 21 26 46 1 39 33 14 22 41 15 8 45 9 24 29 4 7 36 17 42 16 12 23 31 20 6 40 13
33 31 30 35 26 9 46 40 1 21 17 10 11 38 8 24 14 39 27 25 13 12 2 5 43 32 23 20 29 48 42 16 6 47 4 37 28 34 15 45 3 36 41 18 19 44 22 7
40 39 6 18 7 8 48 32 22 27 15 35 26 23 13 38 1 30 2 43 36 11 19 28 16 46 21 3 10 44 31 5 33 4 12 42 9 17 29 14 37 45 20 47 41 34 24 25
38 22 24 14 30 43 25 26 47 17 9 20 31 48 39 7 23 32 4 34 27 8 45 16 19 3 41 15 21 29 44 35 40 46 1 18 2 6 5 13 42 33 11 36 28 37 12 10
39 33 38 40 21 20 9 47 23 44 8 29 25 41 18 1 36 31 32 5 11 30 42 43 10 15 22 34 6 24 14 7 17 45 19 26 35 28 2 3 46 37 27 13 16 4 48 12
46 17 29 4 9 45 33 1 3 26 13 39 6 35 24 8 19 37 36 42 5 10 44 38 25 30 34 28 31 32 18 47 7 14 41 22 40 2 12 11 27 23 43 48 15 20 16 21
37 46 23 26 31 40 2 4 19 30 48 21 47 13 27 29 17 35 10 9 3 42 39 11 6 25 33 43 8 22 36 41 44 18 45 5 7 38 14 32 28 15 34 24 1 12 20 16
23 25 20 43 40 12 37 17 7 3 38 47 15 21 14 45 46 11 18 29 4 6 34 9 27 19 36 32 35 2 33 48 5 41 44 31 42 24 22 28 10 39 16 8 13 30 1 26
12 8 19 2 25 47 32 30 48 29 17 5 39 6 7 44 38 33 24 45 34 21 26 22 31 14 28 46 23 41 1 42 36 40 13 9 10 20 35 15 11 18 3 37 43 16 27 4
1 43 28 21 17 13 14 35 27 33 45 15 16 20 47 42 9 25 6 37 24 2 8 7 12 36 31 44 18 40 32 4 3 10 30 19 22 5 11 29 38 41 48 26 39 46 34 23
16 12 34 48 36 44 20 18 8 31 26 9 22 27 30 39 6 38 15 4 7 33 11 42 29 43 13 37 19 21 41 1 2 35 32 23 24 45 28 47 40 3 17 10 5 25 14 46
24 5 35 1 12 28 29 2 21 23 6 18 10 16 25 9 27 41 26 39 31 13 17 33 32 22 20 11 48 36 46 8 4 37 14 15 38 3 42 30 19 40 7 45 34 43 44 47
48 44 3 27 18 15 16 23 5 1 36 28 34 9 38 33 39 29 12 19 10 32 22 46 24 45 47 35 41 4 25 37 26 31 20 21 17 40 6 7 14 2 8 42 30 11 13 43
13 7 41 29 10 6 18 37 17 12 32 34 38 30 24 22 4 3 19 26 46 47 35 15 21 5 1 16 28 20 8 39 23 27 42 25 11 14 9 2 45 48 44 43 31 36 33 40
25 1 31 47 38 2 41 39 37 35 24 12 29 4 9 15 26 28 16 46 20 34 40 23 5 44 45 14 3 8 30 13 42 6 22 33 43 11 17 27 18 21 36 19 7 48 10 32
2 28 14 38 34 35 11 41 39 45 8 30 4 42 46 1 40 44 21 15 6 22 5 47 23 18 25 31 17 43 7 26 20 12 48 16 33 27 36 32 13 10 19 3 29 24 9 37
20 23 40 42 44 33 38 34 31 48 11 32 17 10 26 45 3 24 43 16 8 41 7 1 18 28 35 4 13 47 6 15 21 9 2 14 19 37 25 12 36 27 29 39 46 22 30 5
27 29 22 36 3 34 23 24 1 4 14 43 25 32 10 19 16 42 35 18 12 15 21 20 41 48 38 40 8 31 37 33 30 2 11 47 28 44 13 26 46 7 6 5 17 39 45 9
14 24 26 8 20 27 32 10 12 2 40 31 21 38 35 37 43 9 11 44 17 36 4 3 30 34 6 18 5 23 19 41 15 1 28 29 39 47 7 16 48 45 42 46 22 13 25 33
28 4 24 11 35 37 42 36 2 14 1 6 33 23 3 7 5 10 25 40 30 12 15 8 9 17 19 39 16 32 29 22 47 34 31 27 20 26 46 48 44 13 18 41 38 21 43 45
8 18 23 33 15 45 2 19 25 40 30 46 36 20 28 47 7 13 5 32 14 31 29 12 3 35 27 17 11 16 26 6 48 39 41 22 9 24 37 34 43 44 4 38 21 10 42 1
6 13 10 30 19 3 4 5 41 15 29 14 8 28 32 17 33 25 23 7 22 24 43 31 47 11 48 1 37 18 27 21 16 20 36 39 2 12 40 44 35 46 9 34 26 45 38 42
26 38 7 15 22 24 28 20 46 10 18 3 19 47 14 16 35 4 9 6 2 1 32 13 8 27 5 48 44 12 23 11 25 42 33 17 36 21 34 45 39 43 40 30 37 29 31 41
11 6 37 32 29 4 14 1 9 22 2 8 7 35 17 21 10 15 46 31 23 25 30 48 38 16 43 5 39 42 24 3 13 44 45 19 18 20 12 40 47 26 36 27 33 28 41 34
5 3 25 6 48 32 17 22 29 8 10 11 12 4 2 24 37 20 34 21 16 43 14 44 26 40 46 27 15 39 9 30 7 19 18 13 47 45 36 33 41 42 35 23 1 38 28 31
34 27 5 31 11 46 12 13 6 21 4 7 35 43 8 2 22 32 48 10 18 17 9 40 25 39 30 42 47 26 3 45 19 28 38 20 44 15 14 24 33 23 1 16 41 36 37 29
21 16 47 9 13 38 6 32 40 25 34 48 30 15 23 27 20 3 17 24 43 7 1 39 45 4 41 33 42 37 22 44 31 36 8 11 46 14 18 10 2 29 28 12 35 5 26 19
23 47 33 13 39 7 30 48 26 34 43 27 3 44 31 25 11 35 40 1 42 37 46 22 36 6 14 29 2 9 10 18 28 24 21 8 45 16 41 19 4 12 38 15 32 17 5 20
35 37 48 7 42 1 39 44 15 46 28 40 24 13 45 8 34 18 22 11 29 3 41 26 17 47 23 6 20 27 16 19 36 21 10 5 4 43 32 9 30 38 33 14 12 31 2 25
46 22 1 25 45 48 44 42 32 6 35 36 43 40 20 18 29 30 31 41 39 27 3 17 37 9 24 38 4 13 47 12 14 16 5 10 21 8 33 23 34 28 15 2 19 26 11 7
1 39 22 10 28 42 46 25 38 43 44 26 45 30 33 20 21 34 47 48 41 23 13 37 7 9 29 19 36 11 15 24 18 5 3 14 8 2 4 6 31 16 12 35 32 27 40 17
31 23 30 20 32 3 27 39 36 38 46 44 15 29 21 5 45 9 24 47 26 19 2 10 33 37 42 25 14 7 13 28 11 41 35 43 12 4 22 17 16 8 34 6 18 48 1 40
23 5 42 18 37 19 47 35 45 7 31 27 21 41 22 12 1 24 40 38 29 28 25 34 20 33 2 8 3 9 17 32 39 13 15 16 6 46 10 14 26 11 48 4 43 44 36 30
27 29 14 26 39 15 25 3 24 18 21 38 22 7 36 23 31 17 42 13 33 34 37 5 35 6 2 30 12 19 20 16 9 32 40 48 45 47 44 43 8 4 10 1 11 41 46 28
22 24 35 17 25 34 31 16 30 6 44 12 23 14 4 8 2 5 33 13 21 27 38 19 3 36 40 9 43 28 18 29 32 11 10 26 15 41 47 42 1 20 37 45 46 7 39 48
16 18 8 14 23 21 10 11 33 15 13 41 17 34 3 6 28 19 37 20 39 22 2 43 7 26 4 29 9 24 32 25 42 27 5 47 40 36 30 46 45 48 12 44 31 1 35 38
3 20 33 7 9 6 21 31 10 11 12 18 4 29 24 15 8 2 19 27 22 32 28 17 36 14 37 16 26 13 45 38 44 5 48 46 1 25 23 41 42 39 47 43 30 40 34 35
13 17 12 20 15 11 9 18 28 36 7 16 2 5 31 26 24 23 14 40 30 8 10 32 21 41 3 25 4 22 38 47 6 29 46 42 35 43 45 27 34 1 44 48 39 19 33 37
18 7 15 2 37 13 5 26 24 12 14 21 16 48 29 10 31 11 28 41 6 46 45 3 17 8 34 19 25 20 47 1 36 40 23 44 42 4 38 35 32 9 43 33 22 39 30 27
12 11 20 22 18 10 24 4 16 2 32 25 26 9 5 48 21 28 30 35 17 15 3 38 6 19 37 43 45 14 39 46 40 13 44 1 31 8 41 23 36 47 42 7 29 34 27 33
25 8 2 28 6 12 43 14 27 13 24 22 3 7 9 35 44 36 37 18 26 38 40 16 39 46 45 17 20 15 21 5 47 48 1 41 29 42 33 11 30 34 23 4 19 31 10 32
30 10 16 25 8 35 19 29 22 45 3 5 31 11 34 13 4 38 33 14 41 40 46 47 18 2 36 23 7 6 1 48 27 43 42 9 12 44 15 37 28 17 21 39 20 32 24 26
24 19 21 13 45 16 37 6 26 7 31 15 40 10 20 3 14 42 36 11 38 39 35 22 47 48 18 12 17 46 44 23 1 8 27 28 43 2 4 30 9 5 41 32 34 33 29 25
20 12 6 41 10 7 31 8 17 4 25 34 9 32 37 14 11 33 21 1 13 18 36 15 19 44 42 2 23 47 5 43 46 45 29 35 26 16 48 39 27 38 3 40 28 30 22 24
29 38 4 37 14 2 41 30 13 26 9 35 6 21 33 20 43 44 18 46 5 47 48 25 16 45 32 8 1 7 12 42 23 17 24 40 34 11 39 28 3 36 10 31 15 27 19 22
14 4 13 36 7 31 34 33 3 24 27 17 20 19 18 22 8 10 16 45 1 29 39 6 9 47 44 41 30 48 42 40 43 46 37 15 11 38 35 12 25 28 32 2 5 26 21 23
40 37 3 4 42 26 13 44 19 34 36 43 11 6 27 25 2 7 47 8 14 45 41 9 46 5 1 38 48 10 28 39 20 12 30 18 22 35 16 15 31 32 33 29 17 24 23 21
19 6 34 42 31 17 22 10 33 43 5 32 18 16 45 47 29 1 38 48 46 9 13 11 41 12 39 40 36 44 35 2 30 24 14 4 8 37 27 25 26 3 15 28 21 23 20 7
17 28 31 35 34 9 20 36 15 38 41 39 47 40 11 46 3 48 13 25 45 5 44 4 42 1 24 7 2 43 30 27 8 14 6 10 33 29 26 32 23 21 37 19 12 22 16 18
31 13 45 24 2 39 25 27 37 30 48 47 28 41 10 40 23 46 43 44 3 11 12 26 1 42 29 4 35 36 15 9 5 38 17 33 7 34 32 19 8 16 22 6 14 21 18 20
37 43 42 29 41 8 33 34 23 48 19 40 46 36 47 38 1 45 44 16 15 14 21 10 30 24 35 39 31 5 11 26 28 9 32 7 3 27 2 6 4 22 18 25 13 20 12 17
7 21 41 10 27 40 30 25 48 28 46 38 29 45 1 44 34 39 42 47 20 3 15 37 43 33 23 32 18 35 36 13 12 4 2 31 6 22 5 26 24 8 19 9 11 17 14 16
2 25 48 39 40 33 46 45 32 35 47 1 38 44 13 28 26 43 8 17 42 23 19 30 27 37 22 18 34 41 20 21 3 11 4 36 5 7 31 9 6 12 29 24 10 16 15 14
10 45 29 47 5 1 18 48 36 3 40 44 43 30 46 39 19 27 41 42 35 37 34 2 23 7 26 31 32 38 4 33 15 22 13 24 25 28 21 17 16 20 6 8 9 14 11 12
35 47 19 43 24 25 44 37 30 46 15 45 1 39 40 42 48 41 29 26 34 16 38 14 20 32 21 28 27 33 31 36 11 18 22 12 23 6 17 2 5 4 9 3 7 10 8 13
42 46 40 1 3 48 27 41 43 32 35 26 39 47 44 29 45 31 22 38 33 36 37 23 34 30 9 14 28 2 10 7 21 6 12 25 24 17 19 13 20 15 16 18 4 8 5 11
48 34 1 46 44 42 39 43 45 47 28 3 24 13 30 31 40 26 27 15 32 41 20 36 33 25 14 22 29 17 16 35 37 2 21 23 4 19 10 5 12 18 38 11 8 6 7 9
46 1 43 44 38 47 48 42 39 40 45 36 33 27 26 30 41 37 31 23 24 35 25 28 32 18 17 6 19 11 34 15 22 16 7 8 21 5 29 3 14 10 13 20 2 12 9 4
1 31 46 48 36 44 47 40 38 41 43 30 45 42 39 34 28 35 32 33 25 26 23 29 37 20 12 24 22 27 13 17 10 21 19 5 14 3 9 16 18 11 4 15 6 7 2 8
