7379 7335 7251 6803 5921 6002 5398 5400 4538 4827 2912 3171 3126 3244 3046 2328 2268 1721 1582 1325 1249 1291 1158 1078 990 939 939 641 681 551 427 482 307 367 271 296 277 257 212 220 183 158 148 128 111 107 98 90 75 77 70 58 55 47 44 42 31 29 26 19 21 20 18 16 14 13 12 10 10 8 6 6 5 4 4 3 3 3 2 2 2 2 1 1 1 1 1 1 1 1 1 1
3 6 16 7 10 11 14 2 4 5 13 15 12 8 9 1
16 14 13 6 11 4 10 9 7 3 1 15 2 5 12 8
6 12 3 16 7 15 9 5 13 14 2 10 1 11 8 4
12 4 7 2 9 8 11 3 1 15 6 5 16 10 14 13
11 16 10 3 6 9 5 1 8 13 14 7 4 2 15 12
1 2 8 12 3 10 4 13 15 6 16 9 11 14 7 5
13 5 4 9 15 6 8 10 16 2 12 3 7 1 11 14
9 15 6 1 12 13 7 8 5 16 3 2 14 4 10 11
15 3 1 10 8 16 14 4 2 11 7 13 12 6 5 9
8 13 14 15 4 7 16 2 9 12 5 11 10 3 6 1
5 11 9 13 6 1 2 14 12 10 15 4 8 7 16 3
14 1 2 8 10 3 15 6 11 7 9 12 5 13 4 16
7 8 11 14 1 5 6 12 3 4 10 16 13 9 2 15
6 7 15 4 5 2 3 16 14 8 11 1 9 12 13 10
2 11 10 5 13 12 1 15 4 9 8 14 6 16 3 7
13 5 16 2 11 14 12 7 10 1 4 8 3 15 9 6
4 10 1 7 14 3 13 11 6 5 15 9 12 8 16 2
10 9 5 11 16 1 15 14 12 4 2 6 7 13 8 3
5 3 9 6 2 4 14 12 10 13 1 7 15 16 11 8
3 6 13 9 7 5 2 14 11 10 12 4 8 15 1 16
16 1 4 3 12 14 13 11 7 5 6 15 2 9 8 10
14 2 7 13 16 6 10 1 4 12 9 3 11 8 5 15
11 14 6 15 8 2 1 13 3 16 10 12 5 7 4 9
1 8 14 10 9 12 6 15 13 11 4 16 3 5 2 7
12 16 3 8 2 9 5 7 14 15 13 1 4 11 10 6
16 15 2 9 14 10 12 4 1 6 11 5 13 3 7 8
4 10 5 16 3 15 11 8 6 9 7 14 2 13 1 12
10 7 12 14 15 4 9 16 11 8 3 2 1 6 13 5
1 5 9 12 11 13 7 6 10 3 14 4 8 2 15 16
11 6 13 7 9 16 2 10 3 1 5 8 15 12 4 14
3 14 8 11 4 5 15 7 12 2 1 10 16 9 6 13
5 3 4 2 8 7 10 11 6 14 16 13 15 1 12 9
14 15 12 4 5 1 13 16 9 2 8 6 7 10 11 3
15 8 7 4 12 1 16 5 14 13 2 3 10 6 9 11
7 16 10 14 2 4 3 13 11 5 9 15 6 12 8 1
9 12 13 3 14 16 8 1 4 6 15 10 5 11 7 2
8 7 14 11 3 13 9 15 12 16 4 6 1 2 5 10
14 2 16 8 15 5 12 6 7 10 3 11 4 9 13 1
10 1 8 2 7 15 6 4 5 12 14 13 11 3 16 9
5 15 9 12 11 1 4 16 10 7 6 2 3 14 8 13
2 9 12 14 4 6 7 3 13 1 10 8 16 5 11 15
12 4 3 15 9 16 1 11 5 2 13 6 14 8 10 7
15 10 11 6 2 4 14 1 7 8 12 5 9 13 16 3
7 16 2 9 12 5 6 13 4 14 8 11 15 1 3 10
3 13 6 11 7 12 16 14 9 15 5 4 8 10 2 1
11 1 8 2 13 7 15 10 14 6 4 3 16 5 9 12
3 14 5 16 15 10 13 4 11 7 2 9 8 1 12 6
5 8 10 4 3 15 1 6 13 16 9 14 11 12 7 2
12 15 3 10 11 2 7 16 4 1 13 9 6 8 5 14
2 16 14 15 12 1 4 8 9 5 11 10 13 7 6 3
10 4 16 8 5 9 2 1 11 3 12 7 15 13 14 6
1 10 4 9 16 13 11 12 5 8 14 15 2 6 3 7
15 9 11 4 14 12 16 3 7 2 8 5 6 10 13 1
11 7 13 5 4 16 15 6 12 10 3 14 9 1 8 2
14 2 1 3 7 4 6 8 5 15 16 13 10 11 9 12
16 1 6 10 13 5 2 4 9 11 7 8 14 3 12 15
8 14 12 16 9 3 7 15 13 2 6 4 1 10 5 11
12 3 9 7 5 6 1 10 14 8 15 11 13 4 2 16
2 7 15 11 8 12 4 5 10 6 1 3 9 14 16 13
11 4 7 6 15 2 13 16 14 5 1 9 8 12 3 10
16 12 13 9 15 4 8 5 3 14 6 10 2 1 11 7
15 13 1 8 9 10 5 14 4 7 12 2 16 3 6 11
5 15 12 2 13 1 16 11 10 9 4 6 3 8 7 14
14 8 4 6 5 9 11 10 12 3 13 7 1 2 15 16
8 9 16 11 12 7 13 15 5 1 14 2 4 6 3 10
2 1 14 3 7 16 12 13 9 11 15 4 10 5 8 6
12 4 3 5 16 2 7 8 1 10 9 6 13 11 14 15
10 9 2 7 8 13 15 11 4 14 16 3 6 12 5 1
3 14 10 16 4 5 1 12 13 2 7 15 8 6 11 9
10 16 5 11 14 13 4 6 7 8 3 9 15 1 2 12
2 6 11 9 8 4 13 16 14 15 10 5 1 7 12 3
14 8 9 10 12 3 6 5 11 7 1 13 15 4 16 2
11 3 6 8 15 7 12 1 4 16 10 5 2 14 9 13
5 13 1 2 4 3 8 14 7 6 9 15 10 12 16 11
4 12 10 6 9 5 15 16 14 1 13 8 11 2 7 3
8 3 12 4 16 2 7 6 11 5 15 10 9 1 13 14
12 4 15 8 7 1 10 3 13 16 6 9 14 5 2 11
9 8 6 10 14 15 4 5 3 11 16 7 13 2 12 1
10 9 3 2 13 16 8 1 7 15 12 4 11 6 5 14
8 10 11 4 5 3 6 15 1 9 14 13 2 7 16 12
4 16 13 15 7 12 11 3 9 5 10 8 14 1 2 6
15 3 16 7 14 4 13 8 5 10 1 11 2 12 6 9
10 15 2 6 13 7 5 4 12 1 9 3 11 14 8 16
5 4 14 2 16 9 11 12 1 6 13 10 8 3 15 7
2 9 1 15 4 3 10 16 11 7 12 5 6 8 14 13
8 16 3 4 5 2 6 12 13 11 7 10 1 14 9 15
3 15 5 10 2 13 8 16 4 1 6 9 14 11 7 12
9 6 1 2 16 12 5 14 7 15 3 8 10 4 13 11
5 14 11 6 8 1 7 13 12 9 15 2 4 3 16 10
12 1 10 7 13 16 4 15 14 6 9 5 11 2 8 3
11 12 2 15 14 10 1 6 3 16 13 4 9 8 5 7
10 13 14 16 15 7 11 1 9 5 4 3 8 6 12 2
