102268 99165 67434 59403 63349 53436 53900 42865 45729 39051 34834 27898 26732 20956 20285 17831 17515 17043 14299 11981 12458 11457 10961 9214 8421 8669 8031 7540 6163 5776 5475 4816 4994 4256 3926 3460 3649 3460 3103 2770 2617 2514 2327 2149 2043 1777 1558 1544 1309 1474 1325 1254 973 919 939 887 889 639 668 590 541 526 501 415 393 389 357 317 313 238 199 236 205 191 167 173 143 144 135 118 122 103 91 83 80 77 63 58 56 46 48 37 37 36 32 27 29 27 25 19 19 19 19 15 13 13 11 10 10 10 9 8 8 7 6 6 5 5 4 4 4 3 3 2 2 2 2 2 2 1 1 1 1 1 1 1 1 1 1 1 1
8 5 12 21 32 30 3 11 17 16 2 29 27 7 18 22 14 9 19 10 1 15 26 23 6 20 31 24 25 28 4 13
23 1 10 15 12 30 6 20 27 32 25 5 19 22 4 13 17 29 21 9 7 2 31 11 18 8 16 14 28 26 24 3
4 5 19 14 6 29 27 10 17 16 3 18 20 30 2 28 13 8 22 7 21 26 11 32 25 9 24 12 15 31 1 23
8 30 15 20 31 13 21 6 5 29 26 32 22 7 17 18 12 9 4 14 24 19 3 23 11 1 27 25 10 16 28 2
18 26 17 1 9 31 8 5 13 22 20 3 25 23 27 2 21 6 14 7 16 4 19 28 11 12 24 10 30 15 32 29
31 6 4 21 20 18 24 8 12 32 2 23 10 30 19 1 7 29 28 3 5 15 26 11 25 14 22 16 13 27 9 17
26 30 27 14 10 23 21 15 28 18 25 29 31 8 3 4 16 11 22 5 19 20 12 32 17 1 9 6 24 7 13 2
32 1 15 5 30 27 12 14 13 29 8 19 16 7 17 26 22 21 24 23 20 10 3 9 28 25 6 31 11 2 18 4
6 31 29 28 4 15 20 10 17 16 9 24 18 8 19 13 5 1 21 2 30 14 23 7 25 32 3 26 27 22 12 11
17 5 21 15 16 8 2 6 23 26 29 32 22 30 13 28 25 9 3 14 24 27 11 18 20 4 7 12 10 31 19 1
4 26 13 20 6 29 11 17 5 12 16 25 14 24 2 18 21 31 19 3 27 7 30 8 32 9 28 22 15 10 1 23
8 3 5 30 9 18 27 16 28 10 20 17 29 21 26 15 14 2 11 23 7 4 22 32 6 12 1 25 19 24 31 13
24 10 19 31 20 32 16 25 13 22 3 2 1 29 17 30 23 7 4 9 21 6 26 11 28 14 12 5 18 15 8 27
29 12 5 27 23 13 25 20 2 32 1 14 6 10 28 21 31 8 15 19 3 26 7 9 11 24 22 18 16 17 4 30
15 24 4 30 32 5 19 8 3 18 12 31 10 28 9 27 22 16 11 21 13 20 17 7 26 2 6 14 1 25 23 29
2 1 15 26 12 7 22 23 14 6 20 30 17 21 5 29 13 25 28 4 32 16 9 19 8 10 27 24 11 18 31 3
7 14 11 25 30 24 8 12 21 32 2 9 4 27 15 26 3 1 19 13 22 10 6 18 31 23 28 16 17 5 29 20
9 12 13 20 10 4 29 11 17 14 15 25 16 23 27 22 1 6 31 7 21 30 24 28 32 3 2 8 5 26 19 18
17 6 29 15 21 8 22 1 23 27 18 11 14 7 26 16 25 2 4 5 3 28 30 32 12 24 20 31 13 10 9 19
5 3 30 1 6 27 21 24 9 29 16 12 32 8 18 19 13 15 22 2 31 7 11 23 25 14 28 10 20 17 26 4
23 30 21 5 20 31 26 11 12 16 3 19 27 6 13 2 17 8 14 10 28 29 22 9 7 4 1 25 24 15 18 32
21 10 12 18 32 30 2 23 5 22 25 29 19 24 15 1 7 28 3 4 9 14 31 17 6 20 27 8 11 16 13 26
11 5 20 14 4 23 9 25 27 10 12 22 24 31 3 13 16 18 21 8 30 26 19 32 17 1 7 6 15 2 28 29
5 4 17 15 31 14 6 10 21 26 1 9 23 22 16 30 12 29 20 7 13 2 18 28 11 19 3 24 25 27 8 32
32 1 5 19 23 26 24 14 8 18 29 3 13 30 2 28 31 21 17 6 20 27 9 7 15 12 22 16 10 25 4 11
18 26 15 30 28 10 3 20 7 17 8 31 25 13 21 2 29 16 24 27 23 9 11 6 19 32 1 22 5 14 12 4
29 31 32 27 9 7 11 4 3 1 15 12 20 2 6 18 28 25 23 14 19 16 10 8 26 5 24 17 30 21 22 13
13 10 23 22 12 30 19 17 14 6 3 24 27 11 28 1 21 7 8 5 32 15 26 16 25 2 9 31 4 18 29 20
7 25 4 16 21 29 12 8 31 27 26 14 32 28 5 3 22 15 11 2 24 20 1 18 6 9 17 23 10 19 13 30
8 15 31 4 23 1 25 12 2 5 29 32 13 24 19 30 14 9 28 3 16 21 7 11 20 17 6 10 27 22 26 18
3 24 11 28 32 5 6 9 27 21 20 17 4 22 26 29 1 14 15 19 31 10 12 23 8 25 30 2 13 7 18 16
15 3 30 1 5 14 31 10 9 29 2 11 22 6 25 12 20 26 4 17 7 27 23 32 18 19 16 21 28 24 8 13
32 30 13 21 22 15 27 8 12 10 16 19 6 5 18 4 24 31 11 23 3 7 17 9 28 29 26 14 20 2 25 1
3 6 10 22 16 27 24 1 11 12 18 23 21 30 17 26 13 4 14 9 15 2 8 29 7 32 20 5 25 28 31 19
26 16 27 6 31 13 25 14 17 28 10 30 23 7 9 19 32 1 15 5 29 20 2 11 12 21 22 18 24 8 4 3
15 4 29 19 30 8 12 25 5 26 20 1 14 13 2 21 22 3 23 9 11 6 31 18 32 27 17 7 16 10 28 24
13 25 11 8 10 2 21 24 31 18 17 15 26 29 9 16 12 19 20 22 14 28 30 7 5 3 6 23 4 27 1 32
17 15 12 14 6 31 3 20 8 32 11 25 4 26 5 23 29 2 22 10 19 18 16 21 27 13 7 24 30 1 9 28
10 8 31 16 4 11 14 9 23 17 2 5 19 12 13 7 18 29 3 15 21 30 32 6 20 28 24 22 1 25 26 27
9 12 4 27 1 24 15 5 7 16 25 29 10 14 21 8 3 20 31 26 30 22 19 13 11 23 32 6 17 18 28 2
5 31 23 30 20 10 2 4 21 7 19 17 22 27 11 9 25 32 8 13 15 26 6 3 24 1 28 12 14 16 18 29
7 5 10 1 3 19 31 12 9 22 29 15 6 23 14 13 17 21 18 27 20 28 24 2 8 16 30 32 26 11 25 4
1 3 32 20 12 26 29 6 7 14 10 30 31 8 27 22 28 11 24 21 13 15 23 16 17 4 2 25 5 9 19 18
23 14 30 18 9 15 25 17 27 5 12 13 32 29 2 21 1 6 28 7 22 8 4 19 31 20 3 16 10 26 24 11
24 13 19 17 16 32 11 25 15 29 23 22 1 6 30 3 31 28 12 2 9 14 20 8 7 5 27 10 18 21 4 26
8 27 29 28 6 4 21 23 2 32 1 25 24 22 13 26 7 9 15 3 11 16 10 17 18 12 19 31 20 14 5 30
21 1 5 26 30 23 27 20 14 22 25 2 13 11 3 29 32 15 17 19 31 4 7 9 6 8 16 18 28 10 12 24
11 26 15 31 10 29 9 4 3 28 8 32 17 30 19 16 23 18 12 6 24 2 22 21 25 14 1 7 27 5 13 20
26 12 21 4 3 7 24 32 13 1 18 23 20 2 14 22 16 31 19 27 29 6 17 11 15 10 9 5 30 25 8 28
2 13 27 6 28 19 3 10 11 26 15 1 21 31 18 20 5 4 24 14 16 7 8 29 12 9 30 17 25 22 23 32
29 4 20 25 31 30 15 14 5 18 26 3 8 13 16 1 12 24 21 10 23 9 2 7 19 17 6 32 11 28 22 27
18 6 17 21 5 10 26 1 9 15 19 11 25 7 27 13 14 8 28 2 30 29 4 23 24 32 20 22 16 12 31 3
32 16 25 30 20 4 18 5 17 21 6 14 10 24 11 12 31 29 23 13 22 27 26 3 28 8 9 2 15 7 19 1
8 25 5 28 1 9 11 17 21 6 16 19 27 14 7 30 22 20 31 26 32 10 18 13 15 2 3 23 12 24 29 4
10 8 30 27 18 5 16 6 23 9 29 22 14 12 25 15 24 26 3 17 7 20 19 31 32 4 1 21 28 11 13 2
23 31 11 4 12 13 19 9 26 7 20 29 2 6 21 28 18 3 8 15 17 30 1 32 25 5 16 10 14 27 24 22
21 3 15 25 23 18 6 16 14 1 10 11 13 22 9 8 20 32 17 7 31 4 30 2 27 29 26 12 24 5 28 19
26 14 4 20 32 23 5 24 13 17 12 1 19 30 3 9 29 7 18 21 15 27 16 6 11 25 2 31 10 22 8 28
13 15 21 26 9 27 31 12 2 10 16 14 23 11 17 4 7 25 20 3 30 22 6 19 8 28 32 24 1 18 5 29
9 30 32 19 10 31 14 25 8 22 11 23 17 2 20 7 3 21 4 13 29 15 18 28 26 1 27 6 5 24 12 16
5 24 13 31 30 7 2 9 15 12 17 3 26 27 28 19 21 11 22 23 14 6 32 18 20 10 29 8 16 25 4 1
2 27 29 6 22 24 12 10 3 28 1 30 32 5 14 23 25 15 4 21 11 16 31 8 18 20 19 7 17 26 9 13
18 1 25 16 4 2 22 23 21 14 26 32 31 8 30 3 13 28 11 9 19 10 20 17 6 12 24 5 15 7 29 27
3 26 19 5 4 15 29 24 12 32 8 2 20 11 21 16 23 6 28 10 9 18 7 13 31 27 17 14 30 1 25 22
7 14 31 17 6 30 18 8 27 5 3 24 22 13 20 9 1 19 15 23 16 2 12 11 28 21 29 32 25 10 26 4
31 30 10 15 20 9 11 16 12 27 23 25 6 26 7 22 28 29 18 17 21 8 24 32 5 13 3 2 4 14 1 19
29 16 27 30 21 11 12 6 31 10 25 13 1 24 5 15 32 4 22 3 7 20 23 9 26 14 28 17 18 8 19 2
15 5 21 18 22 4 27 1 9 6 8 23 19 30 16 29 17 14 20 7 13 28 10 3 12 25 32 24 11 2 31 26
1 24 29 20 10 23 5 4 8 17 6 2 25 14 13 30 16 31 12 26 15 7 32 18 11 9 19 21 27 28 22 3
32 27 4 19 3 29 25 5 11 21 2 30 10 8 15 7 17 1 24 13 22 26 18 6 20 12 9 31 14 16 23 28
5 1 30 22 32 2 26 17 13 16 18 31 14 27 3 4 25 9 23 15 28 29 19 21 8 20 7 6 10 11 12 24
13 15 32 25 16 10 22 8 17 12 23 19 21 31 11 26 1 20 3 2 24 14 7 28 6 27 30 18 5 9 4 29
10 3 11 17 1 31 14 25 7 22 20 12 4 23 28 19 13 18 21 9 32 6 26 16 15 29 2 5 24 27 8 30
9 26 12 5 30 1 31 14 27 16 15 25 24 28 18 13 21 7 8 6 23 2 4 19 32 3 17 10 20 22 29 11
11 14 13 4 32 26 16 12 5 29 25 3 20 2 9 8 23 6 28 22 27 15 31 17 19 10 1 7 30 21 18 24
24 25 4 21 6 11 19 9 3 26 18 29 22 5 15 2 28 14 31 27 32 20 30 8 17 16 7 23 10 12 1 13
8 31 30 20 16 32 9 6 13 15 12 24 23 22 17 21 29 25 19 10 7 28 1 2 18 4 27 14 26 11 5 3
7 5 31 6 4 15 29 10 11 18 3 32 14 13 27 12 22 9 20 19 17 30 23 21 28 2 24 8 25 16 26 1
32 8 11 15 9 7 2 23 26 28 6 1 10 27 3 4 24 19 21 5 29 22 12 16 31 17 20 25 14 18 13 30
18 30 5 26 3 24 25 32 21 7 17 13 2 14 11 23 16 8 15 10 28 9 22 31 12 20 29 6 4 1 19 27
2 27 10 30 18 4 9 1 28 21 11 14 26 12 25 29 3 24 23 15 19 8 20 6 5 13 32 16 17 7 31 22
26 16 29 1 23 30 5 4 15 9 2 11 8 31 7 3 25 32 24 21 13 10 6 17 20 28 27 12 18 14 22 19
23 15 20 18 22 29 26 5 2 6 1 31 19 8 30 13 32 21 3 27 16 4 10 7 11 14 24 17 12 9 25 28
3 6 32 26 21 9 2 24 12 14 29 30 1 5 16 15 23 31 18 13 27 7 17 19 25 10 28 8 11 22 4 20
21 24 19 31 28 27 18 23 17 22 20 25 6 30 13 1 16 29 4 7 9 14 2 8 15 12 3 32 10 11 5 26
11 13 21 4 5 30 14 12 31 27 15 22 32 28 25 23 7 20 17 6 24 29 16 3 19 8 9 10 1 26 18 2
10 14 12 6 30 13 15 16 9 18 8 3 31 29 5 19 17 4 28 22 20 7 23 2 32 1 26 21 27 24 25 11
15 1 27 19 6 18 12 9 3 26 10 32 23 11 20 22 24 2 8 14 21 4 17 13 31 29 30 7 5 25 28 16
29 16 13 30 20 9 31 17 27 21 3 24 1 6 11 7 14 18 19 23 15 26 22 32 28 25 2 5 12 10 8 4
5 3 17 20 10 26 16 14 23 15 25 1 4 2 7 8 13 6 21 9 32 22 11 18 12 27 19 31 30 28 24 29
31 13 32 5 21 23 27 25 14 17 12 11 10 26 6 1 20 8 22 19 7 9 4 28 18 3 16 24 15 2 29 30
1 6 20 21 31 27 19 16 13 29 26 14 2 23 30 28 24 15 11 5 22 10 32 7 17 4 9 18 25 8 12 3
11 30 27 17 20 29 3 4 5 10 6 13 8 14 28 26 22 25 19 21 31 15 1 16 32 2 7 23 18 12 9 24
9 5 30 31 23 7 25 10 26 12 18 19 32 22 21 16 28 11 15 3 17 14 6 29 8 13 1 2 24 27 4 20
21 25 11 1 9 18 19 6 7 5 17 12 13 24 27 2 3 32 31 15 23 29 30 8 20 10 28 14 4 16 26 22
13 6 5 22 12 4 14 32 11 15 1 31 26 7 9 3 21 29 20 10 23 18 8 2 17 27 30 25 16 24 19 28
26 31 10 15 22 13 25 14 21 6 16 24 27 23 3 12 29 28 8 7 20 30 2 19 11 1 17 32 5 9 18 4
15 24 17 6 28 32 29 1 23 7 19 14 2 27 20 30 12 21 4 5 22 16 10 18 25 9 3 31 26 8 13 11
29 15 20 4 31 5 22 17 7 1 10 30 14 13 18 8 32 24 3 27 9 28 26 21 6 2 19 12 25 11 23 16
10 14 4 26 30 9 6 24 27 28 8 3 31 2 17 16 22 18 11 23 7 15 19 13 5 20 32 21 1 25 12 29
3 4 29 20 32 24 18 8 5 27 25 11 23 12 13 2 14 1 28 6 31 22 30 7 15 21 26 16 17 10 9 19
31 25 21 19 23 4 15 11 14 16 29 12 32 6 5 22 7 26 18 2 27 8 20 17 24 3 9 10 30 28 13 1
8 1 12 31 6 27 26 9 11 29 23 13 4 7 16 21 18 25 22 14 15 20 24 3 19 28 30 17 10 2 5 32
23 30 13 16 12 29 5 32 2 9 3 1 10 11 7 19 17 15 31 22 28 4 8 6 26 25 20 18 14 21 24 27
10 3 15 30 20 19 27 23 31 18 6 12 1 22 26 28 5 9 24 17 21 7 2 16 32 8 29 25 11 14 4 13
21 27 30 14 5 18 2 25 26 17 11 19 13 31 3 7 20 6 28 9 23 10 16 32 12 4 24 8 15 1 29 22
29 26 32 21 20 11 9 12 17 10 2 31 24 30 27 1 13 4 15 19 22 16 6 28 25 14 7 23 18 5 8 3
2 8 19 18 30 23 15 24 27 9 1 3 20 13 6 4 25 7 17 21 32 14 10 31 11 29 28 5 16 12 22 26
3 4 23 1 22 10 16 5 14 12 20 11 6 28 30 13 32 31 21 19 27 9 26 8 24 17 2 7 15 18 25 29
1 27 17 5 10 7 24 6 9 28 18 22 25 29 21 15 23 19 4 13 11 30 32 2 26 8 3 12 20 14 31 16
8 5 4 17 18 13 6 10 3 21 12 24 26 23 9 22 1 2 20 27 15 29 11 32 31 14 16 7 30 25 19 28
13 31 5 4 28 32 29 16 21 14 10 19 6 30 11 3 12 9 8 2 24 15 7 18 17 25 1 23 27 22 26 20
31 24 10 15 3 9 26 1 13 5 17 30 8 2 25 23 20 32 11 6 7 22 19 29 18 28 27 21 14 16 12 4
23 14 31 22 12 24 9 17 5 27 16 25 4 8 15 7 29 1 3 26 20 2 10 13 6 21 30 32 11 28 18 19
15 3 30 26 32 19 18 14 17 1 8 29 27 22 13 2 16 6 21 23 9 28 4 7 5 20 24 25 12 10 31 11
18 16 19 30 31 4 14 23 12 26 25 32 10 11 28 13 3 20 22 21 29 8 6 17 15 27 7 5 24 2 9 1
9 6 15 18 1 5 27 4 23 10 29 13 24 12 17 8 22 7 19 14 31 26 30 11 20 3 2 16 25 21 28 32
5 13 27 20 4 15 31 6 2 18 26 1 32 24 25 19 14 11 17 10 22 30 12 3 8 29 9 21 28 7 23 16
10 30 23 14 21 13 12 9 3 16 11 31 22 6 18 26 28 29 24 15 17 7 1 19 32 2 20 8 4 5 25 27
24 15 13 19 9 11 6 8 21 17 16 14 20 26 30 28 25 2 23 22 32 4 7 31 5 12 29 10 18 27 1 3
11 14 12 30 6 7 25 32 8 21 15 29 1 13 5 3 17 18 31 9 27 10 19 23 20 4 28 2 16 26 24 22
10 26 32 22 30 29 16 25 11 9 19 3 24 14 20 1 5 15 18 17 23 2 8 6 31 21 27 12 4 7 28 13
9 25 5 16 3 23 2 24 27 29 18 14 10 31 28 12 13 19 15 22 11 7 26 21 6 20 32 8 17 1 4 30
3 8 32 20 1 10 18 5 14 15 6 12 2 28 13 30 21 31 11 23 7 4 22 16 19 25 29 17 27 9 24 26
18 6 15 1 4 30 12 10 7 28 3 25 13 27 21 16 23 14 8 5 9 22 11 2 32 17 20 31 26 24 19 29
23 3 30 21 5 10 15 4 11 9 2 31 19 12 6 7 16 26 18 14 24 28 32 13 25 29 17 22 1 27 8 20
26 25 20 5 28 27 3 16 31 14 10 13 6 23 7 29 22 4 12 17 21 9 2 18 15 8 32 24 30 11 1 19
2 30 31 6 18 19 9 11 23 12 8 25 27 7 16 21 14 3 4 13 15 20 32 29 24 1 26 17 5 10 22 28
5 13 32 26 21 18 24 1 8 6 25 19 23 2 17 4 3 29 20 15 7 10 22 16 11 14 30 12 28 9 31 27
13 6 19 4 31 23 5 16 27 15 1 32 25 30 9 12 22 7 24 10 21 2 20 28 18 17 3 14 11 8 29 26
24 4 10 31 28 30 25 32 12 27 29 3 21 6 18 22 20 15 17 2 9 8 11 7 19 13 16 23 14 5 26 1
13 26 27 21 9 23 16 5 3 10 29 12 4 14 6 15 20 24 11 19 17 22 8 28 31 25 7 32 1 2 18 30
8 6 13 20 12 4 15 16 5 14 17 1 19 24 27 2 21 9 22 23 31 30 26 11 25 10 3 7 18 28 29 32
9 15 23 4 5 7 29 8 13 10 11 14 25 27 30 19 12 18 24 6 22 2 1 3 20 21 32 31 17 16 26 28
15 25 4 6 9 24 12 14 21 18 20 3 13 8 5 30 17 31 19 10 23 26 7 2 32 28 1 16 11 27 22 29
24 8 10 18 1 11 31 4 26 27 2 12 6 30 9 3 5 15 23 21 13 28 16 32 17 20 29 25 14 7 19 22
23 27 21 14 30 32 18 12 17 15 6 1 2 26 13 16 29 20 3 5 24 7 4 31 19 9 28 22 10 8 25 11
3 1 30 5 4 31 27 10 9 28 19 11 26 6 16 12 25 7 8 22 20 29 32 21 18 17 24 14 15 2 23 13
29 4 27 31 23 30 14 9 12 1 3 24 8 11 21 22 16 2 28 17 32 15 20 6 5 13 7 10 25 26 18 19
18 31 15 1 32 29 5 6 27 16 12 30 22 24 20 23 28 11 21 14 9 4 2 19 8 10 17 7 26 25 13 3
21 30 19 22 31 13 26 25 14 17 1 32 4 28 11 2 23 24 15 9 29 8 10 7 6 3 16 18 27 5 12 20
