9142 8750 7156 6862 6507 5533 5282 5352 5263 5155 3384 4020 3557 2557 2429 1959 1778 1631 1497 1464 1215 1020 1015 915 790 773 507 570 442 378 375 354 276 246 239 212 195 131 128 133 99 90 79 66 59 55 59 38 37 26 25 24 22 18 14 14 12 10 8 7 7 5 5 4 4 3 3 2 2 2 2 1 1 1 1 1 1 1
6 11 5 7 13 14 8 4 10 1 9 12 3 2
1 7 3 11 14 13 5 8 6 9 4 2 10 12
9 13 11 7 6 10 1 3 8 4 2 14 12 5
8 3 6 9 1 5 10 2 11 14 12 4 13 7
7 9 12 1 4 2 13 14 5 6 11 3 8 10
4 14 2 12 9 3 8 5 7 10 13 1 11 6
11 6 9 4 12 1 2 7 3 13 10 8 14 5
10 12 4 8 2 7 14 13 9 11 5 6 1 3
12 4 14 13 10 6 3 11 8 2 7 9 5 1
14 8 7 10 5 4 11 1 12 3 6 13 2 9
13 2 10 3 11 5 6 12 1 4 8 7 9 14
2 5 8 6 3 11 12 9 14 7 1 10 4 13
3 1 13 2 7 9 5 10 4 8 14 12 6 11
4 10 1 14 8 12 9 3 5 2 13 11 7 6
1 10 14 5 11 8 9 6 13 12 4 7 3 2
5 6 11 12 4 9 7 8 2 1 3 14 13 10
11 13 2 3 6 12 4 7 1 10 9 5 14 8
13 9 12 4 3 11 1 14 10 5 2 6 7 8
5 2 1 14 9 8 13 4 6 11 7 3 10 12
9 1 3 11 8 10 6 5 7 13 12 4 2 14
6 11 10 2 1 5 4 8 3 14 13 9 12 7
2 14 5 12 7 3 13 11 9 6 8 10 1 4
5 12 4 3 8 14 10 9 2 7 11 1 13 6
14 3 6 5 12 1 2 13 4 11 10 7 9 8
4 6 13 9 10 8 5 12 11 14 1 2 3 7
1 13 9 10 14 3 7 2 6 5 8 4 11 12
11 4 8 1 2 7 12 6 3 13 14 5 9 10
10 14 12 13 2 6 4 1 9 8 5 11 7 3
13 9 7 4 5 2 1 6 10 12 3 8 14 11
7 2 5 6 9 12 13 10 1 11 8 3 14 4
11 4 3 1 6 10 14 8 5 7 2 13 12 9
13 3 14 9 4 11 12 1 8 5 10 6 7 2
3 10 11 4 12 5 1 9 7 14 6 8 2 13
12 7 8 6 3 14 9 2 13 10 1 5 11 4
9 6 13 12 8 2 7 4 5 3 11 1 10 14
5 11 14 13 10 12 6 7 1 2 8 9 3 4
1 13 5 10 7 8 4 12 3 6 14 11 9 2
10 12 6 2 14 7 5 8 9 1 3 4 13 11
4 8 2 1 12 5 3 9 11 10 6 7 14 13
7 13 10 9 3 8 12 4 14 6 5 2 11 1
11 4 12 13 5 7 14 6 8 3 2 9 1 10
5 7 4 2 8 12 10 11 6 1 14 3 9 13
9 11 7 6 8 14 2 12 4 5 3 13 10 1
7 2 3 14 4 6 5 13 8 12 11 10 1 9
10 8 6 3 2 4 14 13 11 7 1 5 12 9
3 14 4 10 9 1 5 6 7 2 8 12 13 11
1 10 2 4 5 11 3 8 13 9 12 7 14 6
12 3 10 1 14 2 6 7 4 5 13 11 9 8
13 5 12 11 7 4 9 1 6 10 8 2 3 14
9 8 11 5 1 2 4 10 14 7 13 6 12 3
4 12 7 6 11 5 2 8 9 14 1 13 3 10
12 6 11 3 9 7 10 2 4 1 5 14 13 8
7 3 9 5 8 6 4 10 14 2 11 12 1 13
13 5 10 14 4 2 6 12 8 3 7 11 9 1
4 2 14 13 1 5 10 9 6 11 8 7 12 3
9 8 7 6 11 1 2 4 10 12 14 5 3 13
3 7 6 14 2 11 4 13 8 5 12 1 10 9
5 3 12 13 14 4 2 11 9 6 7 8 1 10
11 6 4 12 9 1 10 7 5 14 8 3 13 2
13 11 14 5 3 7 12 6 8 9 1 10 2 4
4 1 12 9 5 14 6 11 7 10 13 8 2 3
11 10 13 3 7 2 9 6 4 12 8 5 14 1
12 4 13 14 1 6 5 7 8 9 11 3 10 2
13 12 14 2 10 3 4 1 5 7 6 8 9 11
7 13 5 3 4 2 6 9 11 1 8 14 12 10
5 2 4 13 6 3 10 12 9 11 14 7 1 8
1 5 9 10 8 4 2 6 14 7 12 11 3 13
11 8 6 4 14 1 5 2 7 12 13 9 3 10
5 12 7 4 3 6 9 8 10 1 13 11 2 14
9 8 7 12 2 3 10 4 5 14 6 1 13 11
3 2 4 10 9 5 14 13 8 6 11 12 7 1
13 4 12 3 2 6 11 10 9 5 8 7 1 14
7 13 5 9 10 3 11 2 4 6 12 1 14 8
12 10 2 5 3 7 6 8 11 1 14 9 13 4
5 4 12 3 7 6 2 1 14 11 13 8 10 9
3 12 9 13 14 1 5 2 4 10 6 7 11 8
7 5 13 11 1 14 4 10 9 12 8 3 2 6
1 8 6 14 11 2 12 13 7 9 5 10 3 4
