21754 21754 13590 10000 7852 6233 4191 3590 2757 2417 1375 1375 601 601 531 531 243 287 146 59 59 43 11
3 2 6 8 5 13 7 1 11 9 12 4 10
8 6 10 5 11 12 2 13 9 1 3 7 4
7 5 1 11 6 13 3 10 2 8 9 4 12
11 3 6 5 1 9 4 2 10 7 13 12 8
9 5 12 7 13 4 10 6 11 8 3 1 2
12 4 5 1 2 13 3 8 11 7 9 10 6
13 4 3 9 5 8 11 6 10 2 1 7 12
7 12 4 1 3 9 8 5 10 2 13 11 6
13 2 9 3 12 11 5 6 8 7 4 10 1
2 1 8 11 3 10 4 7 12 9 13 5 6
5 4 10 6 7 13 12 9 2 1 3 8 11
11 2 9 3 7 8 6 12 13 10 4 5 1
7 12 6 5 11 2 8 13 9 1 3 4 10
8 13 4 9 3 12 7 5 10 2 1 11 6
7 13 3 5 11 2 8 6 10 1 9 4 12
8 4 6 1 5 12 7 13 9 2 3 11 10
7 13 8 9 12 2 6 3 4 5 10 1 11
11 13 4 6 7 8 12 9 2 10 3 5 1
7 2 8 9 12 13 6 3 4 5 10 1 11
7 4 9 1 5 13 8 6 10 2 3 11 12
11 13 3 6 7 8 12 9 2 10 4 5 1
7 4 3 9 5 13 8 6 10 2 1 11 12
7 4 3 1 5 13 8 6 10 2 9 11 12
