25754 23958 23909 23916 23527 22833 23909 22966 22657 22726 22252 21811 22236 21169 21490 21216 20601 20855 20345 19325 19107 20115 19720 19442 19000 19136 19015 17701 18480 18122 17756 17487 17212 16770 16830 16190 16127 15736 15454 15113 14811 14340 13680 13353 12122 10360 9450 6473 3804 3260 2956 2917 3095 2653 2721 2690 2447 2524 2504 2201 2168 2336 2167 2147 1879 2017 1948 2016 1919 1839 1743 1699 1755 1627 1569 1551 1445 1438 1320 1310 1318 1286 1167 1237 1195 1091 1076 1030 948 934 882 834 756 722 733 726 633 618 560 590 550 534 500 521 437 416 419 412 383 391 373 351 344 335 307 305 331 305 290 271 289 261 262 241 242 230 224 225 211 211 205 193 182 162 162 171 157 137 144 140 125 120 114 113 109 98 105 92 102 87 88 84 83 79 81 73 72 71 71 69 65 64 62 54 55 55 49 51 48 47 46 42 44 39 41 38 37 35 33 35 34 30 30 29 29 26 23 25 23 23 22 18 20 19 19 18 16 16 16 15 13 14 13 13 12 13 12 11 11 11 10 10 10 9 9 8 8 8 8 8 7 7 6 6 6 6 6 6 5 5 5 5 4 4 4 4 4 4 4 3 3 3 3 3 3 3 3 2 2 2 2 2 2 2 2 2 2 2 2 2 2 1 1 1 1 1 1 1 1 1 1 1 1 1 1 1 1 1 1 1 1 1 1 1 1 1 1 1 1 1 1
24 22 25 27 43 2 1 38 11 32 8 23 34 42 13 39 41 29 16 20 31 12 5 10 28 21 26 44 33 35 4 17 6 9 40 14 37 18 47 46 7 3 45 30 19 15 48 36
28 26 12 21 46 1 13 8 32 36 40 38 33 43 24 31 18 45 15 4 11 3 17 7 25 27 41 5 30 37 16 6 2 35 23 39 14 48 42 34 47 29 22 44 20 10 9 19
44 15 36 32 10 39 31 4 28 35 21 19 7 2 41 45 38 9 22 8 12 20 26 47 16 48 13 43 42 3 5 33 14 46 17 1 29 11 18 37 30 40 6 34 23 24 27 25
46 14 32 35 12 16 36 40 37 44 47 29 27 22 18 23 28 26 45 15 2 7 34 1 8 9 43 13 11 5 3 41 33 31 10 38 25 21 19 20 24 39 30 42 4 48 6 17
9 20 35 48 45 25 7 12 42 31 6 26 14 3 28 4 43 16 30 23 15 39 38 17 46 32 10 19 29 33 36 40 41 2 13 27 24 47 5 1 44 34 37 18 11 8 21 22
39 6 18 12 28 14 29 21 15 42 45 40 43 20 31 37 3 38 7 34 17 32 4 23 2 44 48 41 24 10 9 16 8 11 33 22 36 46 13 19 35 1 25 47 30 27 5 26
16 29 27 14 35 21 22 18 41 6 32 1 10 25 11 9 31 2 44 7 34 19 46 43 13 42 24 45 39 38 8 37 40 26 30 4 48 15 3 47 5 36 17 33 28 23 12 20
10 36 46 3 42 40 35 45 29 37 12 31 5 13 23 17 22 30 6 25 48 47 9 18 44 33 34 1 16 2 15 24 39 8 21 28 4 32 7 38 43 19 14 20 41 26 11 27
6 18 29 22 3 26 14 15 1 48 25 17 46 21 9 28 20 39 10 12 38 5 24 42 33 4 35 27 40 19 32 47 34 37 2 44 16 8 11 30 36 45 43 23 13 41 7 31
43 34 42 1 32 41 15 23 35 20 16 33 18 38 6 48 46 44 14 39 40 24 25 12 17 11 21 8 28 22 45 31 47 3 27 13 19 7 4 26 37 30 5 9 29 36 10 2
48 28 20 23 41 24 10 36 2 26 35 45 13 8 16 30 27 31 3 44 47 37 22 15 21 18 42 14 9 6 39 11 5 33 12 34 7 17 32 4 25 46 38 29 40 19 43 1
45 32 24 17 21 28 30 13 23 18 14 41 44 27 37 46 4 7 11 35 42 16 31 48 5 43 3 38 2 39 25 1 22 29 8 10 26 20 40 6 9 15 33 36 12 34 19 47
1 43 10 40 33 12 27 22 31 46 42 7 45 28 19 8 17 35 38 29 30 23 18 34 26 20 36 32 41 13 24 9 37 39 4 47 5 6 21 25 14 44 11 15 16 2 3 48
13 48 6 42 7 10 8 28 17 23 22 47 20 40 25 2 30 4 26 31 9 14 12 32 34 15 38 37 44 21 35 43 36 18 1 11 3 16 33 27 19 24 41 39 46 29 45 5
15 46 33 25 40 7 20 11 30 12 18 28 38 41 4 6 36 37 1 14 5 22 8 13 47 29 39 24 31 16 27 23 32 34 19 3 44 26 43 10 2 35 42 21 48 9 17 45
35 30 11 29 2 31 44 37 8 45 34 16 23 17 26 24 47 36 41 9 25 18 1 21 3 10 7 39 20 42 28 46 13 40 38 6 15 33 14 48 4 12 19 27 43 5 22 32
37 16 9 47 1 17 39 5 38 2 41 11 26 10 15 33 8 3 13 22 19 40 35 30 43 45 25 12 18 46 23 4 48 32 36 31 6 44 27 29 20 42 34 28 21 14 24 7
33 13 21 39 44 42 45 43 36 47 24 9 30 5 34 18 12 6 46 2 4 10 16 19 38 31 32 28 17 40 29 7 27 15 41 25 8 35 23 22 11 14 26 48 3 1 20 37
8 44 13 6 9 20 4 31 3 21 5 36 39 29 38 43 40 17 34 10 23 15 11 24 30 47 19 25 37 32 2 12 26 1 48 41 22 14 28 16 33 7 27 45 18 35 42 46
14 7 40 16 17 15 19 20 6 43 9 32 42 46 3 22 11 28 8 26 37 30 33 2 48 1 47 36 38 27 13 44 25 45 18 23 31 24 39 35 41 10 29 4 5 21 34 12
31 33 15 44 22 11 25 27 43 5 3 12 6 37 14 29 10 24 20 28 36 21 32 4 35 17 45 18 1 8 48 2 42 41 47 40 38 19 26 13 16 9 23 46 34 7 39 30
11 35 44 2 47 9 21 48 34 28 19 8 15 18 22 20 37 27 31 33 7 6 23 41 45 25 46 17 26 36 30 38 24 10 32 16 42 13 29 12 3 43 1 5 14 39 40 4
22 45 8 20 25 44 47 30 46 9 1 43 3 48 42 27 16 21 40 32 10 34 39 6 11 7 14 2 4 24 37 36 38 19 29 5 28 23 31 18 13 41 35 12 15 17 26 33
5 21 39 7 13 32 40 16 14 29 43 3 4 9 44 11 15 42 33 18 20 8 6 45 27 35 22 46 19 34 12 26 10 36 28 30 41 25 1 24 31 38 48 37 17 47 2 23
34 37 45 9 26 5 2 42 24 16 11 48 12 47 20 21 13 1 25 19 35 38 3 33 39 23 29 6 32 17 46 30 4 27 44 8 18 40 10 7 28 22 15 43 36 31 41 14
21 8 4 36 29 30 6 3 26 11 28 24 41 14 1 47 7 10 5 13 44 25 19 40 32 22 27 16 46 45 18 35 12 43 42 48 34 31 15 39 23 17 9 2 33 20 37 38
17 3 48 46 19 6 9 1 39 25 2 35 8 31 40 38 21 13 42 11 41 4 36 14 12 26 30 22 27 20 43 29 28 7 5 18 45 34 44 32 10 37 16 24 47 33 23 15
38 2 7 11 36 35 37 34 27 17 26 14 25 12 39 40 29 32 18 43 8 42 48 5 9 6 23 4 3 31 22 21 19 30 24 20 33 10 41 15 46 13 47 1 44 45 28 16
12 17 43 31 34 47 5 7 40 10 37 22 29 24 8 36 39 19 9 45 28 2 30 35 20 46 33 11 15 23 6 48 18 25 16 42 32 1 38 3 27 4 21 14 26 13 44 41
47 25 23 34 48 19 38 14 44 15 27 18 1 30 7 16 5 41 29 37 26 43 2 36 22 13 9 33 45 11 40 3 31 17 35 24 39 28 12 8 21 32 20 10 6 46 4 42
32 10 14 45 6 36 26 17 5 3 38 27 28 4 33 12 23 15 43 30 39 46 47 9 24 37 18 34 25 7 20 8 16 44 11 19 21 41 48 42 1 2 31 13 22 40 29 35
18 9 31 41 14 3 46 39 25 24 4 20 37 34 12 19 26 33 47 17 6 1 10 11 29 28 16 42 7 48 38 32 35 5 45 36 23 30 2 44 22 27 13 40 8 43 15 21
19 42 47 30 39 8 16 33 9 14 48 44 2 6 10 3 32 43 17 40 21 13 37 28 31 5 12 29 36 4 26 27 1 22 15 35 11 45 46 23 34 20 7 41 25 38 18 24
36 24 38 19 23 45 17 29 16 40 33 13 32 26 30 1 48 22 4 42 14 44 15 39 41 8 28 7 5 25 31 10 21 47 20 9 2 3 35 43 6 18 12 11 27 37 46 34
4 12 22 18 5 38 41 44 10 8 7 6 19 1 48 35 24 11 23 46 43 45 13 27 15 40 37 21 47 26 33 42 30 20 34 29 9 39 36 14 17 31 2 25 32 3 16 28
26 4 17 13 31 22 32 9 18 7 23 5 48 16 36 34 25 40 21 1 45 27 28 3 19 12 2 47 35 43 44 15 29 38 37 33 20 42 24 41 39 11 46 6 10 30 14 8
41 39 5 43 8 4 11 35 13 34 46 15 16 7 2 32 19 47 27 38 1 31 45 29 6 14 40 30 48 44 21 20 23 24 22 37 17 12 25 36 18 26 10 3 42 28 33 9
3 47 19 38 27 37 12 2 33 22 44 21 11 15 46 26 1 5 24 16 32 48 42 20 4 41 31 35 6 14 10 13 17 28 9 43 30 29 34 45 40 23 18 8 7 25 36 39
25 38 37 8 4 27 48 46 7 41 31 39 40 36 5 10 2 23 19 6 18 33 29 16 42 30 20 3 34 15 1 14 43 21 26 45 35 22 17 28 12 47 24 32 9 11 13 44
29 23 41 24 11 46 43 32 19 13 17 34 36 33 27 7 6 18 28 48 22 9 21 38 14 39 15 20 10 1 47 5 45 42 3 2 12 37 16 31 8 25 4 26 35 44 30 40
7 11 30 33 38 18 3 6 45 4 13 42 17 23 47 44 35 25 36 21 24 26 27 46 10 34 1 40 22 9 41 39 15 48 14 12 43 2 20 5 32 28 8 19 37 16 31 29
42 19 26 15 30 43 34 25 48 39 36 4 21 45 35 13 33 20 32 41 27 11 7 37 1 24 8 23 12 29 14 28 44 6 46 17 40 5 9 2 38 16 3 22 31 18 47 10
20 31 16 28 37 33 23 19 22 30 39 2 9 44 32 15 14 34 12 27 13 29 41 25 40 38 11 10 8 18 17 45 46 4 7 26 47 43 6 21 48 5 36 35 24 42 1 3
40 5 2 4 15 48 24 41 20 19 29 30 31 32 21 42 34 14 39 47 16 17 44 8 36 3 6 26 13 12 11 25 7 23 43 46 10 27 37 9 45 33 28 38 1 22 35 18
2 40 1 5 24 23 33 47 12 27 10 46 22 35 43 41 42 8 37 3 29 36 14 26 18 19 44 48 21 28 7 34 20 16 25 32 13 9 30 17 15 6 39 31 45 4 38 11
27 41 34 37 20 29 28 26 4 1 30 10 24 11 17 25 45 12 2 36 3 35 40 22 23 16 5 15 14 47 19 18 9 13 31 21 46 38 8 33 42 48 44 7 39 6 32 43
30 1 3 26 18 13 42 10 47 38 15 25 35 39 45 5 9 46 48 24 33 28 20 44 37 36 17 31 43 41 34 19 11 14 23 7 27 4 22 40 29 21 32 16 2 12 8 6
23 27 28 10 16 34 18 24 21 33 20 37 47 19 29 39 44 48 35 5 46 41 43 31 7 2 4 9 14 30 42 22 3 12 6 15 1 36 45 11 26 8 40 17 38 32 25 13
24 26 28 27 43 33 18 38 21 32 20 19 34 42 29 14 44 48 35 5 46 41 17 31 7 2 4 9 23 30 16 22 6 12 39 15 1 36 45 37 47 8 40 11 3 10 25 13
30 15 1 21 10 13 28 4 32 33 31 37 22 43 45 14 9 12 16 20 29 3 40 44 25 36 5 27 23 41 42 18 2 35 39 7 46 48 47 11 26 34 6 17 38 24 8 19
24 38 25 10 16 1 13 8 12 35 15 29 47 42 31 14 44 46 48 5 33 28 26 7 2 27 17 19 23 37 4 22 41 9 40 39 36 18 3 34 43 21 45 30 20 32 6 11
23 6 25 10 18 29 1 8 47 33 20 31 43 11 17 7 45 5 2 4 46 28 41 22 16 9 44 36 24 3 35 19 14 12 39 15 30 38 42 40 26 48 37 34 21 27 32 13
2 27 28 26 46 39 7 38 4 1 30 23 6 19 41 45 33 29 16 20 13 3 44 47 25 48 11 43 12 18 9 17 8 35 10 14 37 36 5 15 24 40 32 42 34 21 31 22
23 22 41 27 20 2 18 26 37 36 21 19 30 42 5 14 43 45 12 15 46 33 7 10 28 38 13 1 48 35 3 16 6 9 40 32 31 4 8 34 29 39 44 47 11 24 25 17
27 4 3 35 16 23 31 40 45 38 29 10 7 39 24 25 18 9 36 20 37 11 17 26 46 32 41 8 13 12 42 21 14 2 6 22 1 5 47 19 15 33 43 34 30 48 28 44
20 2 26 23 15 16 35 12 22 32 47 25 48 33 43 40 3 37 6 36 45 7 4 38 1 21 31 44 8 28 13 5 34 14 39 17 24 18 11 27 42 29 30 41 46 10 9 19
36 37 25 3 38 11 1 4 7 40 6 46 34 2 29 15 42 41 32 24 16 12 14 28 23 30 45 5 21 31 48 18 44 13 17 26 33 9 19 20 35 10 22 47 39 8 27 43
43 9 35 32 10 15 29 21 33 14 39 40 24 19 48 4 34 16 37 20 22 36 26 42 41 27 17 13 23 47 7 25 45 11 31 1 12 8 18 46 30 3 28 44 5 2 38 6
24 1 2 11 3 13 6 4 21 42 20 12 27 37 32 44 9 7 39 38 8 29 48 23 35 16 10 15 43 19 46 28 5 31 36 45 14 47 33 30 26 41 25 17 40 22 34 18
7 11 16 12 18 29 42 10 15 2 9 23 33 43 30 31 48 22 8 28 17 20 34 27 3 19 24 41 1 37 25 44 47 35 6 46 38 32 45 5 36 13 39 40 4 14 21 26
14 39 31 28 20 25 48 24 6 5 45 26 42 12 13 29 44 8 15 4 36 32 33 11 16 41 43 9 38 21 2 19 46 30 7 40 35 22 27 37 47 34 17 1 23 18 3 10
38 26 30 33 11 34 13 8 42 23 10 14 41 44 45 37 43 3 28 5 15 27 24 17 4 9 18 31 16 2 22 6 25 12 39 21 20 48 7 47 29 35 40 46 19 32 1 36
44 23 40 42 16 24 36 21 47 37 3 41 15 46 17 2 29 34 4 8 32 31 28 20 48 1 26 19 22 5 45 27 7 38 10 33 11 43 14 35 25 9 6 18 12 30 39 13
41 12 15 16 37 40 28 38 46 39 48 5 25 7 24 23 1 33 35 31 18 47 32 2 10 43 44 14 34 30 36 45 22 3 8 4 13 20 26 17 9 19 21 6 27 11 42 29
4 19 22 26 36 1 25 18 23 7 17 32 12 15 11 42 14 31 21 40 29 35 6 43 37 34 28 45 5 10 24 30 3 46 33 27 2 38 13 9 41 8 47 16 48 44 20 39
40 34 5 21 45 22 38 26 11 31 44 36 17 23 18 33 35 25 46 47 28 14 3 1 8 2 27 37 30 48 29 24 39 9 41 43 16 10 32 13 7 42 15 20 6 4 19 12
18 33 7 44 30 38 37 40 48 6 15 22 47 27 23 21 11 36 19 26 14 3 35 5 31 39 34 43 10 29 16 2 20 8 9 12 17 46 4 45 32 24 42 13 1 28 41 25
23 25 38 37 43 16 2 47 18 8 33 29 9 4 36 12 30 35 13 10 21 24 31 44 14 32 5 26 40 6 19 39 17 27 48 11 3 28 22 41 45 15 34 42 20 1 7 46
37 21 32 17 4 18 41 10 27 26 16 45 20 42 46 22 5 39 34 15 31 44 43 25 29 28 3 24 36 11 12 13 8 23 1 9 47 33 40 6 14 38 19 7 2 35 48 30
26 17 34 36 31 35 14 24 5 46 41 11 39 30 47 32 10 18 7 48 3 19 9 15 40 6 1 38 2 44 8 20 27 37 22 23 25 29 42 4 43 45 13 21 16 12 33 28
21 42 14 10 5 31 18 25 30 35 23 38 46 36 43 27 3 11 40 24 41 20 29 39 34 4 47 12 37 1 15 48 33 13 2 8 9 7 28 26 16 6 45 32 44 19 22 17
16 47 48 46 14 23 8 32 3 43 13 1 36 6 40 35 21 28 18 34 33 26 45 10 19 17 2 11 7 4 30 15 29 5 25 20 27 44 39 42 24 22 37 31 41 38 12 9
42 5 36 41 12 14 33 45 13 27 35 48 26 22 1 34 18 23 3 9 6 28 20 30 21 11 15 19 25 8 32 29 40 4 17 39 43 16 10 44 2 46 31 38 7 47 24 37
6 24 45 40 7 26 11 12 14 17 38 19 28 48 16 25 8 46 33 20 39 9 30 47 18 44 37 32 35 27 5 34 15 36 13 3 21 4 41 10 42 1 23 2 22 29 43 31
31 8 17 30 24 6 32 9 43 12 26 35 3 34 7 41 2 20 11 22 1 45 5 21 38 19 46 25 42 15 27 10 36 44 28 14 4 18 29 48 37 39 33 23 13 16 47 40
34 44 19 5 6 41 39 23 38 21 7 47 4 32 2 16 40 26 25 42 43 13 27 18 30 33 29 20 9 3 37 14 48 22 12 31 28 15 1 11 46 17 36 8 10 24 45 35
29 40 6 15 21 43 22 44 34 32 28 27 1 26 10 13 45 4 16 30 42 41 7 12 33 24 9 2 3 39 23 36 35 14 46 18 19 11 47 20 38 5 48 37 25 31 17 8
12 7 13 48 32 44 40 4 26 1 36 3 11 10 14 5 42 17 20 25 27 37 46 33 22 45 16 6 24 19 28 43 23 41 30 35 29 9 21 38 47 31 18 39 8 15 2 34
25 10 8 38 2 42 21 29 9 33 11 7 44 47 3 26 13 1 22 16 23 39 12 4 27 15 40 46 45 43 18 35 30 17 24 41 6 37 19 31 48 28 32 14 36 34 5 20
39 31 44 27 13 45 26 19 36 15 4 25 43 3 28 38 16 29 10 46 35 22 2 40 9 20 33 23 6 17 11 41 37 1 21 42 34 47 48 8 18 14 5 12 32 7 30 24
8 45 1 25 17 5 23 41 44 11 22 18 24 19 33 6 15 21 30 14 40 32 39 48 36 42 20 13 46 34 4 47 43 16 38 10 7 27 3 28 35 12 29 26 31 9 37 2
46 41 4 7 39 2 12 24 8 28 1 17 38 14 21 11 6 10 29 35 9 16 37 31 5 18 25 30 15 22 3 26 42 32 47 48 40 45 23 36 44 27 20 34 43 33 13 19
33 48 47 3 22 10 5 46 37 20 25 9 23 39 12 36 19 30 26 41 34 21 1 29 42 13 8 18 44 14 38 16 6 28 35 2 24 32 31 43 15 11 7 4 45 17 40 27
22 20 24 9 27 48 16 18 19 25 40 21 8 45 32 10 34 38 1 33 44 30 36 35 6 5 14 7 31 46 39 12 28 47 37 15 41 2 17 29 13 23 43 3 4 26 11 42
28 38 9 32 44 4 27 35 17 22 34 37 10 8 5 30 12 2 45 1 24 23 11 16 15 3 39 48 29 7 40 31 13 25 26 36 46 14 20 19 33 21 41 47 18 42 6 43
35 30 37 29 23 46 20 33 10 4 5 8 31 24 39 1 38 40 17 2 16 42 21 14 47 36 48 28 11 9 6 19 34 45 43 32 18 12 13 3 22 7 44 25 15 27 26 41
32 13 3 45 48 20 44 27 1 38 8 4 35 31 29 46 26 24 41 43 2 7 25 6 17 12 23 39 47 36 42 40 11 15 18 34 10 30 9 16 28 37 22 33 19 5 14 21
9 3 39 22 41 12 34 14 20 45 46 10 2 29 13 47 4 44 5 11 30 1 15 8 43 48 32 33 26 42 31 17 21 40 27 6 23 35 37 7 19 18 38 28 24 25 36 16
17 15 33 6 42 7 10 34 35 36 27 24 5 20 25 3 37 43 31 23 19 48 16 9 12 29 22 45 32 47 13 46 2 21 11 38 44 1 8 40 26 4 28 30 39 41 18 14
19 16 25 2 9 28 17 1 39 30 14 46 29 33 27 43 20 6 42 18 47 38 8 32 44 31 35 21 3 40 24 23 26 48 4 37 22 41 7 12 5 13 11 36 34 45 10 15
13 35 22 39 40 24 47 2 32 16 42 28 34 21 8 15 31 14 23 6 10 29 19 41 3 46 4 43 27 45 7 11 12 33 44 30 48 17 36 1 20 26 9 18 38 37 25 5
7 6 28 35 18 36 30 47 40 41 12 16 3 43 44 14 25 27 24 17 26 15 13 45 46 8 38 22 48 32 33 37 10 2 19 29 39 21 42 34 31 20 1 5 9 23 4 11
11 46 23 31 15 21 19 45 29 24 47 2 18 1 35 4 32 48 9 13 5 17 42 7 28 10 12 37 41 20 44 33 38 6 40 16 3 26 43 39 8 30 25 27 14 36 34 22
45 27 11 28 1 30 43 39 31 9 29 44 42 2 41 19 24 15 47 12 4 46 34 36 26 38 21 14 20 16 6 18 32 3 5 7 37 40 22 25 17 48 35 10 23 13 8 33
30 23 21 4 8 9 15 38 2 18 37 39 32 16 20 31 36 47 48 45 17 40 10 43 11 14 6 41 13 25 35 22 3 28 29 44 26 5 24 33 1 34 12 19 42 46 27 7
20 42 46 34 3 32 9 21 7 10 2 13 19 5 37 44 27 12 43 28 25 33 23 26 45 35 30 1 39 41 48 8 31 11 14 24 15 6 38 47 36 16 4 22 17 40 29 18
5 41 27 1 46 37 42 25 12 29 3 15 6 40 31 8 7 32 38 4 18 36 47 24 16 22 19 17 23 21 43 28 9 10 34 26 30 13 45 14 11 2 39 48 33 20 44 35
47 18 34 38 33 25 7 8 4 3 17 23 12 11 24 39 41 13 2 21 20 35 44 28 37 16 42 29 6 48 5 1 14 31 36 19 45 43 15 22 30 40 27 9 26 10 46 32
10 19 20 14 26 29 45 37 24 13 44 34 40 17 38 9 33 30 27 36 11 12 4 6 23 15 7 5 35 3 25 32 47 41 42 46 8 22 18 2 21 43 16 1 48 39 28 31
2 31 43 23 10 17 1 11 16 48 19 40 47 9 30 7 46 42 32 38 36 41 24 13 25 20 12 27 28 37 26 3 44 22 45 4 33 39 35 18 6 29 14 15 21 8 5 34
27 36 7 43 38 39 35 15 25 40 21 20 28 12 48 17 23 16 14 32 46 31 22 3 24 37 13 9 4 26 30 42 33 18 19 1 47 8 2 5 34 10 11 45 29 44 6 41
4 29 26 47 20 13 30 12 45 42 9 32 33 41 11 40 17 48 28 19 38 34 14 46 7 23 36 10 43 2 15 25 6 5 31 22 35 21 44 27 39 24 8 16 37 18 3 1
15 47 38 13 35 27 19 26 12 21 31 6 37 18 9 45 48 1 8 44 28 3 33 29 10 25 22 4 34 5 2 24 41 42 7 30 16 40 39 17 43 36 46 14 11 23 32 20
48 4 16 42 24 11 10 32 22 47 45 30 25 39 23 20 28 31 18 27 29 5 26 19 2 36 33 8 1 13 37 41 7 35 6 40 14 15 21 46 38 3 17 43 12 34 9 44
14 24 18 12 5 1 29 41 23 30 43 26 13 34 47 6 9 45 39 37 19 48 17 2 4 7 3 40 21 11 22 44 15 46 16 33 28 31 32 38 42 25 10 27 35 36 20 8
43 33 32 24 14 34 4 36 29 35 20 31 1 44 42 38 19 7 3 41 37 2 6 21 48 18 8 15 45 10 28 5 11 23 40 25 9 30 16 13 12 47 26 17 46 27 22 39
24 39 14 19 43 30 46 10 2 34 1 33 15 25 18 42 44 22 4 7 13 23 28 47 32 26 35 31 17 6 16 38 20 37 27 29 11 36 41 9 3 8 12 40 5 48 21 45
3 10 5 44 46 15 24 29 4 14 48 12 16 2 17 36 39 21 31 11 22 27 40 9 20 42 28 26 19 35 8 34 18 13 33 45 25 1 6 37 7 32 41 23 47 43 30 38
11 5 6 20 8 17 21 48 16 9 10 3 14 37 27 23 34 29 15 12 45 24 38 31 1 43 39 47 42 4 36 30 22 7 35 28 2 18 26 32 40 19 25 44 41 46 33 13
44 30 48 15 21 9 27 31 24 36 28 43 7 14 12 29 6 32 41 22 3 8 4 25 39 40 23 35 2 18 45 19 1 20 11 47 17 38 34 42 37 33 16 46 13 5 10 26
18 43 41 33 45 10 15 40 34 16 29 36 4 8 39 1 25 20 27 13 7 11 3 12 38 17 47 46 5 44 21 35 32 14 28 6 42 26 30 23 24 2 9 31 22 37 19 48
19 17 8 16 26 22 12 3 32 33 39 38 36 23 43 14 45 6 2 4 31 30 41 15 11 10 7 40 9 28 18 47 46 34 13 27 20 5 48 21 29 44 35 37 1 42 24 25
24 26 36 18 31 21 13 6 48 44 11 5 20 28 33 19 37 23 29 47 1 45 10 42 12 4 46 27 22 15 3 32 30 2 43 7 34 41 14 35 16 25 39 8 40 9 38 17
8 34 46 13 1 3 5 17 39 7 12 22 45 15 28 35 47 10 21 23 42 6 14 18 16 48 43 29 37 30 11 36 24 44 32 41 38 25 4 20 27 9 33 2 26 40 31 19
34 32 42 3 36 25 22 16 7 18 38 14 23 11 29 41 31 4 26 46 30 39 48 20 35 5 44 9 8 47 40 21 43 1 2 17 6 13 28 45 19 24 27 10 33 15 12 37
47 48 2 6 16 46 9 4 10 15 32 8 39 40 21 11 27 3 1 17 23 26 30 22 18 34 24 44 7 38 19 14 35 36 12 5 43 33 25 31 45 42 29 13 20 41 37 28
30 8 11 48 47 13 25 46 40 2 22 35 26 3 31 43 36 18 20 34 33 44 5 4 6 45 32 38 10 1 23 15 42 17 21 37 19 12 16 28 14 29 24 41 9 7 39 27
2 25 15 5 23 41 20 7 28 17 14 16 48 36 37 34 42 12 10 18 32 47 11 35 8 33 4 6 29 31 39 43 21 40 22 44 13 24 1 26 46 45 3 30 19 38 27 9
31 40 27 26 15 32 43 44 37 24 2 9 17 16 35 5 3 28 47 6 34 20 33 1 23 13 21 30 11 36 46 45 10 8 18 42 41 7 19 48 22 38 4 39 14 25 29 12
37 21 31 24 10 6 23 25 5 28 27 45 43 7 3 4 18 11 22 1 15 13 19 39 34 12 9 42 36 32 41 16 14 26 20 35 29 17 47 8 2 30 48 38 44 33 46 40
38 44 7 11 33 31 47 19 25 1 36 10 21 17 8 28 43 34 14 39 2 42 35 5 46 16 15 18 27 9 12 40 37 30 23 3 4 22 26 24 41 48 32 20 6 13 45 29
10 11 45 30 37 27 26 33 41 43 5 7 46 19 24 9 15 25 12 44 35 29 20 8 42 3 2 23 18 34 13 6 28 21 17 38 1 4 40 14 32 22 47 36 39 31 48 16
35 22 39 2 41 47 28 23 3 5 46 1 9 26 15 13 12 14 30 24 10 19 34 7 31 6 20 36 44 29 27 11 45 38 16 25 32 37 33 4 8 43 18 42 48 17 40 21
28 1 35 14 22 18 16 2 19 12 47 23 13 42 45 48 7 27 32 30 41 37 17 36 25 39 34 5 31 8 38 33 9 4 44 21 10 46 29 6 15 40 20 24 43 26 11 3
4 13 40 27 9 42 24 22 38 41 6 2 11 47 1 7 16 17 5 35 48 25 18 23 45 19 30 34 15 26 31 46 39 33 37 32 21 20 10 44 36 3 28 12 29 14 8 43
33 12 23 29 3 5 37 9 31 20 15 26 8 38 40 21 17 13 6 14 47 22 45 41 19 7 18 10 46 39 24 25 48 32 4 36 27 28 44 43 11 34 1 16 2 35 42 30
27 37 21 9 6 23 34 30 15 11 3 19 38 1 20 17 13 26 7 42 14 28 32 44 22 46 48 4 41 43 29 24 8 16 47 2 12 39 18 33 25 35 40 5 31 45 36 10
6 15 20 41 11 35 7 27 33 13 37 4 25 10 14 32 24 47 34 36 5 21 44 45 26 28 40 8 48 22 1 12 29 9 38 18 46 43 3 2 31 16 30 19 23 39 17 42
45 35 19 47 25 36 17 39 18 38 40 3 29 22 6 30 23 43 44 20 16 9 26 24 33 21 37 15 12 27 4 1 2 7 5 46 31 8 32 13 48 41 10 34 42 28 14 11
39 38 16 21 40 43 18 45 36 23 13 46 7 31 34 10 32 8 9 2 27 1 24 11 17 26 19 37 30 42 3 20 4 47 29 33 48 44 12 25 35 28 5 6 15 22 41 14
22 16 17 19 4 37 36 3 30 29 26 34 10 46 41 2 14 40 13 7 21 24 47 33 43 35 42 39 20 23 32 48 12 25 1 15 8 6 31 11 9 5 38 28 27 44 18 45
42 7 18 3 19 24 8 47 35 22 25 37 40 6 26 15 38 46 11 29 9 14 43 30 28 27 16 20 13 45 2 31 36 48 10 34 5 32 39 41 17 1 23 21 12 4 44 33
21 24 5 37 12 48 40 18 11 4 33 13 34 29 22 8 35 15 23 45 46 32 1 14 36 31 6 26 42 16 9 44 25 19 7 10 47 27 28 39 30 20 43 17 41 3 2 38
5 20 25 12 30 39 38 26 1 45 4 41 19 43 44 22 46 35 17 27 11 7 21 32 9 14 29 24 16 40 42 8 23 15 48 28 34 47 2 36 18 6 31 33 37 10 3 13
36 47 26 7 34 20 48 14 9 42 8 28 31 21 13 33 29 2 19 15 6 16 22 3 41 44 5 17 4 12 18 37 40 46 30 24 39 35 23 27 1 11 45 10 38 43 25 32
12 43 9 32 35 29 33 8 47 37 30 20 18 27 5 31 21 3 48 26 13 19 23 16 7 2 1 14 38 46 25 28 34 45 39 4 6 11 41 15 42 10 36 40 17 24 22 44
7 2 1 23 18 28 29 41 8 26 35 15 32 9 25 47 4 33 37 19 43 12 46 48 21 24 38 31 5 13 45 3 27 6 34 16 42 14 11 10 40 36 17 44 22 30 20 39
9 45 33 31 48 12 4 1 6 40 41 22 47 5 10 44 11 27 35 32 8 46 39 38 30 29 14 28 24 25 21 26 17 13 42 20 16 2 34 3 23 19 7 18 36 15 43 37
14 9 32 1 42 40 19 15 20 10 23 11 5 44 36 26 48 16 33 43 39 38 37 13 47 8 45 35 22 2 17 18 3 34 46 12 30 24 27 31 21 4 6 41 7 29 28 25
43 27 30 35 29 11 21 40 42 3 44 31 6 48 4 39 20 7 8 37 18 10 16 17 24 22 26 2 32 14 28 5 38 12 25 45 19 9 1 47 33 15 46 13 34 41 23 36
1 33 41 43 38 2 22 5 14 6 34 18 35 30 48 46 28 39 21 8 15 42 36 26 44 25 7 47 17 3 16 23 13 27 40 29 20 10 19 45 24 32 37 9 11 12 4 31
23 3 28 40 32 45 31 6 19 48 17 21 12 33 38 27 2 36 16 41 22 39 42 46 4 11 25 1 47 20 44 13 24 10 8 43 15 34 30 9 7 37 14 29 5 18 35 26
29 34 15 36 20 7 11 19 21 32 9 12 39 25 42 24 41 35 40 16 3 6 38 10 27 18 17 44 23 5 33 2 22 37 14 48 43 30 4 1 45 13 26 31 46 8 47 28
20 46 10 22 7 8 44 12 26 43 24 27 23 19 32 3 9 6 41 33 4 36 29 40 18 38 15 11 45 48 16 39 47 1 28 14 21 17 25 42 5 31 13 37 30 35 34 2
3 4 42 8 2 44 45 10 17 41 27 39 20 47 46 35 33 11 28 31 40 43 13 6 15 9 24 23 16 37 29 38 7 18 26 5 25 48 36 19 12 14 22 30 21 1 32 34
13 5 44 34 39 1 41 36 46 31 15 43 4 32 9 30 26 10 3 21 20 17 2 16 14 40 12 27 37 18 22 29 11 42 45 23 33 25 6 35 28 47 8 38 24 19 7 48
48 35 34 4 24 14 39 32 43 18 31 25 16 3 28 22 19 38 1 11 26 37 12 23 2 5 30 41 27 17 36 10 45 21 9 6 29 13 15 40 20 44 42 7 8 47 33 46
46 21 36 18 27 35 14 16 15 30 43 33 44 23 3 24 40 34 4 48 37 2 6 39 1 42 13 5 25 11 38 9 29 20 22 17 7 28 45 12 47 26 41 19 32 31 10 8
25 19 31 6 17 26 23 29 1 12 20 24 37 42 4 46 5 47 22 38 28 13 9 43 34 30 10 45 2 44 11 7 41 39 33 8 27 40 48 32 3 18 35 14 16 36 21 15
26 30 6 25 41 34 42 35 29 5 38 32 2 11 18 27 8 13 46 28 24 45 16 36 10 3 44 9 15 19 40 21 43 23 31 7 37 47 14 20 39 33 12 22 1 48 4 17
17 39 37 28 30 4 46 48 23 24 6 44 45 20 10 41 34 12 15 32 19 29 8 22 42 43 3 40 36 31 7 35 33 47 11 26 38 5 16 21 27 25 14 2 18 13 9 1
11 17 2 42 22 30 13 31 41 46 10 48 14 38 36 21 15 44 45 29 35 33 3 28 9 34 20 4 39 7 27 6 37 32 5 1 40 18 47 16 43 8 26 24 19 25 23 12
32 46 14 44 29 48 15 17 12 28 7 38 1 22 37 11 27 16 42 3 31 30 25 45 8 10 21 36 43 24 19 34 18 4 47 41 13 20 9 23 2 35 6 39 40 33 26 5
15 18 47 10 9 3 30 37 44 7 2 5 43 4 13 42 6 25 31 22 34 20 28 14 11 45 29 21 26 16 39 48 23 8 19 40 24 41 17 38 35 12 36 1 33 46 32 27
46 29 48 45 12 39 10 34 9 44 42 36 33 1 6 19 31 22 32 30 7 47 40 11 35 15 28 38 8 21 41 27 26 14 13 37 18 4 43 17 16 23 25 3 20 2 5 24
23 16 35 13 20 6 32 2 5 15 1 40 36 28 31 33 3 17 39 4 41 11 7 48 19 14 9 42 34 12 8 45 44 38 29 47 26 37 21 18 22 24 46 25 10 27 43 30
24 10 19 16 15 47 5 11 7 29 39 18 41 34 45 2 44 28 38 35 17 25 1 26 23 32 43 48 9 4 31 42 36 22 20 27 12 33 40 46 37 6 3 8 13 14 30 21
34 48 27 33 36 42 12 23 38 25 11 8 3 18 39 15 45 14 24 17 30 9 41 35 31 20 2 10 21 6 43 16 28 13 4 19 32 22 29 37 44 1 7 26 46 5 47 40
36 6 38 46 31 22 43 44 18 20 47 45 42 13 21 5 4 37 23 34 25 28 10 32 39 29 14 17 11 41 15 1 9 48 2 30 3 12 33 7 26 27 8 16 35 40 24 19
48 11 43 9 5 29 35 4 6 8 32 33 13 2 25 38 30 45 10 14 1 3 15 17 37 23 34 24 7 40 26 18 31 44 12 16 41 39 46 22 19 47 27 42 28 21 36 20
3 40 45 24 37 5 9 25 4 33 28 14 48 12 2 26 39 29 27 43 44 22 47 46 38 6 1 34 19 10 13 30 35 16 41 7 17 32 23 8 15 42 21 20 36 11 31 18
14 33 8 23 40 27 20 9 35 13 5 44 15 37 29 34 25 2 17 42 47 16 45 1 22 19 48 39 10 28 4 26 12 30 36 21 11 31 24 6 18 7 43 46 32 38 3 41
20 22 44 29 18 2 37 38 31 34 48 6 28 21 27 10 46 4 19 8 23 40 11 30 3 33 32 15 12 14 35 41 39 9 1 26 45 43 25 5 13 17 24 36 47 16 42 7
13 31 16 47 43 7 28 14 37 27 23 40 17 46 33 45 29 9 30 6 42 44 19 41 32 35 39 26 24 15 1 8 21 10 18 22 2 38 12 36 48 4 20 5 3 34 25 11
44 25 13 27 1 41 47 30 36 39 12 21 38 16 35 28 26 40 29 19 45 15 3 18 5 42 4 37 31 23 33 2 48 6 17 14 10 46 8 34 24 32 22 43 7 20 11 9
7 27 11 18 38 23 25 26 45 2 22 30 21 24 15 44 33 46 16 41 14 31 5 29 20 40 19 43 48 1 12 3 10 36 32 35 9 6 28 39 34 13 47 4 8 17 37 42
28 3 21 20 48 31 36 47 13 38 45 19 44 43 17 8 2 18 35 33 6 34 22 5 25 39 16 29 46 32 9 15 30 40 37 24 1 27 4 41 11 26 23 12 14 42 7 10
31 15 39 8 25 36 16 22 47 9 17 11 29 10 19 32 37 23 2 24 48 7 46 33 45 12 41 6 30 38 18 13 42 5 21 3 4 35 27 20 1 44 40 34 26 28 14 43
26 12 41 43 7 25 44 39 3 36 4 22 11 6 20 9 35 15 33 18 32 8 48 2 16 24 47 30 13 42 5 37 14 29 38 17 28 21 1 10 23 34 31 27 40 45 19 46
45 24 33 15 11 18 42 10 30 35 36 27 39 40 22 48 21 26 47 44 16 5 2 20 12 25 8 14 29 46 7 38 4 17 43 31 23 1 32 28 9 41 13 6 19 37 34 3
1 7 46 30 10 43 34 32 39 17 40 31 9 15 11 47 13 21 12 45 5 14 36 38 6 48 25 20 28 22 37 44 2 19 27 4 16 29 35 3 41 33 42 23 24 26 18 8
43 41 23 17 45 12 15 31 34 11 21 39 47 29 24 1 16 20 14 37 2 48 38 3 36 4 6 28 18 35 42 10 25 27 7 44 46 8 19 26 32 22 30 33 5 9 13 40
6 8 42 34 21 40 4 11 28 7 25 24 45 36 43 3 12 32 9 27 38 33 39 13 30 17 44 18 41 20 23 46 1 26 35 29 48 31 15 47 10 14 5 19 37 22 16 2
42 37 45 7 6 44 29 33 24 22 19 5 46 39 14 18 11 43 13 20 36 23 27 10 48 8 26 31 35 25 3 12 15 2 16 40 47 41 34 21 30 9 17 32 1 4 38 28
9 1 19 22 2 8 27 34 46 14 35 38 15 5 44 13 41 24 48 39 33 26 32 31 21 3 40 47 4 30 17 25 20 12 23 43 7 36 6 11 29 28 37 42 18 10 45 16
22 13 34 39 4 21 46 16 10 1 14 35 20 25 38 17 19 27 43 26 9 15 23 8 41 44 24 7 42 36 6 31 40 3 30 5 33 18 2 48 47 37 11 45 12 32 28 29
29 32 35 38 3 20 1 36 27 6 13 43 41 17 42 39 14 33 8 12 37 28 21 15 24 18 5 2 44 34 22 23 31 11 19 46 40 25 47 16 7 30 9 10 4 45 48 26
35 36 27 31 39 37 41 18 14 32 29 16 12 33 40 4 23 45 5 47 20 21 30 44 26 34 7 8 11 2 24 43 28 46 48 6 25 22 13 42 15 3 1 38 9 19 10 17
21 26 47 12 42 24 40 17 8 41 30 9 3 32 5 14 38 39 6 1 10 27 35 7 33 13 18 15 22 19 31 36 44 37 46 20 45 4 11 43 25 16 28 29 34 23 2 48
41 34 28 1 32 14 26 19 25 15 24 13 42 30 12 37 43 3 20 21 4 11 6 40 45 38 23 44 17 29 46 22 5 33 8 48 35 7 18 2 36 31 16 47 10 9 27 39
11 20 37 42 19 34 18 24 16 3 41 12 6 45 32 23 47 25 46 31 8 1 43 28 40 22 27 30 26 5 48 33 17 7 44 10 9 14 36 4 38 2 29 15 21 39 35 13
12 47 6 5 34 26 10 35 33 16 46 41 2 8 23 31 18 44 11 48 43 9 13 24 27 21 36 42 15 3 19 7 32 20 4 1 37 28 30 29 17 45 39 25 38 40 22 14
5 2 1 40 16 15 24 4 26 23 8 48 37 27 30 36 32 17 7 11 19 46 42 22 44 10 3 29 38 47 21 9 35 41 14 12 39 33 31 13 28 43 45 18 6 25 20 34
37 43 10 25 24 1 48 5 11 28 33 23 18 26 46 40 7 36 42 16 29 22 20 35 47 15 38 34 19 13 44 39 9 31 41 27 30 6 45 17 14 21 4 3 2 8 12 32
27 5 2 36 23 3 14 1 44 40 7 32 33 9 48 16 42 22 34 13 31 45 37 41 43 46 17 6 21 18 15 11 24 25 10 8 26 35 39 12 20 19 38 28 30 29 4 47
15 10 14 44 35 16 5 27 45 4 42 17 43 6 1 12 48 8 21 36 7 47 18 29 28 2 13 46 9 39 38 20 30 34 11 32 23 26 3 40 33 25 19 24 22 31 41 37
18 21 36 28 8 10 22 12 2 44 34 20 26 48 3 6 40 13 15 23 45 17 31 30 46 35 37 4 32 43 9 14 7 29 47 38 1 24 42 25 19 39 41 5 16 11 33 27
17 44 38 2 6 32 13 9 35 48 16 37 4 14 8 23 20 47 26 7 39 30 15 36 31 27 42 43 1 45 11 40 3 18 25 28 24 12 41 19 5 46 10 22 33 34 29 21
19 9 23 37 43 35 45 46 30 18 39 1 36 29 34 13 28 10 4 15 24 32 17 2 7 16 12 33 31 27 40 5 8 6 22 42 3 20 14 38 21 11 48 26 41 47 44 25
39 45 30 14 15 13 11 48 17 46 37 25 27 43 41 1 29 23 40 28 3 2 4 16 18 5 10 9 34 44 8 19 21 42 31 22 12 47 26 32 6 20 33 7 35 38 24 36
25 13 20 32 48 4 33 6 22 35 44 46 14 34 23 45 31 1 24 9 30 3 12 42 19 28 47 10 37 11 27 29 26 21 5 36 41 2 16 7 39 38 18 8 17 43 40 15
47 17 31 4 33 36 7 44 5 24 10 29 40 46 26 43 8 28 45 3 34 37 16 13 12 30 6 25 48 15 1 32 27 2 39 41 14 38 21 35 22 18 23 20 11 42 9 19
43 36 15 6 14 33 38 37 41 9 45 47 16 4 46 25 3 34 31 2 26 35 28 11 48 19 22 21 20 7 39 24 13 17 29 30 10 44 40 18 23 5 32 1 42 27 8 12
24 12 32 41 1 45 30 40 36 31 11 18 7 16 15 29 34 9 3 6 46 44 25 20 5 43 33 14 39 28 2 17 22 4 26 47 38 13 10 27 48 8 19 37 23 21 42 35
45 4 25 10 31 28 19 38 20 27 43 2 1 11 18 7 44 16 30 42 17 36 40 6 14 9 35 41 12 37 32 34 46 47 13 23 8 15 48 22 3 24 39 21 29 33 26 5
3 26 16 12 46 24 31 21 47 34 23 28 32 18 43 4 36 20 44 10 41 29 8 5 38 11 9 27 7 48 25 42 33 22 35 19 2 39 17 14 30 40 45 6 15 37 13 1
18 47 40 19 26 42 17 3 34 30 6 4 8 28 32 14 2 7 41 38 11 25 9 1 22 45 43 36 29 10 23 12 48 27 33 15 31 37 5 46 44 35 13 16 39 20 21 24
6 32 26 11 4 23 47 45 42 22 38 8 19 41 48 18 9 43 35 29 40 14 34 39 10 7 20 37 25 24 12 21 1 15 46 2 16 27 44 31 13 36 3 17 28 5 33 30
33 16 18 47 11 26 29 30 19 5 28 45 17 12 35 39 15 38 37 48 22 20 23 3 25 6 34 40 13 4 41 32 14 36 43 7 46 21 42 8 9 10 27 2 44 24 1 31
17 20 36 44 32 25 35 14 8 29 2 15 48 42 28 3 45 4 22 19 47 39 7 10 6 13 21 24 23 41 26 33 37 38 40 18 11 5 43 1 27 12 30 46 34 16 31 9
1 34 13 30 25 22 39 2 37 32 15 36 10 44 42 17 23 29 18 27 35 5 24 19 4 31 16 45 3 8 14 28 11 46 6 41 21 43 7 33 40 9 26 12 38 48 47 20
13 37 21 40 23 31 8 25 15 6 5 17 29 7 38 34 35 32 14 22 27 48 41 26 3 42 24 20 36 2 28 43 18 1 12 16 4 10 9 45 11 46 33 39 47 44 30 19
44 3 34 28 7 10 48 23 40 25 22 32 46 24 14 9 39 15 13 37 21 16 27 4 42 12 8 11 5 26 30 36 47 33 45 29 20 17 2 38 35 19 1 31 6 18 43 41
19 40 8 20 22 27 46 7 21 44 12 30 25 31 45 42 26 14 28 36 18 6 29 24 11 4 15 38 47 16 3 23 10 9 37 32 5 34 35 13 1 39 41 43 33 17 2 48
28 31 33 32 39 18 9 44 7 26 3 23 21 22 5 15 27 11 29 4 6 24 35 45 16 8 19 1 30 47 43 41 25 10 42 34 17 40 13 48 12 2 37 36 46 14 20 38
15 44 6 17 24 43 28 47 3 36 1 22 35 33 9 8 40 37 38 7 34 31 19 46 20 14 26 39 10 21 4 45 2 5 27 42 32 29 41 30 16 18 25 23 13 12 48 11
9 35 32 22 2 5 40 3 38 10 33 19 13 47 17 36 6 27 39 34 1 8 42 44 29 24 28 16 46 23 37 15 12 45 20 21 18 48 4 25 31 30 7 14 11 26 41 43
35 1 39 43 42 12 27 8 46 38 17 6 44 10 19 47 37 2 9 3 28 34 45 18 33 29 4 26 24 31 16 13 20 23 36 15 48 11 40 7 32 21 22 30 5 41 25 14
4 25 47 9 41 29 24 40 31 12 46 28 33 21 20 37 30 18 43 23 11 7 10 14 1 39 2 5 8 35 36 19 42 16 48 6 13 44 34 32 26 45 17 27 3 22 38 15
21 22 5 45 47 41 25 29 24 11 27 39 26 38 31 48 20 12 6 15 35 23 16 8 32 34 33 13 43 3 42 37 36 30 2 17 28 46 14 19 18 40 9 44 4 1 7 10
42 2 31 36 9 47 21 12 14 8 24 27 40 26 10 22 32 33 46 30 23 41 20 38 35 25 39 17 45 15 5 3 6 19 1 7 43 16 29 37 44 11 48 4 28 13 34 18
37 15 11 42 3 30 22 21 9 13 35 26 5 19 27 40 25 31 48 45 41 32 17 43 44 18 1 46 4 39 6 20 34 12 28 38 14 33 47 23 8 7 29 16 2 36 10 24
29 11 43 33 18 6 32 25 10 2 13 41 9 37 1 38 46 28 12 20 16 40 22 19 24 48 3 8 7 44 47 35 4 26 21 45 31 30 39 17 42 14 36 34 15 23 5 27
39 33 46 38 5 2 10 22 13 14 26 29 28 8 34 11 48 24 15 12 42 17 9 45 30 7 25 19 35 18 44 6 43 20 23 47 41 1 36 40 37 3 21 31 16 4 27 32
27 39 15 31 34 14 41 37 33 1 30 43 3 48 24 10 21 7 45 35 5 12 6 32 36 44 23 2 18 9 13 8 11 40 17 28 16 38 20 29 47 42 4 26 22 46 19 25
30 46 48 35 37 8 7 45 6 41 4 3 34 2 22 9 12 21 5 47 26 25 13 40 29 23 36 31 16 17 24 10 33 44 38 1 11 32 18 43 19 15 28 20 27 42 14 39
2 8 7 15 19 20 14 46 27 23 36 48 11 3 40 6 16 9 42 43 45 21 5 33 47 37 18 44 25 13 29 31 32 39 30 24 4 26 1 35 22 38 10 41 12 28 17 34
12 10 14 25 40 11 18 30 32 17 19 20 38 29 36 15 28 26 27 13 39 16 21 31 22 46 5 35 48 1 45 2 23 8 34 43 47 37 6 9 4 24 42 7 41 33 44 3
34 24 10 14 27 16 1 6 18 46 31 2 12 32 26 23 38 39 47 8 22 13 28 15 4 33 30 48 42 11 7 40 41 25 45 37 21 29 19 3 43 20 5 17 36 44 9 35
20 18 27 5 38 15 43 48 4 45 47 31 23 39 3 32 13 40 41 33 2 44 30 17 25 28 46 42 34 6 35 14 7 9 19 22 1 8 26 24 36 29 12 21 10 16 11 37
22 21 40 48 33 32 2 24 29 18 8 13 20 44 30 28 11 6 16 1 19 46 31 4 41 38 42 25 3 36 17 7 39 15 26 5 23 27 45 12 10 35 47 43 14 34 37 9
25 30 35 39 45 1 36 23 15 20 14 5 6 31 12 7 44 34 8 28 17 37 18 48 26 2 29 33 32 19 46 11 47 41 16 27 3 43 21 10 24 4 38 9 42 22 40 13
32 41 1 16 8 21 33 2 26 31 28 46 18 20 29 44 4 15 34 24 40 47 25 7 6 9 10 45 43 30 19 39 38 3 23 35 27 5 12 42 17 37 11 13 48 14 22 36
31 29 9 27 16 7 45 33 12 39 11 4 36 13 28 19 18 46 1 21 48 5 32 25 42 3 41 24 47 43 38 30 44 34 22 20 26 15 10 2 14 23 6 37 17 40 35 8
10 9 23 37 20 48 11 38 39 7 15 18 16 17 41 12 43 44 2 26 47 45 40 3 28 19 32 4 30 34 13 24 27 14 6 46 5 21 33 36 29 25 35 22 1 8 31 42
26 38 2 7 10 39 4 18 25 48 34 33 42 5 44 43 14 47 20 16 28 31 15 22 11 35 13 41 29 12 40 27 37 45 1 19 24 36 32 6 9 8 46 30 23 17 3 21
5 31 38 34 21 44 42 36 13 24 10 35 14 1 15 45 8 29 19 41 7 3 48 43 39 17 12 23 2 20 25 46 22 37 32 26 33 40 11 4 28 27 16 6 9 18 47 30
47 19 42 1 26 3 23 44 22 9 29 38 41 36 8 31 33 35 40 11 10 6 14 28 34 16 37 15 5 45 21 17 4 13 7 30 43 2 27 18 25 48 20 39 24 12 32 46
41 7 20 23 15 34 26 35 17 40 21 11 19 27 33 47 42 10 31 32 8 1 44 18 16 22 9 13 4 46 43 28 25 30 36 48 38 39 3 45 2 6 14 12 37 24 29 5
7 42 25 29 36 40 12 47 19 28 48 24 17 14 21 16 34 45 35 18 6 27 37 11 46 30 15 10 23 32 41 9 1 2 33 3 13 20 8 5 38 22 31 4 39 26 43 44
38 5 44 4 11 37 20 8 45 47 41 1 32 6 2 17 19 36 3 9 25 10 39 26 40 27 14 34 24 7 48 22 15 23 42 12 35 46 30 31 33 16 43 28 21 13 18 29
11 6 37 2 25 22 34 14 43 35 44 9 13 28 39 33 47 4 26 19 3 42 46 8 23 20 40 21 1 30 5 15 48 7 18 10 17 24 16 27 45 36 41 38 29 32 12 31
24 27 26 3 7 30 38 17 44 16 40 47 37 15 45 42 29 2 10 22 36 19 41 46 21 43 6 1 20 5 33 13 18 11 31 14 32 28 25 23 34 9 4 8 35 48 39 12
34 30 13 10 23 31 9 32 14 15 45 12 27 7 40 25 3 17 22 44 46 35 38 6 37 21 16 11 19 42 18 29 43 48 39 33 20 4 28 26 41 5 8 36 47 1 24 2
25 46 19 11 5 32 35 41 31 33 6 21 4 30 42 3 2 24 44 43 20 26 1 39 12 45 7 9 37 13 28 8 40 27 14 36 48 47 23 22 15 34 18 29 38 10 16 17
12 32 16 6 35 34 17 19 33 25 42 37 10 41 30 14 15 1 11 39 44 22 2 40 8 4 28 7 13 27 9 5 36 29 47 23 45 48 24 43 20 31 46 3 18 38 21 26
48 16 46 19 42 1 39 31 9 34 4 15 25 45 35 22 12 28 43 13 32 38 3 10 17 11 27 26 44 40 36 41 14 5 29 2 37 18 33 21 30 47 6 24 20 23 8 7
39 15 18 43 30 8 33 26 2 27 13 34 48 22 25 21 9 16 29 36 24 14 4 38 3 31 44 47 46 1 20 45 5 17 11 40 12 6 7 32 35 10 28 23 19 37 42 41
32 24 41 8 16 48 37 1 46 30 7 25 34 43 22 5 31 12 18 29 27 33 23 14 15 26 19 38 36 28 11 39 6 35 20 4 10 17 9 40 3 13 42 2 44 21 45 47
28 17 45 24 40 35 44 27 10 23 34 16 21 25 11 36 7 18 9 4 29 39 13 5 33 15 48 46 8 31 32 3 12 42 37 41 2 22 1 14 6 38 19 47 30 20 26 43
36 22 30 38 33 47 19 9 40 46 39 44 2 23 4 18 41 11 17 6 21 29 12 24 14 32 35 37 45 34 8 43 42 28 48 20 25 10 13 16 31 26 3 5 7 27 1 15
37 19 4 28 14 44 31 34 24 39 21 43 7 38 10 9 45 23 33 2 13 11 47 41 32 29 17 40 27 22 15 25 8 6 35 46 18 30 3 20 48 12 16 42 1 5 36 26
4 47 28 15 38 20 2 3 37 18 32 6 40 42 9 34 5 46 7 17 36 24 29 33 30 10 43 27 39 41 23 44 26 16 12 35 8 11 31 13 21 1 22 25 48 19 14 45
15 41 21 25 9 14 18 5 42 29 48 3 28 10 34 8 4 33 19 38 44 20 7 32 1 6 22 36 35 24 2 23 17 47 43 31 39 13 16 46 26 45 37 27 12 11 30 40
17 18 20 30 12 21 1 7 11 8 5 33 26 4 37 29 36 22 28 27 40 9 41 15 19 13 23 14 10 25 31 6 34 39 2 3 46 16 45 48 24 43 38 32 42 47 35 44
2 40 42 16 8 28 47 46 6 4 30 20 29 9 26 39 32 31 21 24 18 36 43 48 7 23 38 5 41 17 27 10 3 22 44 19 45 14 12 37 13 15 11 1 35 25 33 34
35 38 48 18 47 12 14 4 7 22 23 36 43 26 29 20 30 21 1 37 5 2 33 19 9 25 45 39 31 15 6 40 10 3 27 24 28 34 44 42 8 11 32 46 17 41 13 16
30 11 26 36 31 39 28 29 47 37 17 45 5 27 24 15 35 8 13 23 14 34 44 4 10 3 46 20 9 19 16 48 2 38 41 1 40 7 21 33 32 42 25 18 6 43 22 12
31 37 43 41 19 29 5 7 39 13 22 48 35 8 32 40 18 3 34 44 23 15 45 42 2 11 26 17 28 14 47 46 24 20 38 16 33 25 6 1 12 30 21 10 27 4 9 36
42 29 25 34 37 2 26 10 21 32 11 15 3 47 44 4 13 43 23 12 8 46 22 16 45 38 36 33 18 6 24 27 31 40 9 41 19 1 48 30 17 35 14 20 5 39 28 7
27 39 32 44 18 7 22 40 16 6 43 47 15 19 33 41 46 13 37 42 3 26 36 17 20 8 30 25 12 9 1 11 45 31 34 48 29 5 10 28 23 24 35 14 4 2 38 21
43 2 14 39 3 33 9 22 32 1 15 8 19 21 5 6 11 27 24 28 26 23 48 25 35 37 18 29 40 31 4 38 20 34 46 12 7 41 36 45 10 16 17 13 47 30 44 42
22 33 31 35 41 6 3 2 38 17 26 46 36 14 43 13 23 20 7 1 45 8 9 44 5 21 15 24 25 16 30 42 32 19 40 27 48 28 29 12 39 4 10 37 11 47 34 18
13 42 6 27 4 3 20 26 5 15 36 16 8 40 1 28 7 11 14 21 24 17 25 45 37 9 10 19 30 29 22 34 33 18 41 43 23 31 32 35 38 39 12 47 44 48 2 46
21 1 36 5 32 40 16 34 25 20 24 26 33 2 28 23 27 9 6 10 17 41 30 7 18 15 14 8 3 11 44 35 13 12 45 22 4 47 42 38 29 37 48 43 46 31 39 19
20 27 1 14 34 43 11 9 41 16 8 23 31 7 17 3 6 15 4 35 33 12 32 13 24 22 21 18 47 42 39 2 46 10 28 29 38 44 19 26 40 48 30 36 37 45 25 5
26 21 11 9 22 5 10 17 44 3 19 13 39 24 31 32 14 6 2 15 20 48 18 1 27 12 7 16 45 23 42 30 29 46 25 38 35 33 8 36 37 40 47 34 28 43 4 41
10 34 9 7 2 11 12 27 26 36 41 28 23 37 6 19 21 14 20 16 42 35 24 3 48 45 4 13 8 22 46 18 44 1 17 33 5 32 47 31 43 25 29 30 15 38 40 39
6 7 5 33 39 23 38 41 3 2 10 4 18 15 12 26 16 37 42 47 48 40 14 35 34 19 8 45 32 46 17 20 11 44 30 28 13 21 43 25 27 29 1 24 22 36 31 9
29 10 38 22 48 18 4 23 8 14 35 24 9 34 41 42 25 7 44 30 31 27 40 20 16 46 47 11 43 12 37 19 39 21 33 26 3 15 28 6 1 36 45 17 13 5 32 2
23 8 35 37 31 41 43 24 18 40 3 22 47 32 11 16 48 10 30 45 46 13 15 2 6 34 42 9 44 39 19 7 38 33 4 5 14 12 27 17 28 20 36 26 21 25 29 1
9 4 47 32 10 25 29 45 27 26 40 30 16 20 48 46 28 44 39 3 13 42 37 22 38 43 41 6 31 35 33 24 23 15 21 36 1 11 18 8 19 34 7 12 14 2 5 17
41 35 45 3 6 42 24 30 15 48 47 18 12 46 23 33 44 32 16 34 25 10 38 36 21 39 1 40 26 43 29 37 28 31 8 11 27 22 20 19 7 14 5 9 2 4 17 13
7 25 40 48 45 27 42 35 29 43 28 44 6 13 19 37 38 34 46 33 30 1 21 26 10 24 16 5 41 3 12 14 9 36 47 18 32 20 17 2 4 22 15 31 8 39 23 11
1 9 16 6 27 15 48 33 47 24 45 29 37 40 46 44 34 38 31 12 39 25 5 17 36 42 35 41 7 18 2 28 23 26 13 14 21 43 11 4 22 19 20 8 3 30 10 32
19 3 2 34 39 37 30 29 31 38 12 32 20 23 27 13 33 22 5 4 1 43 10 18 45 16 28 42 35 17 48 36 47 6 40 15 7 46 25 9 14 21 26 44 41 11 24 8
14 44 15 31 24 16 45 7 29 41 37 21 46 1 3 33 42 18 10 6 19 5 11 40 2 20 43 47 28 36 4 17 32 22 35 8 26 48 30 13 23 34 27 25 39 9 12 38
44 47 28 11 18 15 36 22 6 10 46 5 42 17 4 25 33 26 27 23 38 21 45 29 12 24 16 20 13 7 35 32 31 8 43 2 37 30 48 39 34 3 9 41 40 1 19 14
30 37 33 4 21 10 7 8 42 6 14 27 38 22 19 17 13 28 15 26 29 23 31 11 35 2 5 32 24 34 12 45 25 20 44 48 18 43 40 1 47 9 41 39 36 46 16 3
22 31 16 36 20 35 48 19 7 28 44 11 6 25 21 10 8 32 12 14 41 15 2 13 30 5 27 4 17 38 29 37 45 1 46 47 9 39 26 23 18 24 40 33 34 42 3 43
34 26 40 39 7 4 25 10 15 11 33 18 5 19 27 14 3 16 35 13 23 21 12 45 44 30 2 17 37 32 31 8 28 38 36 46 1 20 24 43 22 6 9 42 29 41 47 48
9 5 4 3 15 24 29 30 10 34 17 37 35 18 23 40 19 13 8 44 14 16 22 26 11 20 33 21 42 36 45 12 2 46 6 43 41 1 39 7 32 47 31 28 38 27 48 25
7 30 13 25 19 39 32 3 9 43 27 12 16 5 8 45 20 24 23 17 10 11 21 44 31 33 29 28 4 15 22 1 46 14 48 37 2 38 26 34 36 42 35 18 6 40 41 47
24 9 19 2 10 7 21 11 17 5 22 35 12 8 15 23 18 36 3 41 25 45 13 4 20 31 46 6 29 27 32 44 43 48 16 1 47 40 34 33 42 28 26 14 30 39 37 38
5 11 23 24 6 2 19 16 39 32 12 25 13 36 3 15 43 45 9 42 34 10 17 46 8 28 44 7 40 47 1 29 48 41 21 18 26 22 31 4 33 30 14 38 20 37 27 35
36 26 6 19 22 33 35 5 16 13 2 9 32 20 18 11 29 3 45 8 38 7 44 28 46 48 12 1 15 43 47 14 24 42 39 41 40 37 21 30 17 27 25 23 4 34 10 31
31 4 8 44 37 27 30 12 5 23 6 17 2 39 14 18 45 38 22 34 13 47 28 7 15 43 1 10 46 41 3 48 42 9 11 40 33 36 25 29 19 35 16 20 24 26 21 32
19 43 2 15 3 30 22 36 37 25 14 34 7 11 45 6 5 44 16 26 32 46 47 1 38 18 39 48 12 4 28 9 20 40 42 31 27 35 17 8 41 21 23 13 10 33 24 29
3 20 34 30 25 37 15 33 35 26 45 29 17 21 36 22 44 23 47 9 11 42 1 8 5 10 48 2 39 40 6 46 41 4 38 16 31 27 18 24 13 19 7 12 32 28 43 14
18 3 7 23 34 16 28 32 4 45 37 21 11 12 33 38 15 47 13 48 19 1 46 39 14 42 9 44 20 6 41 43 40 36 22 8 17 25 35 27 2 31 10 29 26 24 5 30
28 48 25 32 41 44 34 18 45 12 43 38 14 30 5 1 47 35 17 3 2 19 7 31 42 39 40 46 16 13 33 6 36 10 37 11 24 29 20 21 15 26 22 4 8 9 23 27
41 17 39 29 2 25 8 47 21 1 38 23 45 3 44 48 28 43 46 18 9 22 42 6 40 4 13 35 27 37 11 15 33 34 10 36 32 24 7 14 31 5 12 16 19 30 26 20
13 29 30 10 33 6 5 38 36 7 44 45 37 47 48 12 46 8 40 32 1 3 39 42 28 17 41 43 19 14 18 31 27 15 34 35 20 26 4 2 25 9 21 22 16 23 11 24
44 2 41 35 4 34 24 6 12 47 40 30 27 45 43 46 42 39 48 1 7 32 38 33 3 13 37 36 9 5 8 25 26 28 31 14 29 18 15 22 11 16 19 21 23 10 20 17
38 25 1 28 40 31 45 14 24 33 29 39 42 44 46 21 37 26 11 20 47 43 4 22 36 16 32 34 48 35 30 41 9 27 5 12 8 6 13 19 7 23 17 10 18 2 3 15
1 22 15 41 35 47 31 45 32 37 42 2 46 48 20 44 34 40 43 33 27 39 6 36 7 29 24 30 38 3 16 28 13 25 26 10 23 17 11 18 9 8 4 5 14 21 19 12
14 35 37 42 27 45 44 31 40 48 47 32 41 46 1 36 38 34 33 43 39 30 3 5 29 6 25 15 10 28 24 21 17 26 12 23 19 11 2 16 4 22 8 7 9 20 18 13
45 39 44 47 36 43 40 48 30 38 31 46 1 41 42 4 35 17 26 2 28 29 27 16 33 32 6 37 34 25 9 24 12 18 8 20 21 13 23 10 14 7 15 3 5 19 22 11
42 1 43 48 45 40 46 37 27 31 28 44 21 29 32 47 41 33 38 39 22 34 20 24 17 35 30 14 26 18 23 36 8 19 2 15 25 4 6 5 12 3 13 9 7 11 16 10
43 46 47 45 32 42 36 44 38 35 1 48 20 33 40 41 39 29 34 31 30 28 37 25 21 26 22 27 18 24 14 23 15 12 19 4 11 7 10 9 16 2 5 6 3 13 17 8
47 33 45 1 48 29 42 40 34 44 46 43 38 28 24 37 23 31 39 22 21 25 35 41 32 27 17 26 36 19 15 13 18 11 9 30 16 10 5 3 6 14 20 8 2 4 12 7
