0.14320071224232792 0.1167526773159373 0.1145668750793927 0.07405079077424524 0.04375342838643712 0.0456716748789452 0.012103397771859379 0.02820566697477642 0.028568613478392957 0.06153106497135854 0.02234630556084722 0.04696864229573687 0.032216903133815526 0.04713478401650644 0.021183448651314468 0.0185587361758275 0.028303824377464346 0.01859953125286953 0.023132761779696084 0.017826869720274394 0.00857077308675933 0.012199401246485421 0.013003735889525535 0.008854942765915154 0.006572157069208872 0.006122281104080484
5 7 1 2 4 8 6 3
6 2 5 8 1 4 3 7
4 3 2 7 5 8 1 6
7 6 8 4 3 2 5 1
3 4 6 5 8 1 7 2
1 5 7 3 2 6 8 4
8 1 4 6 7 3 2 5
2 8 6 1 3 7 4 5
7 2 4 1 6 5 3 8
8 3 1 5 4 2 6 7
5 8 3 6 2 4 7 1
4 6 7 3 1 8 5 2
3 1 4 5 7 2 8 6
5 7 6 1 3 8 2 4
6 7 1 4 8 5 3 2
6 2 8 1 4 7 5 3
7 2 5 6 8 3 4 1
2 6 1 8 7 4 3 5
3 1 4 7 2 8 6 5
1 2 8 6 5 4 7 3
8 5 2 4 7 1 3 6
5 3 7 6 4 1 8 2
6 8 2 5 3 4 7 1
5 4 6 8 2 7 3 1
7 5 6 4 2 8 1 3
2 8 4 3 1 5 7 6
