0.1270480692275634 0.11741323269351438 0.0938408784831304 0.07759599440117564 0.03875999255394589 0.03445933478181073 0.035127954213482124 0.0481731848786342 0.06195475466718154 0.025710584840700802 0.051875203011413004 0.016045730105458116 0.027477738887817953 0.022090767604984792 0.02638946367462287 0.04592961564773169 0.019830182135716076 0.029888783227993543 0.024766655539204083 0.014794881853437346 0.01643359927376132 0.014370774442936501 0.011911684269072156 0.010927631333258003 0.0071833082514535
4 6 2 7 1 5 3
1 7 6 4 3 2 5
3 2 4 6 5 1 7
2 3 5 1 6 7 4
6 4 7 3 2 5 1
7 5 1 2 4 6 3
5 1 4 2 7 3 6
4 6 5 3 7 1 2
3 6 1 4 2 5 7
6 2 5 7 3 4 1
2 1 6 7 4 5 3
1 7 3 5 6 2 4
4 5 2 1 3 6 7
5 3 7 4 2 1 6
7 6 4 1 5 2 3
1 7 2 3 6 5 4
4 3 6 2 7 5 1
6 5 4 7 2 1 3
1 6 7 4 5 2 3
4 2 1 7 3 5 6
4 7 5 6 3 2 1
6 2 1 5 4 3 7
5 4 6 2 3 1 7
3 2 5 4 7 6 1
7 1 4 2 3 6 5
