16033 10808 11373 9902 9500 7448 7448 4350 3801 3360 2772 1863 1873 1400 1400 1112 851 846 538 362 392 473 285 281 237 219 160 147 124 117 86 76 62 48 39 33 27 24 22 20 16 13 12 8 5 6 5 5 4 3 2 2 1 1 1 1 1 1 1
10 13 14 9 1 3 4 5 6 12 2 8 16 7 11 15
12 4 11 10 1 3 5 13 15 8 16 7 9 6 14 2
13 10 15 12 9 3 8 1 14 4 11 2 16 5 7 6
12 10 6 4 1 9 3 16 15 8 2 7 13 14 11 5
1 13 11 10 12 7 15 5 9 6 14 4 2 8 16 3
8 15 5 9 12 3 10 11 4 14 16 6 7 2 13 1
5 14 13 8 15 6 11 4 7 16 1 2 9 3 10 12
12 4 5 16 9 1 6 7 13 10 15 3 8 11 14 2
10 3 11 1 6 2 14 13 15 8 7 4 12 9 16 5
5 8 3 15 1 9 10 6 4 12 11 16 13 7 14 2
13 4 15 1 9 2 3 8 12 14 6 7 16 11 10 5
15 3 13 8 4 1 14 16 9 10 2 7 12 5 11 6
13 15 14 9 12 1 8 5 6 4 16 10 7 2 11 3
16 13 5 3 6 2 15 11 14 9 4 10 8 12 7 1
15 3 5 16 4 7 11 13 9 10 2 6 12 8 14 1
10 5 6 4 7 2 8 12 14 1 11 9 13 3 16 15
8 4 14 10 1 5 3 11 13 12 16 2 6 9 15 7
1 10 12 15 5 3 14 9 6 8 4 16 11 13 7 2
15 13 16 2 4 9 1 7 12 14 11 3 8 5 10 6
5 14 16 9 4 13 1 8 3 12 15 6 10 2 11 7
8 5 11 1 10 13 15 16 3 12 2 4 9 6 14 7
13 4 5 2 12 7 3 16 14 1 6 10 8 9 11 15
12 3 14 10 1 6 11 8 15 4 2 9 13 5 16 7
7 14 16 8 3 1 12 5 4 6 15 2 13 11 10 9
10 1 16 15 7 9 11 8 12 14 4 3 2 13 5 6
1 13 14 9 4 5 10 7 3 12 11 15 6 8 16 2
8 10 12 1 5 13 14 16 4 9 2 6 11 3 15 7
5 15 11 8 7 2 3 9 12 10 4 16 13 6 14 1
8 10 6 3 5 13 1 11 4 14 15 9 7 12 16 2
16 14 13 4 1 3 10 8 15 9 11 6 12 2 7 5
13 4 14 8 10 1 11 9 12 6 16 15 2 3 5 7
8 1 11 10 12 9 15 7 14 4 2 3 13 5 16 6
16 13 12 10 7 1 14 5 3 8 6 4 11 2 15 9
1 5 6 4 3 13 12 11 9 14 15 16 2 8 10 7
7 3 16 2 10 6 14 13 15 8 4 9 11 12 5 1
7 3 13 15 4 1 11 5 14 8 2 10 12 9 16 6
5 1 16 3 12 6 10 13 9 8 4 15 7 11 14 2
10 5 13 8 7 9 1 11 3 4 15 16 2 12 14 6
10 1 5 3 4 13 12 16 14 6 2 15 8 9 11 7
8 15 14 2 10 13 1 12 3 4 16 9 11 6 7 5
5 13 11 15 3 2 10 8 12 14 6 4 7 9 16 1
5 3 13 4 1 2 14 7 15 6 16 10 12 8 11 9
1 15 12 8 3 5 10 13 9 14 4 16 6 11 7 2
13 3 6 2 10 1 11 16 9 12 4 15 7 8 14 5
7 5 16 10 1 3 12 8 14 4 11 6 13 9 15 2
16 13 5 3 4 6 1 11 14 12 15 10 2 8 7 9
8 3 16 4 12 9 1 13 15 10 2 6 11 5 14 7
1 5 6 10 7 3 12 8 14 4 15 9 13 11 16 2
10 4 11 3 1 13 15 7 12 9 2 16 8 6 14 5
7 13 5 3 10 6 1 9 15 14 16 4 12 8 11 2
8 13 14 2 9 1 11 16 3 10 4 6 12 5 15 7
1 13 12 2 3 6 14 8 9 4 11 10 7 5 16 15
8 10 13 4 3 1 14 16 15 12 2 9 7 6 11 5
10 5 11 4 3 9 12 13 14 1 2 16 6 8 15 7
16 4 12 10 5 1 11 13 3 14 6 9 7 8 15 2
13 4 5 8 3 9 1 7 14 12 15 10 2 11 16 6
16 13 6 3 5 1 10 9 15 14 11 4 12 8 7 2
8 3 14 2 10 9 15 16 12 1 4 6 13 5 11 7
7 10 13 4 9 5 14 11 3 12 2 16 8 6 15 1
