8698 7135 7522 6465 6505 6208 5562 5253 4772 4717 4163 3743 3020 2976 2202 2429 1885 1687 1441 1506 1399 1205 1080 1059 743 827 618 581 517 467 458 332 308 258 231 245 198 142 167 141 117 102 96 85 74 79 68 55 52 44 42 41 31 27 26 27 22 16 14 15 15 11 10 8 9 6 6 5 4 3 3 3 3 2 2 2 2 1 1 1 1 1 1 1 1
6 11 13 8 2 5 3 4 1 9 7 12 14 10 15
5 2 8 12 15 3 9 10 7 13 4 14 6 11 1
11 1 9 7 6 4 13 15 3 2 8 5 12 10 14
7 10 5 13 1 12 15 3 6 11 9 14 4 8 2
8 4 6 9 12 1 7 2 11 3 10 13 15 14 5
10 15 11 14 3 7 5 1 9 8 12 6 2 13 4
12 5 1 6 8 9 11 14 2 13 3 15 10 4 7
4 6 7 15 5 2 8 12 14 10 13 9 3 1 11
9 7 2 3 14 10 4 5 13 6 1 8 11 15 12
3 14 4 11 13 6 10 8 15 1 2 12 7 5 9
1 9 14 10 11 5 12 13 4 7 15 3 8 2 6
2 12 10 5 4 13 14 9 8 15 11 7 1 6 3
11 3 5 4 10 15 1 7 12 14 6 2 13 9 8
7 8 12 13 15 3 2 6 5 4 14 1 9 11 10
14 7 3 2 9 8 5 15 1 11 6 10 4 12 13
6 2 13 1 7 14 11 10 12 9 5 4 15 3 8
13 9 1 8 14 7 15 11 10 12 4 2 6 3 5
15 4 9 2 12 3 6 1 8 5 14 11 10 7 13
14 1 8 9 10 4 13 6 7 2 11 3 5 12 15
5 13 15 7 1 11 9 2 4 12 3 10 14 8 6
4 15 2 8 13 10 14 3 6 5 7 9 1 12 11
13 12 7 4 3 1 8 14 9 11 5 15 2 6 10
1 5 6 10 9 13 4 8 11 14 2 7 12 15 3
6 10 3 14 5 12 7 15 13 9 1 8 11 4 2
15 5 11 6 8 7 2 1 14 10 13 12 3 9 4
3 6 12 2 15 8 10 13 7 4 9 1 5 11 14
5 3 8 9 14 4 1 2 10 6 15 11 13 7 12
15 8 14 11 6 2 5 7 3 12 4 13 9 1 10
11 14 9 1 10 15 4 6 13 5 12 7 8 2 3
14 2 4 13 7 9 12 11 1 10 5 8 3 6 15
9 10 1 6 8 14 2 15 5 13 11 4 7 3 12
13 15 7 12 11 10 8 9 14 3 6 2 1 4 5
4 11 15 5 1 13 6 14 3 2 8 12 10 7 9
5 1 2 15 4 11 3 8 10 12 7 6 13 9 14
12 3 1 5 13 9 10 4 15 7 14 11 2 8 6
3 6 9 7 12 2 14 5 8 11 10 1 13 15 4
14 2 4 12 11 6 15 9 7 8 13 5 3 1 10
6 8 11 10 5 7 9 13 1 3 2 15 12 4 14
13 3 7 11 1 12 5 8 4 14 15 6 10 2 9
11 14 3 10 15 8 1 4 9 5 6 2 12 7 13
5 6 13 2 9 15 10 3 12 1 4 11 14 8 7
9 12 2 1 7 3 6 14 11 13 10 5 8 4 15
15 13 4 11 3 14 9 1 5 10 7 12 2 6 8
11 8 14 5 10 4 13 1 6 15 2 7 9 3 12
9 2 11 12 5 15 3 10 13 8 14 1 6 7 4
12 14 6 1 7 8 5 13 10 3 15 4 11 9 2
2 8 3 6 9 7 15 11 12 4 13 10 14 1 5
14 12 13 2 4 3 7 9 6 10 1 5 15 8 11
13 11 9 7 12 10 1 14 4 5 8 15 3 2 6
5 1 6 9 3 14 8 7 11 13 2 12 4 15 10
6 3 1 13 8 4 10 5 15 12 14 2 9 11 7
9 6 7 4 5 14 3 15 1 2 12 11 10 13 8
4 13 15 14 11 2 8 3 5 1 10 9 7 6 12
14 2 6 12 1 8 7 5 9 15 11 10 13 3 4
15 10 11 2 13 12 4 9 14 5 1 7 6 8 3
11 3 8 9 10 13 12 7 6 14 5 4 1 2 15
4 1 2 14 15 3 9 11 5 10 13 12 8 7 6
9 11 14 15 8 10 6 2 13 4 7 5 1 3 12
3 14 4 10 12 7 15 5 9 1 8 6 13 11 2
5 10 3 12 1 15 4 14 8 7 9 13 2 6 11
2 13 9 6 3 12 1 10 14 4 7 5 8 15 11
5 12 14 15 10 7 8 4 1 3 6 11 9 13 2
13 2 6 10 9 3 14 8 7 5 11 15 12 1 4
15 8 2 13 11 14 6 1 5 12 10 9 3 7 4
3 11 1 7 15 2 8 13 12 10 14 4 6 9 5
6 14 13 4 5 10 3 8 1 2 9 12 7 11 15
14 3 4 2 8 15 7 11 9 1 5 10 13 12 6
6 1 12 15 13 10 9 2 11 5 8 7 4 14 3
12 6 11 9 14 3 10 1 5 4 8 2 7 13 15
4 8 11 10 5 2 7 14 6 15 1 13 9 12 3
15 11 13 2 7 14 5 9 10 8 6 12 1 3 4
9 8 4 13 14 7 1 3 15 2 12 6 10 11 5
4 10 11 14 1 2 6 13 8 3 9 7 12 15 5
15 3 12 4 8 14 5 7 11 13 1 9 2 6 10
12 13 2 7 11 3 4 14 5 8 10 15 1 9 6
6 14 13 5 12 10 1 4 11 8 15 2 9 7 3
11 8 1 15 10 13 9 3 6 12 7 5 4 14 2
14 12 4 5 9 7 3 1 13 15 8 10 6 2 11
13 1 14 12 3 15 4 2 10 7 11 9 8 6 5
3 2 6 4 9 12 7 10 5 8 14 13 15 1 11
5 6 12 7 8 4 3 9 13 14 11 15 1 2 10
12 2 4 9 11 14 5 7 15 13 1 10 6 3 8
9 1 6 14 15 7 10 4 12 3 8 5 13 11 2
14 12 11 13 5 3 15 8 7 1 6 2 10 9 4
13 11 14 10 3 15 12 1 8 4 5 9 2 7 6
