36900 37764 36824 37217 35573 35125 33942 32682 33158 32218 31201 29660 30312 30689 29329 27663 27985 26202 27103 25878 25810 24913 23679 23288 20164 20118 19751 19131 18058 14427 9562 7586 6418 6408 5485 5667 4586 5556 4755 4813 4416 4185 4048 3652 3775 3738 3511 3220 3382 3095 2997 2671 2884 2643 2330 2378 2168 1940 1943 1740 1806 1519 1596 1416 1342 1330 1305 1067 1106 1033 883 934 899 824 765 788 656 686 530 556 529 555 499 513 479 476 404 404 405 379 369 312 310 270 266 265 244 206 202 192 185 177 172 157 155 135 131 119 126 112 101 89 91 87 84 75 74 75 66 60 61 57 55 48 50 45 44 41 39 35 36 34 31 26 27 26 24 24 21 18 18 16 17 16 16 15 14 13 12 12 12 11 10 10 9 9 9 8 7 7 6 7 6 6 5 5 5 4 4 4 4 4 3 3 3 3 3 2 2 2 2 2 2 2 2 1 1 1 1 1 1 1 1 1 1 1 1 1 1 1 1 1 1 1
20 19 26 13 5 6 18 21 4 27 12 25 7 31 16 32 8 10 28 23 11 30 29 24 3 14 17 2 22 1 9 15
14 12 8 25 9 22 11 1 10 24 28 2 18 30 13 20 21 15 5 32 3 23 27 19 26 31 4 6 16 17 29 7
2 17 16 29 12 21 13 26 22 11 20 3 25 7 1 24 15 5 18 27 9 6 10 23 32 8 31 30 28 14 4 19
15 6 14 12 30 24 21 13 20 8 29 27 3 11 28 9 32 7 19 17 10 16 4 26 5 18 23 31 25 22 1 2
26 29 25 24 6 28 5 15 27 21 1 7 20 2 4 8 3 23 12 13 32 18 9 14 22 10 19 17 30 16 11 31
1 9 6 4 10 18 7 28 8 22 24 26 11 19 15 14 25 17 16 29 23 12 2 20 30 21 27 32 3 13 31 5
30 4 17 15 13 7 20 2 1 3 19 16 22 10 8 23 11 26 24 9 28 21 5 18 25 27 12 29 31 6 32 14
23 27 2 18 1 4 22 16 17 29 5 20 12 28 3 21 14 32 15 11 13 9 24 31 6 19 10 25 8 30 7 26
18 24 12 17 31 30 23 9 21 7 10 19 5 6 14 26 4 28 32 3 27 1 11 29 8 15 16 22 2 25 13 20
29 13 23 27 7 26 10 24 19 31 9 15 28 5 30 12 18 8 11 14 4 2 1 3 21 22 25 16 17 32 20 6
13 15 27 6 17 11 8 19 3 25 23 18 9 32 22 29 2 16 7 31 14 10 21 28 4 1 30 20 5 26 12 24
17 10 18 5 14 23 4 25 6 13 30 32 16 8 31 7 27 2 21 26 19 15 3 11 28 24 29 1 20 12 22 9
11 1 3 32 27 17 24 10 2 30 8 5 4 16 19 6 12 18 13 20 25 22 26 21 7 29 28 9 15 31 14 23
7 32 21 26 16 15 30 29 13 6 22 8 2 24 18 28 20 27 17 4 12 31 19 10 9 11 5 14 1 23 3 25
32 22 9 21 4 13 15 11 7 18 25 31 29 17 5 3 23 14 6 12 20 27 30 8 24 28 2 26 10 19 16 1
19 14 22 11 8 31 25 30 32 20 13 21 10 29 7 18 28 1 26 24 17 3 23 15 16 9 6 12 4 2 5 27
28 31 5 19 24 16 27 23 11 2 6 9 14 3 26 22 10 13 20 8 29 17 25 1 18 30 21 7 12 4 15 32
31 28 7 30 23 9 26 14 12 19 32 6 17 4 10 16 1 21 29 5 15 13 22 25 27 2 8 24 11 20 18 3
4 30 29 20 22 10 28 3 14 17 11 13 32 26 12 1 24 25 9 21 6 5 31 16 2 23 15 27 18 7 19 8
22 23 10 31 2 12 17 4 25 5 7 29 27 1 21 15 16 11 3 6 30 19 20 9 13 32 26 8 14 18 24 28
27 8 32 10 20 14 2 17 26 28 15 12 1 23 11 25 9 19 22 16 21 29 7 30 31 4 24 5 13 3 6 18
12 21 11 23 26 3 31 7 5 16 27 17 15 22 6 30 29 24 1 2 18 28 32 4 19 20 14 10 9 8 25 13
10 5 1 9 32 19 16 18 15 14 2 23 26 27 29 13 17 31 4 30 24 25 8 12 20 7 11 3 6 28 21 22
9 20 24 2 29 25 1 6 31 32 26 4 30 21 27 5 7 12 8 28 16 11 15 22 14 13 3 18 19 10 23 17
16 7 20 28 21 27 29 31 23 10 3 1 6 25 17 19 13 9 2 18 26 4 14 32 11 12 22 15 24 5 8 30
21 18 28 16 3 29 19 20 9 12 17 25 23 14 24 31 30 22 27 15 8 32 6 2 1 5 13 4 7 11 26 10
8 26 19 1 25 5 3 32 29 4 16 22 31 9 23 11 6 20 14 10 2 7 28 13 15 17 18 21 27 24 30 12
5 2 30 7 11 8 9 21 16 23 14 28 24 18 20 4 31 3 10 19 22 26 17 6 12 25 1 13 32 15 27 29
6 11 15 3 18 32 12 5 28 9 31 24 8 20 2 17 19 30 25 22 1 14 13 27 29 16 7 23 26 21 10 4
3 16 31 14 15 20 32 22 24 26 18 30 19 13 25 2 5 4 23 1 7 8 12 17 10 6 9 11 29 27 28 21
24 25 4 22 19 1 14 8 30 15 18 10 13 12 9 27 26 6 31 23 5 20 16 7 17 3 32 28 21 29 2 11
25 3 13 8 28 2 6 27 18 1 4 11 21 15 32 10 22 29 30 7 31 24 12 5 23 14 20 19 26 9 17 16
25 19 13 8 9 6 1 12 4 27 20 14 21 15 16 24 22 10 31 7 11 30 18 5 3 26 32 28 23 29 17 2
3 10 4 25 14 24 6 12 18 1 21 11 13 30 20 32 8 15 28 27 5 16 29 7 23 26 17 19 22 9 2 31
5 25 26 13 10 6 29 1 30 24 3 2 21 12 32 20 15 22 4 7 31 9 18 19 17 14 8 11 23 27 28 16
25 28 13 29 5 20 11 8 32 27 30 14 19 7 10 12 26 6 18 23 22 4 16 24 1 3 31 2 21 9 17 15
20 19 31 30 17 27 32 22 24 26 8 14 13 2 9 10 21 3 5 25 7 6 18 23 28 12 4 1 16 15 29 11
6 16 20 22 13 2 14 26 18 15 4 10 31 19 24 9 8 23 30 25 3 12 29 28 17 5 1 21 32 11 27 7
16 8 22 25 4 32 20 27 1 12 29 2 6 30 17 28 5 7 31 18 11 24 9 14 3 13 23 15 10 21 26 19
8 18 16 3 12 1 4 13 6 26 9 30 21 31 25 11 28 20 29 22 23 10 14 7 15 24 17 19 27 5 2 32
3 25 18 8 1 6 28 12 20 15 16 11 30 2 23 31 32 26 24 13 5 14 27 19 10 17 22 4 7 29 9 21
28 26 25 16 19 8 10 5 17 23 31 22 20 15 9 24 3 29 27 32 1 18 6 4 11 14 7 13 21 12 30 2
17 23 3 11 31 29 24 15 12 21 10 1 25 13 32 6 27 5 14 19 7 20 18 22 26 28 9 30 4 2 8 16
21 11 8 7 9 5 22 20 16 1 12 4 3 10 29 18 25 17 19 15 26 32 2 31 30 6 28 24 13 14 23 27
14 5 1 13 15 22 6 18 21 30 28 3 26 12 25 27 11 4 2 24 31 7 16 17 8 29 20 23 19 32 10 9
25 7 28 23 3 20 16 4 2 24 17 14 27 8 15 21 13 19 22 1 9 26 10 18 12 30 32 6 11 31 29 5
32 20 27 19 11 28 3 22 29 4 14 30 10 7 31 2 21 6 25 23 24 8 5 13 9 1 18 12 16 26 17 15
27 3 17 1 23 4 12 30 19 31 5 2 7 11 9 16 26 28 15 25 13 21 29 10 32 20 6 8 22 18 14 24
11 14 5 28 21 24 29 2 26 9 32 27 17 31 16 23 22 10 1 7 18 19 13 25 6 4 15 20 8 30 12 3
12 27 23 24 18 11 17 10 5 29 1 28 32 20 6 7 4 22 16 8 30 2 9 26 21 25 13 3 14 19 15 31
2 9 12 5 28 19 27 31 8 16 26 10 23 24 3 29 15 1 11 22 32 17 4 6 14 7 30 18 25 20 21 13
22 30 9 29 7 21 8 14 27 10 19 6 1 4 11 32 2 23 12 5 16 13 17 3 25 26 31 28 24 15 20 18
24 1 29 2 26 5 25 32 13 19 21 8 4 17 27 15 12 7 3 16 14 20 28 30 23 31 10 9 18 6 22 11
20 19 2 10 22 25 13 27 7 3 23 32 9 28 17 14 16 31 21 18 8 30 11 15 24 12 29 5 6 4 26 1
31 25 10 12 20 2 26 9 28 11 24 7 14 30 21 19 23 32 13 17 4 16 15 8 29 5 3 27 1 22 18 6
19 15 16 6 29 18 31 13 3 25 27 21 8 11 30 26 17 9 32 10 28 23 22 1 20 2 4 14 12 5 24 7
16 4 7 30 8 3 19 28 11 32 2 31 29 10 12 22 14 13 6 15 17 1 24 20 27 18 9 25 23 21 5 26
4 31 26 14 30 27 7 12 24 8 16 20 15 19 2 13 10 21 23 25 29 6 3 32 28 17 18 11 5 1 9 22
29 24 14 32 2 6 15 1 30 26 5 22 3 13 23 8 18 11 7 27 12 25 20 16 4 10 21 17 31 9 19 28
10 21 6 25 32 12 23 26 14 13 31 1 18 15 19 4 29 17 20 30 22 9 5 11 16 3 7 2 28 24 27 8
9 22 24 20 27 29 31 8 23 18 13 11 16 7 25 4 30 12 28 1 19 15 6 21 5 32 26 10 17 3 2 14
21 32 31 15 25 1 3 17 10 6 20 24 13 12 14 5 19 8 4 11 2 27 16 23 18 9 22 26 7 28 29 30
18 3 4 27 6 13 20 7 32 14 11 26 19 2 29 21 1 24 17 12 5 22 8 9 31 15 28 16 30 10 25 23
17 18 15 31 9 22 2 23 4 27 29 12 28 32 1 16 25 14 26 7 21 11 10 5 13 24 6 3 20 8 30 19
26 7 19 21 3 28 30 25 6 2 15 23 24 14 32 31 10 27 5 13 1 4 18 12 22 16 17 29 9 11 8 20
6 5 30 18 17 23 32 16 25 12 26 3 20 1 10 8 31 15 9 29 11 7 14 24 19 27 2 22 21 13 28 4
15 6 11 22 21 10 16 24 14 1 9 17 25 29 26 32 5 4 8 19 7 18 30 31 2 23 20 12 3 27 13 28
5 10 25 16 11 30 12 21 15 22 7 29 6 23 18 1 20 2 31 4 26 24 32 17 3 19 13 27 28 14 9 8
23 13 22 17 31 32 21 6 16 20 1 5 11 18 7 30 14 3 25 24 15 26 29 2 27 8 19 28 4 12 10 9
13 30 32 4 28 14 11 10 20 15 27 25 22 29 8 9 17 5 18 31 6 3 2 19 1 21 12 7 24 16 23 26
30 16 18 3 1 4 26 29 21 8 12 14 5 6 11 19 24 20 23 9 27 32 31 7 25 22 15 2 10 28 17 13
3 26 1 7 30 8 27 14 28 5 19 13 31 23 22 20 29 18 32 2 4 12 21 10 17 25 11 15 16 9 6 24
7 11 21 9 27 30 15 31 17 10 22 18 26 19 20 14 1 29 12 32 25 5 23 3 4 28 24 13 2 8 16 6
22 12 30 15 8 16 19 5 23 7 28 9 24 1 21 2 4 31 20 17 3 14 26 29 11 10 32 6 13 25 27 18
28 14 9 25 2 20 22 15 1 21 30 16 10 8 5 7 3 32 6 23 17 13 4 18 19 11 27 24 31 26 29 12
4 2 31 29 24 21 6 17 12 22 32 23 20 16 3 26 30 10 5 15 13 27 25 11 28 9 8 18 14 1 19 7
11 28 20 27 18 1 17 3 29 2 14 4 21 12 31 5 19 26 15 10 30 8 7 32 16 13 25 9 6 23 24 22
14 20 15 26 25 27 8 12 7 32 10 24 9 4 17 3 5 22 11 28 29 31 13 16 2 6 23 1 19 18 30 21
10 27 14 32 7 12 24 20 13 25 4 16 6 15 9 22 18 2 28 3 8 1 17 23 29 26 31 19 30 11 21 5
3 5 26 30 23 17 29 9 11 31 21 1 7 32 2 18 12 15 24 27 22 10 28 25 13 4 19 14 20 6 8 16
1 32 13 10 20 26 7 27 18 12 6 22 28 2 4 24 23 9 17 8 14 15 19 5 21 29 30 11 25 31 16 3
26 4 5 21 16 22 23 32 30 13 17 12 15 14 24 7 9 6 1 25 3 29 27 20 10 31 2 8 18 19 28 11
7 31 6 12 32 2 25 8 5 27 24 30 14 10 1 29 28 20 19 21 18 3 9 26 22 16 11 23 15 13 4 17
30 8 10 14 19 29 9 1 31 17 20 6 12 18 27 11 2 28 21 5 24 32 16 22 15 3 13 4 26 7 23 25
29 23 18 20 15 25 13 28 24 11 2 31 4 5 12 19 21 16 30 22 32 9 8 27 3 7 6 26 17 10 14 1
5 17 25 18 29 23 10 4 21 3 15 28 13 22 16 20 11 1 31 19 12 6 2 8 26 32 14 30 7 24 9 27
17 19 7 24 5 6 21 18 27 9 3 32 11 28 30 13 26 8 29 1 31 25 20 4 14 12 16 22 23 2 10 15
31 9 24 1 22 20 11 30 19 6 29 10 8 26 14 27 7 3 13 32 28 16 15 21 18 17 5 25 12 4 2 23
13 1 19 31 9 11 8 23 20 29 12 2 25 24 32 15 16 17 18 28 27 21 3 6 30 14 4 10 5 22 26 7
21 25 17 5 3 32 12 26 8 4 7 13 29 30 15 23 6 19 14 11 16 22 24 28 9 2 10 20 1 27 18 31
19 7 21 16 6 10 30 3 15 8 14 20 17 31 23 9 25 24 26 4 5 18 11 13 32 1 28 2 22 29 27 12
18 28 12 22 26 8 29 20 3 14 31 4 19 13 25 30 10 27 9 7 2 23 6 1 5 24 15 17 11 16 32 21
25 20 22 13 29 19 26 8 10 18 4 9 32 2 6 24 27 14 3 31 11 7 21 30 12 23 1 16 28 15 17 5
12 16 11 28 8 1 15 25 31 26 23 14 21 10 9 6 32 2 4 18 13 17 5 7 27 19 24 29 3 30 22 20
27 18 3 24 11 28 16 2 25 7 19 26 5 12 4 22 20 1 10 30 9 8 31 23 6 15 29 14 32 21 13 17
23 11 20 1 32 12 17 4 24 16 28 21 31 14 19 18 8 5 7 29 26 10 30 2 25 22 27 15 9 3 6 13
9 12 14 4 23 5 24 6 28 19 30 11 16 20 2 3 13 32 22 17 21 26 18 15 7 27 31 1 10 8 29 25
10 22 24 6 2 21 19 28 13 20 26 27 30 15 29 14 23 12 16 3 1 11 4 9 17 18 32 7 31 5 25 8
31 10 4 3 7 25 6 11 30 24 27 18 2 23 14 16 28 26 8 13 15 19 17 32 29 5 22 9 20 12 21 1
24 29 18 10 19 15 25 1 27 31 16 5 28 6 20 26 3 11 2 12 7 30 32 8 14 21 9 13 17 23 4 22
14 25 6 32 20 17 22 16 5 2 21 29 9 11 10 1 31 18 28 27 23 13 7 19 24 26 12 8 30 4 15 3
28 1 10 30 22 4 7 21 18 17 6 3 14 32 31 2 12 15 16 9 8 24 29 27 20 19 26 5 25 11 13 23
17 6 9 27 18 26 2 10 16 25 24 23 20 7 11 5 21 28 32 30 19 1 22 12 4 29 8 3 13 31 14 15
11 13 12 14 26 16 32 9 17 3 10 25 22 4 8 29 18 7 27 1 6 15 28 30 21 31 20 19 23 24 5 2
16 30 32 21 15 29 20 27 11 14 13 7 10 18 5 17 24 9 22 8 31 12 26 3 28 4 25 6 1 2 23 19
2 24 27 31 6 3 28 32 1 5 9 8 19 22 21 7 26 29 18 16 17 25 13 11 10 15 23 4 12 20 30 14
19 31 3 7 5 13 30 15 32 9 22 27 18 17 25 6 10 16 24 2 20 29 8 1 11 14 4 23 21 28 12 26
29 2 19 22 16 18 23 7 9 12 1 28 5 8 26 13 25 21 3 10 30 14 27 4 31 24 17 11 15 32 20 6
15 14 1 13 25 23 9 12 29 21 19 26 4 28 24 30 7 8 17 18 2 31 10 5 20 3 32 27 11 6 22 16
1 21 17 12 31 30 13 23 15 4 11 18 6 5 7 16 32 10 29 3 28 24 19 22 2 25 14 9 27 26 8 20
32 8 7 2 9 24 26 30 19 6 17 11 27 29 3 23 4 14 10 21 15 13 1 25 22 12 20 28 5 16 18 31
4 27 11 28 12 2 10 21 16 29 5 31 15 26 1 19 6 32 20 23 25 3 30 7 13 8 17 22 14 9 24 18
3 19 5 18 8 15 20 7 13 27 30 14 32 24 28 2 16 31 26 25 4 23 9 29 1 17 22 21 6 12 10 11
25 16 13 17 28 27 5 32 7 20 21 29 2 31 6 3 19 4 8 12 11 14 23 24 18 10 9 15 22 1 26 30
21 5 22 32 3 6 27 18 23 28 31 24 1 15 17 11 29 20 14 13 10 19 4 26 30 2 12 7 16 8 25 9
10 32 31 15 27 14 19 24 6 11 26 5 16 4 30 18 2 3 9 23 17 1 22 20 29 13 8 12 7 25 28 21
12 22 28 5 11 21 14 10 29 15 32 20 7 1 13 31 9 6 4 27 8 25 17 23 3 16 30 19 26 18 2 24
24 23 25 10 30 12 22 11 18 26 3 9 21 16 20 29 17 19 31 14 13 6 5 28 15 1 4 8 2 27 32 7
13 4 26 31 25 19 15 20 17 1 28 29 27 32 9 22 11 2 12 7 24 8 18 16 23 6 10 14 3 30 21 5
9 17 21 3 20 28 12 26 2 32 16 13 30 23 19 5 15 24 1 10 7 31 6 18 14 11 29 25 8 22 4 27
26 18 30 24 22 4 32 25 27 19 14 31 11 17 21 1 8 15 7 3 9 12 29 6 5 23 16 2 20 10 28 13
18 9 16 14 29 11 6 27 5 30 23 4 25 19 12 17 20 26 21 1 31 22 28 8 10 7 24 13 32 3 15 2
23 14 15 16 31 20 25 1 12 13 2 10 26 30 3 8 24 7 19 4 29 11 32 27 6 9 22 18 21 5 17 28
7 31 29 28 6 17 2 16 11 24 9 3 20 8 27 26 13 10 23 25 19 18 1 32 21 30 15 5 14 4 12 22
27 10 26 12 2 23 7 8 19 29 4 1 24 20 15 21 5 11 28 22 16 30 13 9 17 31 25 6 18 32 14 3
5 24 28 6 19 25 23 15 32 4 8 30 22 11 1 14 3 17 2 9 26 10 7 21 27 18 20 16 12 13 29 31
11 18 31 30 8 3 16 14 25 28 13 17 1 7 10 15 21 5 32 27 23 9 19 2 4 22 26 29 6 20 24 12
31 29 30 26 7 24 11 5 10 12 17 21 14 6 32 23 22 18 16 2 1 27 8 13 25 4 9 3 15 28 20 19
28 26 13 7 12 15 21 31 30 16 27 23 6 1 2 19 9 22 3 29 20 32 25 18 24 14 17 4 5 11 10 8
30 7 32 13 28 2 31 22 20 1 10 25 19 14 5 9 12 4 17 8 3 16 27 29 11 21 23 24 26 15 6 18
3 4 20 18 32 16 24 23 9 6 7 2 15 10 22 26 27 12 25 17 19 29 21 11 28 30 5 1 13 31 8 14
14 9 2 21 3 5 10 6 15 8 24 12 4 26 25 20 31 28 13 18 27 17 16 19 7 1 30 11 22 29 32 23
4 27 25 22 9 13 28 17 3 2 12 32 18 30 7 1 23 31 29 21 8 5 10 15 26 19 14 20 11 24 16 6
7 13 24 15 20 19 17 28 1 14 29 5 12 18 31 3 30 8 10 16 6 26 2 4 21 11 27 32 25 9 23 22
9 28 3 20 15 27 29 2 13 32 16 11 17 24 30 6 25 21 22 7 14 1 18 12 31 26 8 10 23 19 5 4
32 21 17 25 18 28 13 4 20 31 10 24 29 2 16 7 14 9 11 15 5 3 30 1 12 22 23 8 27 6 19 26
29 20 11 32 26 10 19 12 31 3 22 8 28 13 18 5 2 14 4 23 21 15 24 16 1 9 6 17 7 30 25 27
17 8 22 10 27 6 15 20 11 7 26 14 2 29 28 21 19 3 24 4 9 30 31 32 23 25 12 13 16 1 18 5
6 2 16 3 24 22 12 29 18 11 28 4 5 31 8 27 26 32 15 14 7 9 13 25 17 10 19 23 1 21 30 20
25 17 19 2 23 14 5 22 10 27 6 21 13 4 24 18 15 29 31 12 30 11 7 9 3 8 28 16 32 20 26 1
26 22 14 29 16 8 17 30 32 18 15 20 6 12 11 31 10 1 19 25 13 21 4 24 7 3 27 5 28 23 2 9
1 23 21 27 5 18 8 17 25 30 3 28 9 19 6 2 29 22 7 13 15 12 32 26 11 14 31 20 10 4 16 24
2 14 27 31 30 29 24 26 19 15 17 25 20 5 4 22 32 6 8 9 23 10 16 3 13 7 11 12 21 18 1 28
18 31 5 4 11 12 14 24 21 17 1 9 10 23 19 3 22 26 30 29 2 16 25 7 6 28 32 15 27 8 20 13
13 12 17 7 26 24 11 18 16 10 23 6 8 15 29 32 27 19 1 5 14 31 9 28 25 21 20 30 4 2 22 3
5 32 19 15 24 17 27 9 2 25 31 18 3 16 8 14 6 12 20 10 1 29 23 21 4 13 28 11 22 7 26 30
29 19 12 9 6 30 26 23 5 18 4 7 17 32 22 11 21 8 14 3 10 27 2 20 15 16 1 28 25 13 24 31
19 7 14 5 21 8 31 28 12 20 27 30 32 11 9 17 4 16 23 22 6 24 1 29 10 15 13 3 26 25 18 2
12 5 3 29 22 11 32 21 27 26 19 13 16 28 14 18 20 7 9 2 25 8 10 24 30 31 17 6 1 15 4 23
23 15 24 17 7 26 25 32 8 3 30 27 1 14 2 28 13 29 21 16 4 22 6 31 5 18 9 19 20 11 10 12
15 28 31 20 27 4 21 3 1 19 11 17 30 7 24 13 12 10 26 8 16 18 22 2 14 6 25 29 9 5 23 32
17 1 21 22 18 25 4 16 30 9 32 8 26 20 13 31 3 14 12 19 27 7 28 23 29 5 15 24 2 10 6 11
26 13 30 25 3 20 29 11 23 24 9 28 14 6 16 1 5 4 10 17 8 19 27 21 18 2 31 32 15 22 12 7
11 27 7 4 15 21 20 1 6 13 24 23 22 10 18 2 16 3 5 31 12 17 8 25 32 29 14 9 30 26 28 19
31 8 16 1 20 32 7 2 15 30 14 5 12 29 10 21 25 17 27 13 28 23 18 9 24 4 11 22 6 3 19 26
10 29 1 27 23 14 16 15 3 4 7 31 9 19 28 6 17 5 18 30 20 25 26 11 22 24 8 2 12 32 13 21
14 24 11 2 31 16 22 9 21 5 13 3 28 17 12 23 7 26 15 1 29 32 19 6 4 27 30 18 10 20 25 8
7 25 22 6 16 18 15 29 17 10 28 20 24 11 32 5 30 2 8 9 4 13 3 26 21 12 19 1 23 31 27 14
16 6 13 9 17 19 10 26 24 14 15 2 7 18 3 11 23 20 30 12 31 21 5 22 27 8 32 25 28 4 29 1
25 2 5 3 19 29 23 12 13 16 4 10 11 32 1 8 31 18 7 27 24 26 21 15 20 17 22 30 14 28 9 6
9 11 17 18 29 28 2 6 10 27 19 21 13 12 30 26 4 24 25 22 3 15 7 1 31 23 16 14 32 8 5 20
2 23 26 5 30 3 19 25 31 17 8 1 16 6 27 32 10 28 9 15 21 14 24 20 11 18 12 22 7 29 4 13
19 5 2 30 22 23 6 10 20 12 29 9 15 1 31 7 14 11 21 25 32 3 17 28 18 13 26 8 4 27 16 24
1 14 32 13 25 12 8 31 7 11 6 30 29 28 23 27 24 15 19 10 5 18 9 17 26 21 20 4 3 22 2 16
3 19 20 31 32 2 28 14 18 6 21 13 22 7 5 15 26 1 29 23 12 16 10 4 17 25 9 27 11 24 8 30
28 10 19 3 5 27 23 17 32 8 2 26 25 24 21 18 9 31 12 4 11 22 29 7 1 14 13 20 16 6 30 15
27 20 15 22 28 30 13 4 12 2 26 23 5 8 7 29 19 21 31 14 3 11 32 16 24 10 6 25 18 1 17 9
12 32 29 17 21 13 16 20 25 15 9 11 27 31 4 22 2 7 23 5 30 10 1 19 3 26 24 8 6 18 14 28
6 31 25 15 9 26 4 30 5 1 3 32 19 2 20 23 11 16 17 29 24 7 22 12 10 28 27 14 13 21 8 18
23 26 27 29 2 11 10 21 16 31 12 24 30 4 6 20 13 19 22 32 7 25 3 5 28 15 17 18 9 8 1 14
4 15 14 12 11 10 28 24 19 7 30 18 32 16 9 17 29 8 3 2 26 31 27 23 13 6 1 21 5 25 20 22
5 12 21 32 7 22 26 28 11 14 31 25 2 20 17 3 23 6 18 1 9 24 4 13 30 16 10 29 8 19 15 27
18 17 12 2 8 3 20 27 6 16 14 4 10 30 11 13 25 24 28 7 19 9 26 32 29 31 5 15 21 23 22 1
15 10 30 26 29 25 32 2 23 8 24 7 4 5 3 16 21 22 11 9 31 1 6 18 14 19 28 27 17 13 12 20
13 21 28 25 3 4 29 16 30 27 1 31 26 15 19 14 32 9 20 12 10 6 2 22 7 5 24 17 23 11 18 8
30 17 4 10 12 28 31 18 2 5 16 6 8 26 20 1 11 32 24 3 29 23 13 25 27 7 22 19 14 15 21 9
29 14 7 24 16 8 21 20 9 10 32 3 18 23 4 5 12 17 27 13 28 19 31 15 22 30 25 1 11 2 6 26
26 20 3 27 18 21 2 23 8 25 22 28 17 1 29 19 15 4 14 31 13 12 7 30 6 24 16 11 10 9 32 5
25 11 16 7 23 20 9 32 27 24 17 1 19 14 28 2 4 12 5 30 6 13 18 21 15 8 26 10 22 3 29 31
16 7 23 1 9 14 24 6 3 20 15 10 4 13 22 8 21 11 26 18 25 17 29 19 5 2 31 28 32 30 27 12
15 26 20 18 4 29 11 14 24 13 9 27 22 31 1 28 2 5 10 17 16 8 25 3 12 19 32 6 21 7 23 30
4 22 19 6 11 24 7 3 32 9 28 13 14 29 10 21 30 2 8 16 27 15 18 31 25 1 17 12 20 5 26 23
9 19 13 4 24 23 12 7 11 30 8 2 27 10 21 18 20 1 29 22 14 17 16 6 15 26 5 32 3 31 25 28
3 13 29 9 2 16 8 12 18 6 7 11 21 4 25 31 5 20 17 15 26 30 10 1 32 22 23 24 28 27 14 19
18 24 30 17 6 19 25 29 7 11 23 21 1 8 5 22 14 31 32 27 20 12 28 4 3 9 13 16 2 26 10 15
31 1 24 21 22 18 15 25 20 26 30 9 12 28 11 27 6 3 13 8 5 32 23 29 10 16 14 2 17 19 4 7
17 6 12 31 21 32 22 1 10 13 14 26 15 7 27 11 3 29 25 16 2 19 8 24 9 23 28 20 18 30 5 4
21 32 2 12 20 23 19 15 5 7 13 8 3 16 31 6 26 18 14 25 11 10 17 28 29 4 9 22 27 24 30 1
12 5 21 7 26 6 9 17 25 3 11 32 20 13 14 16 31 28 15 19 8 27 24 2 22 10 30 4 23 29 1 18
16 9 25 20 15 4 27 21 6 2 12 5 29 11 18 14 13 22 7 10 32 3 23 26 1 30 8 19 17 28 24 31
17 27 25 21 19 11 15 8 10 14 3 9 12 2 16 26 23 7 5 4 30 13 1 24 6 31 20 28 18 22 29 32
27 29 17 13 5 2 21 16 3 4 10 14 18 26 23 20 6 12 11 31 8 1 7 9 30 25 28 15 22 32 19 24
6 15 12 2 17 13 7 10 27 25 24 18 11 5 32 19 26 28 1 8 4 9 3 30 31 29 14 20 16 21 22 23
7 6 24 27 25 18 2 23 20 29 19 4 10 30 3 8 9 16 31 12 11 32 13 26 5 28 1 17 14 15 21 22
13 8 3 10 21 14 11 18 16 9 4 7 25 20 27 17 31 29 6 30 1 22 26 2 28 24 19 12 15 23 32 5
10 28 5 15 18 25 16 4 19 20 2 8 26 1 31 6 22 24 30 9 7 29 32 11 17 14 27 3 12 13 23 21
14 25 2 26 32 3 6 31 24 16 27 1 5 12 30 15 7 19 28 13 21 8 4 29 20 23 10 22 9 11 17 18
19 2 16 3 22 28 4 32 25 31 1 17 30 14 8 11 29 15 26 10 24 23 21 5 13 27 9 6 7 18 20 12
2 32 23 1 31 27 20 24 8 26 22 30 17 19 7 29 3 4 9 18 5 21 6 28 12 13 11 14 25 10 15 16
1 12 27 25 23 20 24 30 31 15 16 26 3 32 29 28 19 21 8 7 2 6 22 17 10 18 4 11 13 5 9 14
32 1 14 31 26 21 17 27 23 30 29 28 6 15 22 2 24 18 13 25 19 11 9 8 4 12 20 10 5 3 16 7
23 18 31 30 27 29 22 26 17 1 21 20 24 28 11 7 15 10 25 3 32 5 19 12 14 8 16 2 6 9 13 4
31 21 1 22 28 26 29 25 30 24 17 32 20 18 19 13 16 11 23 14 3 10 8 27 9 15 6 5 4 7 12 2
30 31 28 29 20 32 12 22 1 21 26 24 15 23 18 27 25 3 19 17 13 14 5 16 7 10 8 9 11 4 2 6
