30569 17139 15608 9149 5437 6266 3147 3147 2290 2030 1468 1446 822 562 393 245 238 15 15 7 7
11 7 3 9 4 6 1 5 10 2 8
4 2 1 3 8 9 6 7 5 11 10
7 11 9 4 8 5 6 2 1 3 10
2 6 10 1 4 11 8 7 3 9 5
11 8 9 5 10 7 1 2 4 6 3
7 11 8 9 2 1 10 4 3 6 5
2 3 7 10 4 8 1 5 11 6 9
6 10 4 3 7 1 9 11 2 5 8
11 7 2 1 10 4 5 9 8 6 3
2 1 6 5 3 4 9 8 7 10 11
3 10 1 2 8 4 5 11 6 7 9
11 3 7 10 4 8 1 5 2 9 6
2 8 9 5 10 4 1 11 6 7 3
3 10 1 2 8 7 5 11 4 9 6
2 11 8 9 10 7 1 4 3 6 5
2 1 6 5 8 7 9 11 4 10 3
3 7 2 1 8 4 5 9 6 10 11
2 3 6 10 8 7 1 5 4 9 11
3 1 7 5 4 8 9 11 2 10 6
3 8 9 10 4 7 1 5 2 6 11
2 3 7 5 10 8 1 11 4 9 6
