0.17558796754969147 0.13869278457191533 0.08922657825394482 0.0970101512128439 0.07791757139346127 0.023334446470025187 0.0377020143591082 0.03163663665198661 0.04067835011766015 0.018497025814823632 0.03612988501159079 0.008408967962800907 0.037978338637676606 0.006011289549957711 0.03456618226597172 0.030441339904357618 0.036053411009981134 0.010734691504952694 0.019500580858562818 0.014538684266415764 0.017727693559211413 0.009472305763977132 0.00815310330908295
7 5 4 2 3 6 1
4 3 7 6 2 1 5
6 4 1 5 7 2 3
2 1 3 4 6 5 7
3 2 6 1 5 7 4
1 6 5 7 3 4 2
5 3 4 7 1 6 2
7 4 2 5 3 1 6
4 6 5 3 1 2 7
2 1 5 4 7 6 3
6 5 3 4 7 1 2
2 7 6 5 3 4 1
6 1 4 7 3 2 5
7 3 2 6 4 5 1
7 4 5 1 3 6 2
4 2 7 5 1 6 3
2 3 6 7 5 1 4
2 4 1 6 3 7 5
7 3 6 5 1 4 2
3 2 5 6 7 4 1
5 6 2 4 3 7 1
1 3 4 6 7 5 2
3 4 2 5 6 1 7
