10810 8738 7617 7440 7175 6968 6039 5210 5293 4426 4191 3178 2730 2223 2126 1992 1650 1479 1265 1061 961 935 741 778 493 609 474 414 338 296 306 272 233 193 189 158 111 131 100 76 77 71 63 51 44 34 33 30 27 22 20 15 14 11 11 8 7 6 5 5 4 4 3 2 2 2 2 1 1 1 1 1 1 1 1
12 5 8 9 13 7 6 11 10 1 3 2 4
7 2 5 6 11 10 12 8 9 13 1 4 3
8 9 6 5 7 11 4 3 1 12 2 10 13
5 4 2 12 10 9 11 1 13 8 3 7 6
1 6 9 8 2 4 7 5 11 3 10 13 12
10 7 13 4 12 1 2 9 6 11 8 3 5
3 11 10 13 9 6 1 8 12 4 7 5 2
4 1 11 7 8 5 3 13 2 6 12 10 9
6 12 4 5 13 2 9 10 3 7 11 1 8
9 3 7 6 1 12 5 4 8 10 13 2 11
2 8 6 3 11 13 10 12 7 5 9 4 1
11 10 2 1 3 8 13 6 4 9 5 12 7
13 2 8 10 5 3 6 11 1 7 4 9 12
5 13 3 12 4 8 11 2 9 1 6 7 10
1 7 5 2 3 11 13 9 4 10 12 8 6
8 10 9 7 6 12 4 3 2 5 1 11 13
11 4 12 9 1 5 8 13 3 2 7 6 10
13 8 3 10 12 4 9 1 5 6 2 11 7
3 1 12 11 8 13 10 7 2 9 5 6 4
6 13 1 2 11 3 7 8 10 12 4 9 5
9 11 7 6 4 10 3 5 12 2 13 8 1
10 3 1 12 7 11 5 6 8 4 9 13 2
7 2 5 3 1 13 11 10 6 12 4 8 9
5 1 3 10 9 2 4 8 12 11 6 7 13
7 4 9 6 8 5 1 13 10 3 2 11 12
13 8 9 12 3 10 7 2 4 1 11 5 6
10 4 8 2 5 6 3 7 1 13 12 9 11
4 12 2 13 7 3 10 1 9 6 5 11 8
9 2 7 11 13 12 5 4 8 10 1 6 3
8 6 12 5 4 1 11 2 10 3 7 13 9
6 3 5 4 9 10 8 13 12 7 2 1 11
3 5 11 1 13 6 10 8 7 2 4 9 12
2 10 7 11 8 1 13 5 6 12 9 4 3
1 6 12 13 3 5 2 10 4 9 7 11 8
11 4 8 5 10 12 3 1 2 9 13 7 6
12 8 3 11 7 13 4 2 1 5 9 6 10
4 13 7 3 6 2 1 12 11 8 10 5 9
9 3 1 2 4 6 8 10 5 7 11 13 12
5 12 9 6 11 4 1 7 3 10 13 8 2
8 10 5 4 9 11 6 13 2 3 12 7 1
8 6 2 1 5 13 4 12 7 11 10 3 9
12 2 11 8 13 10 7 6 4 5 1 9 3
9 12 7 6 3 13 2 5 10 8 4 11 1
2 13 12 4 6 10 3 7 5 1 9 8 11
6 12 9 1 7 3 8 13 11 2 5 4 10
11 10 3 2 9 4 5 12 6 8 1 7 13
4 5 8 13 3 11 9 2 10 6 12 1 7
5 10 12 3 6 2 13 4 1 9 7 8 11
1 3 11 8 10 2 5 13 4 7 6 9 12
10 13 5 2 7 12 3 4 6 11 9 8 1
9 1 3 12 13 10 8 5 11 2 4 7 6
12 6 8 13 11 5 10 2 7 1 3 4 9
2 8 9 1 5 11 4 6 12 10 7 3 13
8 7 3 4 5 6 9 1 10 12 13 11 2
10 4 5 3 11 12 13 8 2 6 1 9 7
4 2 13 1 10 6 7 5 12 3 11 8 9
11 5 9 8 13 3 2 6 7 1 12 4 10
1 8 9 6 13 4 10 12 2 3 5 7 11
6 13 3 12 7 10 5 2 4 8 9 11 1
11 2 8 12 4 5 7 1 3 10 6 9 13
8 7 13 11 6 4 3 5 2 12 10 1 9
10 3 12 13 5 6 9 8 11 7 4 1 2
1 5 3 12 11 2 10 4 7 9 13 8 6
5 6 1 13 8 10 4 2 12 9 3 11 7
5 7 1 11 8 3 2 12 6 10 9 4 13
6 3 12 8 10 5 4 7 2 1 13 9 11
11 5 9 3 13 12 2 4 7 6 10 8 1
10 6 1 13 7 11 8 2 12 5 4 3 9
4 8 3 11 10 2 13 5 6 12 7 1 9
10 13 11 6 7 5 9 8 3 12 1 4 2
5 2 9 6 7 4 3 1 10 8 12 11 13
4 1 12 13 8 2 10 5 3 7 6 9 11
1 4 8 12 13 10 5 2 6 11 9 3 7
9 6 1 11 10 4 8 13 12 5 3 7 2
8 10 13 1 11 3 7 12 2 6 5 4 9
