0.15864542009897165 0.14015721627535704 0.11333679412930894 0.09141871904045466 0.0786809205331411 0.0483064048262978 0.014028895899857606 0.04438705259831991 0.05046833764928648 0.03297502733750779 0.02165297316189731 0.028677379010057 0.016680549367100877 0.02206011367664456 0.009977640232593806 0.026102603260032657 0.02225608200296129 0.016255825440694992 0.015660084520308412 0.014172268513536285 0.00831254596287149 0.007842105291136969 0.007930110246299452 0.004751030124722583 0.005263900800639223
3 5 8 4 7 2 6 1
2 4 6 3 5 1 7 8
6 3 2 1 8 5 4 7
1 2 4 7 6 8 5 3
8 1 7 5 4 6 3 2
4 6 1 2 3 7 8 5
5 7 3 6 1 8 2 4
2 3 5 8 7 4 1 6
7 2 3 6 4 5 8 1
8 5 2 4 3 1 7 6
3 6 1 5 2 8 4 7
3 8 4 7 6 2 1 5
5 3 8 2 1 6 4 7
4 5 1 6 7 8 2 3
6 4 2 5 7 3 8 1
5 6 7 3 1 8 2 4
2 3 8 6 1 4 7 5
8 5 6 2 7 1 3 4
6 4 3 8 5 2 1 7
5 3 2 7 6 8 4 1
2 1 3 4 8 7 5 6
5 3 4 6 7 1 2 8
3 2 1 4 7 5 8 6
3 5 2 6 4 8 1 7
2 4 8 5 3 6 7 1
