11101 10074 9028 9497 7940 7560 6383 4895 4279 4415 2835 2915 2340 2497 1975 1734 1564 1444 1219 1029 789 672 579 484 421 392 335 264 246 194 128 124 94 93 71 63 47 42 31 26 27 23 21 19 16 14 12 9 7 7 5 4 4 3 2 2 1 1 1 1 1 1
9 3 7 10 11 6 1 4 5 2 8
8 1 10 2 3 4 7 11 9 5 6
6 5 11 7 4 10 3 1 8 9 2
7 6 2 11 8 3 9 5 10 1 4
2 4 5 8 7 1 10 9 3 6 11
5 9 6 10 2 7 8 3 4 11 1
3 7 8 9 1 11 4 6 2 10 5
10 4 1 5 9 8 2 7 6 3 11
4 2 3 1 5 9 6 8 11 7 10
11 8 4 6 10 2 1 7 5 9 3
1 10 9 4 11 5 6 2 7 8 3
6 9 5 2 4 8 11 10 1 3 7
8 5 11 1 6 2 3 4 7 10 9
10 2 6 3 5 4 9 11 8 7 1
4 3 1 8 11 10 5 2 9 6 7
1 11 9 5 8 3 10 6 7 2 4
2 7 8 4 3 10 11 9 1 5 6
11 7 3 6 2 1 8 5 4 10 9
3 8 10 1 9 2 5 4 6 11 7
10 6 7 9 1 4 2 3 11 8 5
9 10 3 7 4 5 11 8 6 1 2
7 8 6 11 1 3 9 10 2 5 4
1 5 11 2 10 9 3 8 4 7 6
6 2 11 10 3 4 1 5 9 8 7
2 10 4 11 9 1 5 6 7 3 8
7 6 1 5 8 11 10 9 3 4 2
5 3 4 7 10 9 6 2 1 8 11
1 9 2 10 11 4 8 3 7 5 6
9 11 6 1 4 5 10 3 2 7 8
10 3 7 2 6 1 8 9 4 11 5
3 2 10 11 8 9 7 6 5 4 1
11 8 1 10 2 3 6 5 4 9 7
4 5 11 2 8 1 9 10 6 3 7
7 2 5 4 6 9 11 8 3 10 1
6 8 3 7 11 5 1 10 2 9 4
3 9 11 7 2 4 10 6 1 8 5
10 6 1 7 4 3 9 8 5 11 2
9 5 10 4 8 1 7 2 11 3 6
9 2 4 11 10 3 8 5 1 6 7
2 5 8 6 9 11 7 4 3 10 1
4 6 3 7 9 11 1 10 5 2 8
10 11 2 1 3 9 8 5 7 6 4
2 8 7 3 5 4 9 6 1 10 11
3 2 6 1 10 5 7 8 4 11 9
9 5 8 6 4 1 10 3 11 2 7
4 9 2 11 6 1 5 10 7 3 8
1 8 10 4 5 3 11 2 6 9 7
10 2 7 9 3 11 8 4 5 6 1
6 9 11 7 10 5 1 2 8 3 4
3 11 2 6 5 1 10 4 7 8 9
9 6 10 3 4 11 7 8 1 2 5
11 8 6 7 9 4 5 3 2 10 1
7 9 6 1 10 3 11 5 8 2 4
1 5 11 9 4 3 7 6 2 10 8
2 11 7 6 9 3 1 10 4 8 5
10 2 7 3 5 4 9 6 11 8 1
11 9 10 3 4 5 6 8 1 2 7
9 8 2 6 4 11 1 10 5 3 7
10 11 2 7 9 4 6 5 1 3 8
9 2 6 11 3 5 7 4 8 10 1
11 3 10 9 4 1 5 8 6 2 7
3 9 1 7 5 11 10 2 4 6 8
