11743 10288 9704 8209 7708 7816 6058 6217 4442 3796 3492 2927 2864 2174 2037 1632 1439 1116 1023 861 727 605 580 445 409 358 250 163 141 168 126 90 62 67 58 41 33 26 23 15 15 10 7 9 5 5 4 3 2 2 1 1 1 1 1
4 1 9 3 7 5 8 2 10 6
1 9 8 10 5 4 7 6 3 2
2 8 10 7 4 3 1 5 6 9
6 10 5 2 9 7 8 4 1 3
8 2 4 6 3 1 5 7 9 10
9 5 1 4 6 2 10 8 3 7
3 7 2 1 8 10 6 9 5 4
5 4 6 8 2 9 7 3 10 1
7 6 9 5 1 3 2 10 4 8
6 3 8 9 10 4 1 2 7 5
10 8 9 6 5 7 4 1 2 3
8 2 3 9 10 5 6 4 1 7
1 10 2 3 4 6 9 7 8 5
9 1 6 5 7 2 8 10 4 3
2 6 10 1 5 3 9 8 7 4
8 9 1 7 4 10 3 5 2 6
6 4 5 2 7 1 10 3 9 8
3 1 7 9 2 8 6 4 5 10
2 7 3 4 6 9 5 10 8 1
3 5 7 8 10 2 4 9 1 6
10 6 9 3 5 4 8 2 7 1
9 4 8 7 1 10 3 6 5 2
10 2 5 1 4 6 3 7 8 9
8 9 7 2 3 1 5 4 10 6
6 7 8 3 2 5 9 1 4 10
2 3 6 4 10 1 9 7 8 5
9 6 3 5 7 10 8 1 2 4
1 5 9 6 7 3 4 2 10 8
3 2 1 7 5 8 6 9 4 10
9 2 8 7 1 3 5 6 10 4
10 5 7 8 3 1 6 9 4 2
7 3 10 6 2 9 8 4 5 1
3 9 5 2 10 6 4 1 7 8
2 6 9 4 7 8 10 3 1 5
3 10 1 8 2 5 4 9 7 6
1 7 6 5 10 9 3 4 2 8
5 7 9 6 2 8 10 3 4 1
2 8 10 1 7 6 3 4 5 9
2 5 10 3 1 9 4 6 7 8
10 6 5 7 3 1 9 4 2 8
7 1 5 6 10 8 3 9 4 2
1 9 10 8 2 5 3 4 7 6
7 2 6 8 3 5 10 9 1 4
2 9 5 4 3 1 6 10 7 8
5 10 6 2 7 8 9 3 1 4
1 7 5 8 3 9 10 4 2 6
1 6 10 3 2 5 8 7 4 9
5 8 6 7 10 9 4 3 1 2
3 2 6 7 1 8 5 9 10 4
9 2 5 8 7 3 6 10 1 4
3 8 9 2 7 1 10 4 5 6
3 5 9 2 7 6 8 4 1 10
2 1 5 4 3 6 8 7 10 9
2 9 6 3 7 1 10 4 5 8
5 7 3 2 1 8 9 10 4 6
