24914 23758 23784 22746 23601 23381 22802 22980 22822 22540 22246 21670 21782 21012 21131 20309 20004 20690 20596 20233 20221 19610 19628 19013 19520 18389 18338 18585 18392 17778 17289 17401 16725 16866 16450 16017 16396 15041 15040 14414 14855 14324 13716 13530 13072 11545 9112 8128 3521 3326 3142 3254 2942 2938 2866 2727 2927 2599 2552 2460 2297 2323 2250 2291 2039 2123 2072 1978 1821 1923 1896 1731 1745 1667 1453 1646 1519 1439 1360 1425 1283 1320 1262 1125 1144 1147 1001 1096 1054 1013 907 864 791 692 760 733 636 616 579 568 581 552 552 495 471 465 464 451 418 384 397 396 358 389 339 346 351 347 293 319 309 295 292 274 278 268 260 239 245 222 226 222 198 182 187 192 183 177 170 155 141 145 127 126 117 117 109 115 106 106 97 92 91 90 82 82 75 76 73 70 69 67 65 59 61 57 52 50 51 49 46 46 39 40 40 36 36 34 35 30 32 28 29 27 22 22 22 22 21 22 21 20 19 16 18 17 17 16 16 15 14 14 13 13 13 12 12 12 10 11 10 9 10 9 8 8 8 8 8 8 7 7 7 7 6 6 6 5 5 5 5 5 5 4 4 4 4 4 4 3 3 3 3 3 3 3 3 3 3 3 3 2 2 2 2 2 2 2 2 2 2 2 1 1 1 1 1 1 1 1 1 1 1 1 1 1 1 1 1 1 1 1 1 1 1 1 1 1 1 1 1 1
26 28 13 14 20 44 8 21 2 17 37 46 11 4 30 29 48 43 15 40 42 3 33 1 24 32 35 41 36 38 9 5 19 10 16 47 25 27 18 39 12 7 34 45 23 6 22 31
30 46 9 3 15 26 25 18 47 1 38 37 20 5 17 19 45 13 14 8 41 35 31 39 12 40 32 36 33 7 24 22 43 23 28 11 2 34 27 10 4 29 21 16 48 44 6 42
19 27 42 44 16 2 32 37 17 48 8 38 36 14 11 23 43 28 35 47 10 30 13 18 4 21 1 40 3 29 6 31 46 5 9 26 15 24 25 45 22 33 41 34 39 20 7 12
37 21 12 7 5 14 31 48 23 4 18 10 33 28 36 38 6 44 20 11 30 8 32 46 39 45 22 47 27 13 41 25 34 15 29 9 24 16 17 26 43 42 35 40 19 2 1 3
45 7 16 21 30 24 6 22 4 19 41 36 42 35 10 33 9 32 23 3 40 28 14 26 1 5 15 2 25 46 31 38 48 44 34 39 8 43 29 20 27 11 12 37 13 17 47 18
39 13 5 46 24 37 17 3 9 16 33 2 15 6 4 12 36 30 42 45 32 43 35 47 23 1 48 26 41 31 11 18 14 25 40 10 7 21 34 44 29 28 19 27 20 22 8 38
13 18 11 35 22 31 45 4 19 30 9 21 29 36 40 8 34 15 17 25 23 10 20 48 38 47 43 46 1 3 7 2 27 28 33 44 42 12 37 24 6 16 14 32 41 26 39 5
25 12 24 41 6 47 5 36 29 42 26 11 17 10 13 18 37 35 31 15 48 23 19 40 34 3 16 28 20 22 4 33 45 38 44 27 39 8 30 14 2 43 46 1 21 9 32 7
38 2 25 24 8 42 39 43 27 40 34 13 16 1 5 15 4 20 29 41 3 22 7 11 21 44 36 35 28 32 45 9 12 37 6 18 19 17 47 48 23 46 31 10 30 33 26 14
16 34 41 1 33 32 3 10 8 5 39 4 18 40 43 27 22 29 24 48 28 7 46 20 26 19 6 42 45 2 12 13 11 17 31 35 36 23 21 9 38 44 30 15 25 37 14 47
32 15 43 20 35 41 4 12 1 45 6 17 37 3 39 9 27 25 5 13 11 42 26 36 7 30 29 16 44 14 19 28 2 8 46 24 40 47 31 33 10 21 23 48 18 38 34 22
35 25 28 15 13 1 41 9 40 11 5 32 46 30 31 39 26 18 36 33 17 6 34 2 27 20 23 12 22 10 44 47 7 24 4 29 43 3 14 37 42 38 8 21 16 48 45 19
20 26 23 28 17 35 43 25 10 37 30 18 9 22 19 7 42 48 33 44 14 38 16 3 11 36 8 27 24 41 15 29 39 4 13 31 12 6 45 5 21 32 1 2 40 47 46 34
24 47 33 8 9 27 18 35 7 14 12 31 44 37 3 17 25 40 39 1 6 29 43 16 19 42 13 48 11 4 38 46 15 32 23 21 28 45 20 30 26 41 5 36 22 34 2 10
27 8 37 11 7 30 40 19 16 15 1 12 45 18 22 13 21 38 46 35 25 17 6 43 48 29 33 3 39 28 32 34 23 20 24 36 14 4 41 31 9 5 47 26 44 10 42 2
17 33 8 13 1 45 42 46 25 41 31 23 3 48 12 28 32 36 21 4 7 39 37 29 18 38 11 43 6 47 34 40 5 16 30 2 20 19 22 35 24 9 10 14 26 27 15 44
47 17 27 37 38 23 35 15 31 24 36 9 34 26 29 6 41 46 43 39 20 48 42 32 44 8 45 10 14 40 22 16 28 30 3 19 1 7 5 12 33 2 18 13 11 21 4 25
44 10 39 29 23 18 47 1 28 2 40 45 48 20 35 32 12 33 7 14 27 26 17 31 16 25 41 34 19 30 5 3 22 13 43 42 37 36 46 15 8 24 38 11 6 4 9 21
28 37 48 2 27 29 1 8 39 21 13 3 25 31 14 43 46 42 19 30 26 47 11 23 5 34 9 33 4 16 17 15 40 7 18 6 41 10 38 22 20 12 36 24 45 35 44 32
3 4 36 22 46 15 44 32 13 33 21 34 12 2 25 10 39 24 26 23 29 1 45 8 20 7 30 5 38 35 40 6 42 31 17 14 47 37 16 19 18 48 27 9 43 41 11 28
34 3 47 42 37 46 9 7 24 13 43 33 39 17 8 4 16 21 40 38 22 44 41 19 10 35 31 18 5 12 2 27 6 11 45 1 32 25 15 23 48 30 26 28 14 36 20 29
11 45 32 23 47 12 30 28 33 20 35 22 8 16 38 46 15 27 34 31 39 5 1 42 43 6 14 19 9 21 36 37 4 2 48 40 26 41 3 13 7 18 44 25 17 29 10 24
42 36 45 26 12 40 22 44 5 18 17 48 27 7 6 16 3 11 30 32 38 14 8 41 29 31 25 9 37 39 1 20 13 46 47 23 21 15 43 34 19 35 2 33 10 28 24 4
22 30 2 19 40 3 15 39 44 27 10 41 43 29 42 36 7 12 18 17 9 21 24 5 47 14 26 13 48 11 33 4 25 6 1 20 34 28 8 38 16 37 32 35 46 23 31 45
15 38 19 12 39 10 16 20 18 25 45 14 32 21 27 24 2 31 13 5 36 34 22 33 28 43 37 30 47 44 48 11 8 42 35 41 4 9 26 6 17 3 40 7 29 46 23 1
7 42 44 32 36 13 34 30 41 8 24 39 10 19 37 26 17 47 11 28 35 4 23 9 22 15 40 29 21 20 14 1 3 12 25 45 38 46 48 16 31 27 6 18 2 5 33 43
40 41 18 39 34 8 7 5 45 43 32 1 35 23 48 21 19 37 38 22 44 33 29 12 15 26 28 6 42 17 47 30 16 36 20 3 10 11 2 27 25 14 4 46 31 24 13 9
14 11 29 9 43 21 2 40 46 10 15 6 7 13 26 47 24 4 44 27 19 18 36 30 33 48 39 20 31 25 3 32 41 35 5 22 45 1 12 42 34 8 28 17 37 16 38 23
9 16 10 4 45 20 19 2 35 47 14 25 30 33 44 40 29 22 48 24 13 31 12 7 46 39 27 38 17 34 37 42 1 41 8 28 6 26 32 18 5 23 43 3 36 11 21 15
5 32 30 17 44 16 14 34 21 35 28 26 24 27 33 22 20 41 6 9 31 2 48 4 36 23 42 45 12 37 25 8 29 39 38 46 18 13 10 43 1 15 11 47 7 19 3 40
31 20 26 18 4 25 21 16 32 38 47 5 23 42 7 45 30 34 10 2 15 27 28 17 40 33 24 14 46 6 43 35 44 1 22 37 29 48 39 36 3 13 9 41 12 8 19 11
41 31 35 48 2 4 33 17 15 46 29 47 1 25 20 34 23 6 22 16 43 32 18 45 3 27 12 21 40 8 10 14 38 26 37 7 9 42 44 11 13 19 24 5 28 39 36 30
6 22 40 38 3 48 20 13 34 12 19 29 14 8 41 25 28 10 27 42 33 11 5 24 31 9 7 44 23 36 26 45 21 18 15 43 46 2 4 32 39 47 16 30 35 1 37 17
18 29 14 47 32 22 36 38 20 23 7 40 2 15 24 1 10 45 41 43 46 37 25 34 8 28 44 4 30 9 21 19 33 27 26 13 48 35 6 3 11 17 39 42 5 31 12 16
36 43 20 31 42 5 12 26 38 44 46 7 19 9 18 48 14 23 1 10 24 41 30 15 32 16 4 25 29 27 13 21 47 33 2 34 35 40 11 17 45 39 22 6 8 3 28 37
29 9 17 43 19 34 48 27 36 26 44 30 5 24 1 37 47 3 2 6 21 25 15 38 42 12 46 39 10 45 16 41 35 14 7 4 11 18 23 8 28 31 13 22 33 32 40 20
23 48 34 40 41 6 10 31 3 39 22 15 26 46 45 35 18 8 9 19 2 24 4 37 13 17 21 11 16 5 28 12 30 43 27 32 44 20 36 7 47 1 42 29 38 14 25 33
33 1 15 16 14 17 26 11 42 6 3 35 21 38 47 44 31 5 12 18 8 45 40 28 2 13 34 37 32 43 39 23 10 19 36 30 22 29 24 46 41 20 7 4 9 25 48 27
43 39 4 33 10 11 23 6 37 36 2 27 22 44 21 5 13 16 3 7 12 46 38 25 9 41 19 31 8 24 42 26 18 48 32 15 30 14 28 1 40 34 29 20 47 45 17 35
8 40 21 10 31 43 29 14 48 32 42 16 28 45 2 11 38 26 47 46 37 36 39 35 41 4 3 1 15 33 18 24 20 22 12 5 23 44 9 25 30 6 17 19 34 7 27 13
2 44 1 27 29 33 28 47 26 7 48 42 4 34 16 14 11 19 25 12 18 13 9 21 35 24 17 8 43 15 20 39 36 45 10 38 3 31 40 41 46 22 37 23 32 30 5 6
4 5 22 30 11 19 24 45 6 29 20 28 38 32 34 31 35 1 8 37 16 12 44 10 25 2 47 15 7 23 46 48 9 21 14 17 33 39 42 40 36 26 3 43 27 13 18 41
48 23 46 25 18 39 27 24 22 34 11 19 13 41 32 20 40 9 28 26 47 16 21 44 6 37 38 7 35 1 30 10 17 3 42 12 31 5 33 2 14 4 45 8 15 43 29 36
46 24 6 34 28 7 38 41 12 22 25 8 40 47 23 3 44 2 37 36 1 19 27 14 45 18 5 17 13 48 29 43 31 9 11 33 16 32 35 21 15 10 20 39 4 42 30 26
1 19 3 45 21 38 11 23 14 28 16 20 31 12 15 42 33 39 4 29 5 9 10 6 17 46 2 22 26 18 35 7 32 34 41 25 27 30 13 47 37 36 48 44 24 40 43 8
12 35 38 5 25 36 13 42 30 9 4 43 6 39 46 41 1 14 45 20 34 15 47 27 37 11 10 24 2 19 23 44 26 29 21 8 17 22 7 28 32 40 33 31 3 18 16 48
10 14 7 6 48 9 37 33 43 31 27 44 47 11 28 2 5 17 32 21 4 20 3 39 30 22 18 23 34 26 8 36 24 40 19 16 13 38 1 29 35 45 25 12 42 15 41 46
21 6 13 36 26 28 46 29 11 3 23 24 41 43 9 30 8 7 16 34 45 40 2 22 14 10 20 32 18 42 27 17 37 47 39 48 5 33 19 4 44 25 15 38 1 12 35 31
21 46 31 44 20 9 32 48 30 17 37 24 41 11 28 29 8 7 15 40 10 3 2 13 14 45 18 36 27 26 6 5 43 23 16 47 25 33 19 4 35 42 34 38 1 12 22 39
37 28 12 36 25 17 42 33 43 4 18 21 47 5 9 19 45 14 20 8 7 35 31 13 30 11 32 41 3 46 24 22 26 40 16 48 2 27 1 10 44 29 34 38 23 15 6 39
19 7 31 5 26 28 37 21 23 17 27 10 36 43 9 2 30 44 14 25 48 3 32 1 4 40 20 47 33 13 8 22 46 15 16 11 24 38 18 29 12 45 35 34 6 42 41 39
45 28 42 14 48 34 46 4 2 1 23 44 33 43 17 5 38 26 35 11 41 8 3 13 37 10 20 40 6 29 27 36 24 21 9 47 15 30 7 25 32 16 19 31 39 18 22 12
10 21 7 3 15 36 26 18 11 31 37 38 41 28 34 25 47 17 23 40 6 20 13 46 12 32 45 35 42 4 9 22 19 48 29 5 8 24 27 39 44 33 14 16 2 43 1 30
8 27 31 44 16 19 6 15 7 17 38 4 20 14 47 23 48 9 43 40 33 36 42 22 41 21 10 2 26 32 24 5 37 29 39 11 13 34 1 28 30 25 12 18 3 45 35 46
36 14 9 7 20 11 31 27 17 3 8 24 23 39 4 44 6 13 21 47 10 35 37 18 45 22 32 40 15 38 5 26 34 33 28 16 19 12 29 1 41 2 46 30 42 25 43 48
26 5 37 14 31 39 35 11 47 36 4 43 30 41 15 38 28 7 24 3 32 10 23 1 12 33 22 46 34 20 8 17 48 40 6 9 42 16 19 2 29 21 18 45 13 44 27 25
33 46 16 3 18 14 11 41 19 26 42 37 28 35 36 30 31 32 29 8 45 40 6 13 24 10 1 43 23 7 34 38 12 9 4 2 25 21 17 47 22 44 5 20 48 15 39 27
48 42 12 36 11 43 34 35 4 31 9 8 29 5 46 6 17 1 32 20 23 39 45 26 14 40 30 18 2 22 15 25 24 10 19 47 7 44 27 41 28 38 21 37 33 13 16 3
43 45 24 33 26 32 27 37 29 9 3 11 31 47 13 12 20 44 17 40 4 16 48 28 2 1 35 42 5 36 41 22 7 19 46 30 39 8 34 10 21 14 23 25 15 6 18 38
13 41 31 27 15 7 38 29 9 19 20 18 26 44 42 48 23 5 16 21 11 6 24 22 25 46 2 10 32 47 4 30 37 3 34 8 40 33 35 39 14 28 12 43 36 1 17 45
30 12 43 25 14 45 13 38 31 16 24 27 46 11 28 39 5 2 7 33 20 29 35 42 9 18 15 48 10 40 22 1 26 47 44 34 36 32 37 21 6 23 8 41 19 3 4 17
39 6 11 16 10 48 18 17 26 44 27 23 47 1 41 37 40 35 14 13 30 8 33 29 42 45 3 5 25 2 7 31 20 38 28 21 43 22 9 4 36 46 15 19 34 12 32 24
31 20 13 45 3 25 33 30 1 4 19 46 37 38 32 18 11 28 42 15 17 9 36 44 6 41 16 34 29 35 23 14 2 22 39 43 24 5 21 40 12 27 10 8 47 7 48 26
41 13 16 37 1 44 20 26 25 32 14 34 21 6 10 7 45 3 36 39 42 48 5 47 31 23 38 12 18 9 19 2 46 17 40 15 8 27 28 29 24 43 35 22 4 30 33 11
37 22 12 44 7 23 30 6 11 48 39 36 45 32 16 1 10 47 20 41 40 38 2 27 17 14 25 3 8 29 42 18 19 24 33 35 34 31 13 46 4 26 9 21 28 5 15 43
19 27 33 47 28 15 4 14 48 6 11 17 24 22 21 8 41 36 39 45 38 20 12 23 3 9 13 1 30 26 32 46 43 25 16 10 29 7 42 44 37 18 34 40 31 35 5 2
14 18 38 24 41 9 2 34 40 23 48 16 17 37 33 11 4 15 46 26 10 22 47 32 12 19 6 28 13 27 20 45 39 8 29 42 5 43 25 36 35 30 1 44 21 31 3 7
29 43 7 18 47 1 14 24 23 22 16 32 11 10 2 26 13 46 34 4 3 45 27 25 35 28 5 19 48 17 38 41 31 42 21 6 12 39 33 37 15 20 30 36 9 40 8 44
46 44 39 42 19 37 36 47 27 38 1 9 2 40 20 15 22 41 35 18 31 3 29 10 7 16 11 14 21 13 6 43 33 12 30 4 28 48 5 26 25 8 45 32 17 24 34 23
40 30 9 38 21 3 15 13 22 35 6 5 34 42 1 45 37 43 33 48 16 12 28 17 8 44 41 7 39 10 26 47 11 4 25 19 18 14 2 24 23 29 31 46 27 32 36 20
4 31 5 17 25 22 48 2 39 1 44 26 43 45 37 9 34 16 15 11 29 30 19 46 33 47 23 8 14 3 18 10 32 36 24 20 38 6 7 28 42 35 27 13 40 21 41 12
1 34 23 21 2 24 39 31 43 7 36 45 44 30 48 20 26 37 18 3 27 15 25 5 38 32 17 41 16 28 33 8 10 6 9 29 13 12 47 35 40 11 4 42 46 14 22 19
42 9 26 35 16 6 28 22 14 12 47 13 15 25 11 34 7 19 40 10 39 5 31 21 36 37 48 23 46 30 27 24 18 32 20 44 1 2 45 33 38 41 17 3 43 8 29 4
18 2 3 23 42 40 24 16 8 46 12 10 5 33 17 22 39 34 19 1 9 47 43 38 21 35 26 44 7 25 14 36 15 45 41 48 20 4 11 30 27 37 28 6 32 29 31 13
24 28 8 30 40 38 12 46 10 43 2 35 1 9 29 19 21 42 5 36 32 7 13 48 39 26 18 37 27 44 31 33 25 34 23 17 15 20 22 3 11 16 47 14 45 4 6 41
5 4 20 46 48 30 7 33 42 8 35 2 19 39 40 44 15 18 11 21 25 17 10 24 43 6 29 27 22 34 12 23 36 26 3 13 47 16 14 45 1 32 41 31 37 38 28 9
21 40 37 48 34 13 45 9 7 28 30 42 3 8 6 35 24 27 38 46 43 23 44 31 32 5 19 16 4 39 11 15 14 41 36 12 26 18 29 17 47 10 25 33 22 20 2 1
35 48 27 29 38 8 22 5 36 37 15 33 10 46 18 28 32 14 30 34 21 25 41 12 11 13 47 20 43 42 16 7 45 44 31 26 17 40 19 9 3 6 2 4 1 23 24 39
38 1 25 9 23 29 17 45 28 19 34 31 18 48 35 41 8 26 44 20 47 14 46 33 27 22 42 13 11 21 3 4 5 37 16 36 6 24 15 10 43 7 32 12 39 2 30 40
7 32 30 13 44 20 1 12 4 39 28 3 6 36 16 29 35 23 31 2 14 46 21 43 40 38 34 33 37 11 17 19 47 27 26 25 10 42 24 48 18 9 22 5 8 41 45 15
10 47 48 39 22 33 37 23 29 11 5 44 35 34 25 12 9 4 32 13 2 42 30 14 15 27 43 36 31 41 40 17 3 18 6 38 45 1 20 8 46 24 16 26 7 28 19 21
32 38 41 10 37 18 44 20 47 27 29 12 22 4 23 36 3 40 8 42 28 34 1 35 48 7 14 26 17 31 30 21 9 5 11 45 19 25 43 39 2 33 6 15 24 13 46 16
12 21 47 31 27 5 40 10 33 15 46 28 13 23 45 24 18 29 2 35 6 43 7 41 44 4 22 9 1 14 25 20 42 30 19 37 16 38 48 32 34 36 3 17 11 39 26 8
47 15 11 19 4 35 29 43 3 24 17 30 7 12 46 6 14 10 23 31 8 41 34 36 18 48 20 25 9 32 39 13 44 28 42 16 2 45 27 21 22 5 38 1 26 37 40 33
34 7 42 22 36 41 9 39 37 18 33 25 8 24 44 13 2 12 16 30 46 21 38 11 4 17 10 47 3 45 29 26 27 43 1 32 31 19 40 15 5 48 20 35 14 6 23 28
6 33 40 7 35 46 43 25 19 3 8 1 38 18 26 2 42 24 21 12 37 11 32 9 34 29 31 15 47 22 44 48 28 14 45 23 41 36 30 20 17 4 13 39 5 27 16 10
2 17 16 34 12 47 21 28 20 25 10 41 40 3 7 27 1 45 26 6 18 13 8 30 37 42 33 31 38 46 9 29 48 15 4 5 39 23 36 43 32 22 11 24 44 19 35 14
23 24 44 43 20 2 47 26 17 16 41 29 9 15 12 31 19 6 4 25 22 28 18 34 14 3 32 30 33 8 48 42 38 1 39 46 37 35 21 11 45 13 40 7 10 36 27 5
9 26 21 15 6 28 32 42 16 29 38 14 20 27 13 4 12 39 7 47 48 33 17 8 1 24 36 22 40 37 43 44 23 2 30 3 46 11 41 5 31 45 19 10 35 34 25 18
13 35 31 4 32 12 19 7 24 48 45 47 27 28 9 14 29 38 41 8 15 10 39 2 30 25 44 6 36 43 1 40 17 20 5 21 11 26 18 34 33 3 46 16 23 42 37 22
26 25 18 11 29 42 10 1 45 20 31 48 16 43 32 23 27 22 17 28 36 35 3 19 5 15 8 38 24 6 47 37 41 39 44 40 14 46 13 7 9 21 33 2 30 4 12 34
8 37 36 26 9 16 13 40 6 41 32 19 14 11 10 17 25 31 3 23 24 1 30 22 20 2 21 48 45 33 46 34 5 35 38 7 27 15 44 4 39 47 43 28 18 12 42 29
17 3 28 1 31 18 30 8 5 4 37 39 33 20 21 32 36 25 45 7 34 6 22 15 47 11 24 35 44 12 2 38 26 23 13 41 9 29 46 14 19 40 48 27 16 43 10 42
30 11 1 32 8 10 26 27 41 17 22 20 25 14 24 43 21 33 29 40 23 2 15 45 13 36 16 39 6 19 28 5 4 31 46 9 3 44 12 37 7 34 42 47 38 18 48 35
15 29 2 14 43 27 41 6 13 45 25 22 39 26 42 47 23 48 5 17 4 16 9 18 24 30 46 32 19 1 10 35 34 40 33 8 7 28 3 44 20 31 36 21 12 11 38 37
39 16 22 30 24 21 25 32 34 6 43 40 26 2 14 38 47 17 20 15 5 27 11 4 41 31 28 46 12 48 8 3 35 10 18 33 42 37 1 23 29 19 7 9 45 44 13 36
5 36 46 6 26 35 23 21 48 2 7 16 4 41 38 33 10 42 28 9 44 24 20 40 19 34 37 29 11 15 45 22 25 18 27 39 43 31 8 47 13 12 14 1 3 17 30 32
28 39 15 2 46 37 35 38 30 10 4 13 23 7 8 48 34 21 47 43 41 19 1 26 9 40 27 45 16 5 24 25 6 29 32 11 36 33 31 12 44 17 18 42 20 22 14 3
3 13 24 16 45 5 31 17 38 26 23 9 18 44 27 21 39 7 25 29 33 15 4 42 6 8 40 11 1 20 36 32 22 34 2 28 48 41 37 43 10 14 12 35 19 30 47 46
36 12 43 10 11 30 46 15 2 23 26 38 41 31 33 39 14 13 24 19 35 29 48 1 28 20 45 18 37 42 4 6 32 7 22 34 40 21 17 27 8 16 44 5 25 3 9 47
2 14 17 43 39 31 3 5 44 47 40 32 36 35 28 15 1 11 30 33 7 4 38 13 45 12 25 42 21 16 37 9 19 22 34 18 24 8 23 41 6 10 26 48 29 46 20 27
25 8 13 20 19 32 15 3 28 31 43 10 35 17 47 40 2 45 42 24 12 39 6 44 23 21 9 16 27 4 22 18 33 46 29 14 30 48 34 38 26 5 11 37 41 7 1 36
31 18 34 21 13 48 27 29 23 44 20 45 1 19 41 46 35 9 39 14 30 7 33 3 2 43 11 40 26 38 6 28 12 37 8 47 5 22 10 42 4 24 36 32 17 25 15 16
48 23 6 33 34 47 8 18 31 28 45 17 5 38 29 25 30 32 15 16 11 37 40 27 22 36 42 21 3 14 13 39 20 19 35 1 44 7 9 46 12 26 43 2 4 10 24 41
22 1 23 44 35 33 5 46 12 9 3 42 32 47 11 19 4 15 14 37 20 31 26 2 25 10 6 41 48 13 43 27 40 28 21 30 34 17 39 18 45 36 16 24 38 29 7 8
35 28 12 34 18 36 48 13 11 38 21 8 29 9 22 10 33 19 43 26 45 40 23 20 46 2 39 37 7 25 47 31 1 30 16 17 4 32 42 24 15 41 3 27 44 5 6 14
37 27 32 7 10 38 14 30 9 21 2 6 15 24 48 1 22 41 46 5 23 25 13 29 17 42 18 36 31 26 19 3 45 43 12 40 8 39 4 28 16 11 20 44 35 47 34 33
47 11 45 39 38 23 4 19 42 24 13 5 12 32 20 28 46 30 48 44 36 26 37 10 31 33 7 27 14 34 35 40 3 2 17 43 15 18 25 29 21 6 8 41 9 16 22 1
24 3 5 9 42 39 33 44 10 22 37 23 2 6 43 18 13 16 1 4 17 8 34 40 7 11 36 14 38 19 31 30 15 41 47 48 12 27 35 25 26 46 29 20 21 32 45 28
33 20 28 8 25 29 6 2 43 40 22 1 46 18 19 11 27 24 47 41 26 42 17 45 38 34 15 31 10 30 16 37 7 12 48 36 32 5 44 3 39 23 9 13 14 21 4 35
1 30 15 31 2 8 38 16 27 36 23 35 45 3 17 21 7 20 18 40 19 5 46 37 42 22 12 34 47 10 41 11 44 6 28 39 13 43 33 26 9 25 24 4 48 14 32 29
44 41 46 29 23 13 24 22 14 32 25 27 11 43 15 3 9 37 34 17 28 48 8 35 10 40 4 12 36 39 7 42 30 45 21 16 2 20 26 19 18 1 6 47 33 31 5 38
18 9 24 12 36 4 47 45 26 46 16 7 42 14 2 22 11 34 35 19 8 38 32 48 3 15 30 23 13 27 28 43 10 33 25 29 6 41 5 20 44 37 40 39 31 1 21 17
4 6 29 27 17 41 26 34 25 43 31 46 40 5 3 47 8 44 37 39 9 45 35 23 19 16 13 20 42 12 30 38 11 14 10 22 21 2 36 15 32 7 33 28 1 24 18 48
19 34 7 3 15 22 1 36 8 11 48 4 24 30 35 45 37 46 27 9 18 2 10 14 13 5 20 25 32 44 39 29 21 47 43 41 31 6 40 12 17 38 42 16 23 33 28 26
27 17 9 48 29 15 18 37 41 20 28 14 7 12 4 34 16 39 13 22 26 36 25 11 35 21 5 10 30 24 42 33 31 44 40 32 45 3 46 1 8 47 38 19 6 43 2 23
42 44 43 23 7 24 13 14 22 25 30 20 34 1 18 37 15 10 36 26 41 3 12 19 39 32 38 4 46 21 33 35 29 5 27 45 16 47 31 17 48 40 2 6 28 8 11 9
38 22 8 32 26 6 20 31 29 42 10 36 21 33 37 40 24 43 44 45 13 19 7 5 12 46 35 3 17 41 23 34 18 48 2 4 1 9 27 30 11 15 25 14 16 28 47 39
29 5 25 15 12 20 10 40 3 37 19 44 6 34 1 43 48 2 28 16 24 30 21 36 26 27 32 47 39 45 22 41 42 38 14 9 35 4 13 11 7 33 23 8 46 17 31 18
43 37 2 25 44 7 39 24 12 18 5 11 10 20 27 35 29 21 19 32 34 23 45 30 47 17 31 38 9 28 36 1 8 15 42 3 14 16 6 22 41 26 4 46 13 48 33 40
46 31 30 19 9 25 36 28 26 16 34 18 13 48 45 8 42 17 29 38 32 35 41 15 37 12 40 39 4 11 21 5 24 1 6 23 3 14 20 47 2 44 7 33 27 22 43 10
7 48 36 42 8 1 2 27 13 21 17 31 37 23 16 46 5 12 38 29 6 28 26 25 18 24 33 35 40 43 44 22 14 4 11 47 39 34 3 10 20 9 30 15 32 45 41 19
10 47 37 5 16 2 11 48 39 34 6 19 3 41 22 9 18 27 45 28 44 26 31 8 33 1 14 13 24 36 25 4 43 20 29 7 17 21 12 32 23 30 15 38 42 35 40 46
21 46 3 38 33 27 23 8 2 15 32 30 48 42 36 17 44 6 20 7 40 14 16 22 9 19 41 5 43 31 4 13 28 29 35 37 10 1 24 26 25 34 45 11 18 12 39 47
32 42 14 36 40 44 17 9 34 47 38 3 41 46 7 30 20 25 33 4 2 27 18 16 21 29 48 6 22 26 1 45 37 31 23 13 28 24 8 39 5 19 10 12 11 15 35 43
12 19 42 13 48 9 43 47 5 2 33 41 16 45 38 7 32 28 46 23 14 29 24 26 20 6 10 15 8 4 18 39 36 40 1 25 27 31 30 35 37 3 21 17 22 11 44 34
20 15 35 40 1 16 46 43 36 26 4 21 23 25 11 27 17 38 24 31 37 18 3 34 14 48 47 19 45 32 5 7 2 42 22 8 41 44 28 33 29 12 13 10 39 30 9 6
34 7 12 35 14 4 28 11 31 33 1 2 43 36 44 26 3 9 39 47 10 24 29 32 30 13 45 21 25 16 38 20 27 23 46 5 18 42 41 8 6 48 37 22 19 40 17 15
6 35 38 26 21 28 41 3 20 1 39 16 8 15 4 23 12 31 11 48 42 22 43 27 44 37 24 9 33 17 2 14 47 7 13 19 40 29 18 36 30 45 5 25 34 46 10 32
23 2 1 14 22 40 45 4 18 13 26 34 38 10 25 36 19 8 3 35 47 17 15 7 41 39 27 48 16 20 9 44 42 24 12 6 11 30 37 46 33 43 28 31 5 32 29 21
9 24 11 18 46 12 22 35 1 7 41 47 39 16 20 38 40 33 17 13 4 6 19 21 5 31 43 30 44 37 27 10 26 25 8 34 29 28 23 48 36 32 14 45 15 2 3 42
26 36 22 11 30 35 32 21 47 31 42 25 17 44 10 20 28 14 16 15 12 41 2 24 23 8 1 33 29 9 40 6 46 27 34 38 43 39 45 37 19 18 48 3 7 5 4 13
3 40 13 17 20 45 19 29 16 39 21 48 46 37 8 6 41 5 42 24 31 43 44 28 22 25 23 1 18 15 11 32 34 35 36 30 9 33 38 2 27 4 47 7 12 10 14 26
36 10 34 2 43 42 31 46 38 29 35 33 32 11 48 16 26 18 22 5 25 13 39 41 1 14 9 17 6 7 8 12 40 3 47 28 37 45 15 27 4 20 19 30 24 21 23 44
13 25 16 45 31 21 35 1 6 3 18 40 30 27 23 33 38 42 47 43 15 34 9 20 8 7 19 46 28 2 14 26 12 39 32 11 4 5 17 41 10 29 22 36 37 44 48 24
14 12 47 1 45 46 21 15 7 41 8 39 36 31 40 2 25 13 34 18 27 20 4 33 11 42 28 29 19 6 32 17 9 10 48 44 38 22 43 23 24 35 16 26 30 3 37 5
21 26 6 37 41 11 44 23 45 17 15 28 25 47 19 14 36 7 31 42 16 39 27 43 32 20 8 5 30 29 24 2 35 46 9 33 22 48 4 40 34 13 12 1 10 18 38 3
41 43 39 6 3 10 37 38 11 45 40 24 44 28 2 13 18 36 23 33 35 16 21 42 25 5 17 7 26 46 15 9 30 34 31 48 20 32 29 14 22 8 1 27 47 19 12 4
31 30 10 22 37 5 12 13 17 27 7 9 42 26 47 41 45 29 48 19 11 15 1 18 46 38 34 4 40 33 3 24 39 8 28 20 25 23 21 44 14 16 32 35 43 36 6 2
16 38 17 42 24 43 40 5 30 10 11 29 19 39 41 15 37 48 35 14 21 12 25 36 6 3 2 44 23 47 20 8 7 18 33 31 32 4 22 45 13 28 46 9 26 1 34 27
19 5 18 24 39 30 15 36 44 38 13 43 22 7 14 48 46 23 2 37 33 11 28 1 45 10 3 40 47 8 29 27 21 6 25 4 34 35 32 9 31 17 26 42 41 16 20 12
17 39 5 18 28 3 29 41 33 35 9 42 47 8 24 19 11 32 25 6 20 30 7 37 38 23 16 13 4 40 46 15 10 22 44 14 36 12 26 21 43 27 34 48 2 31 1 45
46 1 40 14 11 17 3 16 37 44 24 12 5 2 33 32 7 47 26 41 43 31 20 9 36 35 29 22 15 30 10 23 18 38 45 21 48 8 39 34 42 25 27 19 4 6 13 28
47 34 31 13 6 15 16 32 42 23 29 4 33 22 43 25 21 19 36 28 39 1 40 2 24 9 46 26 12 48 17 30 45 5 38 18 44 11 10 7 3 14 41 20 8 37 27 35
39 16 33 35 25 2 34 18 48 36 28 23 14 30 29 12 19 11 43 8 38 9 10 44 15 26 37 47 21 5 45 41 31 4 3 40 13 7 42 24 1 22 17 46 6 27 32 20
22 23 20 4 36 29 7 33 9 8 19 5 35 41 15 39 27 40 14 2 46 10 48 31 34 11 21 32 43 42 47 37 17 30 16 12 45 13 1 25 26 6 44 24 3 38 28 18
48 4 23 19 15 47 9 20 43 40 30 26 12 13 21 42 44 37 18 27 28 32 22 45 2 36 39 35 1 3 8 14 41 17 24 10 6 16 34 5 46 31 11 25 29 33 7 38
28 8 44 17 4 39 5 2 10 32 33 7 27 34 16 24 26 3 30 40 23 42 41 48 43 15 11 45 13 25 18 31 22 19 6 1 35 47 9 38 12 46 21 29 20 14 36 37
33 37 27 26 43 7 4 17 14 30 41 2 29 19 6 44 13 22 15 38 45 46 34 5 18 28 42 11 10 1 3 25 20 32 39 24 12 36 48 9 35 23 40 21 31 47 8 16
11 29 36 15 12 25 27 39 19 9 16 45 31 6 35 14 41 30 1 26 18 2 32 47 10 34 22 28 46 13 37 48 8 33 40 17 24 43 5 20 3 38 42 4 23 7 21 44
42 20 28 25 27 13 3 30 38 6 48 32 1 11 18 39 5 34 40 10 7 4 36 29 31 14 44 17 24 35 12 46 15 9 2 26 47 41 19 8 43 33 37 16 21 23 45 22
35 32 7 40 14 44 26 45 25 24 34 13 6 5 37 33 42 15 28 30 2 36 11 9 27 4 3 19 39 10 48 17 1 12 21 43 18 20 47 41 38 22 31 8 46 29 16 23
24 33 32 30 3 31 9 44 23 28 25 10 2 35 29 34 22 45 41 16 26 47 39 4 42 40 6 38 27 8 13 12 11 15 43 46 1 37 18 19 21 36 14 17 48 20 5 7
7 11 10 39 42 20 6 34 40 46 35 36 26 32 17 45 4 16 13 1 5 38 18 41 19 37 30 31 48 27 14 9 44 23 3 15 21 8 28 43 22 24 47 33 12 25 2 29
18 6 22 46 7 23 29 19 24 8 45 35 4 1 43 32 16 3 37 20 25 48 12 40 41 30 5 2 36 34 15 44 33 47 10 42 31 17 13 27 14 21 9 38 28 39 26 11
4 28 30 36 23 6 25 42 32 37 5 47 15 18 1 11 48 22 27 45 34 9 44 14 21 2 41 16 8 3 10 33 13 20 12 39 7 46 35 29 31 43 38 40 19 17 24 26
37 14 39 38 22 1 47 40 8 17 23 48 21 25 9 12 3 20 32 11 43 5 46 10 35 16 4 41 31 44 29 26 24 45 42 36 30 27 2 28 33 7 19 6 18 13 15 34
38 47 35 31 19 14 12 7 27 21 10 18 22 4 3 48 17 23 5 34 15 40 16 46 13 44 33 8 32 45 20 36 28 29 9 41 2 6 25 42 24 37 26 11 1 43 30 39
10 45 1 5 32 3 48 37 41 11 31 38 34 27 12 15 8 46 19 44 29 25 6 30 33 39 7 21 42 36 26 20 4 43 14 2 16 18 17 23 28 40 22 13 24 9 35 47
27 13 26 48 39 32 1 20 9 3 17 22 24 10 45 30 15 4 33 23 40 19 43 35 47 21 29 25 38 12 11 42 37 44 41 8 46 2 36 18 7 34 6 5 16 28 31 14
29 48 25 12 33 37 36 30 4 18 1 6 20 23 32 17 38 35 46 22 44 10 45 8 39 3 40 43 7 28 42 34 19 24 11 16 5 21 9 2 27 14 13 47 26 31 41 15
45 27 37 22 48 24 4 8 18 29 2 44 11 33 21 38 28 41 20 39 36 23 13 17 7 46 32 34 25 16 9 5 6 26 35 42 15 12 40 1 10 47 30 31 14 3 19 43
22 19 45 2 35 12 31 25 16 34 20 21 7 8 41 26 30 40 39 17 13 37 9 23 28 43 15 6 14 29 27 38 32 1 36 47 33 3 46 11 4 5 18 44 10 24 42 48
4 46 20 3 24 16 41 42 34 10 47 1 45 38 48 36 25 29 22 32 30 33 23 19 40 12 31 18 9 15 28 13 5 2 17 6 14 26 8 35 37 11 27 39 43 7 44 21
5 44 16 11 8 40 28 47 10 6 27 33 12 31 22 43 20 18 30 7 24 4 15 13 26 25 9 37 42 21 36 32 48 3 46 45 19 34 38 14 1 29 23 2 35 41 39 17
1 2 34 32 26 33 8 45 47 4 38 43 13 21 24 46 31 30 7 9 19 5 6 11 3 27 36 23 17 39 16 40 14 42 37 10 28 35 15 25 41 18 12 22 44 48 29 20
39 25 38 5 13 27 19 29 1 30 26 9 40 44 14 16 4 48 43 46 31 18 2 12 24 10 8 15 22 33 21 35 23 41 47 37 32 6 11 45 42 20 28 3 7 34 17 36
43 24 2 16 46 41 15 18 13 35 21 30 4 22 36 47 42 26 17 29 48 31 37 25 14 9 38 39 34 11 32 8 10 40 23 28 20 7 6 5 19 27 45 12 33 44 3 1
18 4 13 34 16 8 11 43 28 40 39 41 35 36 33 42 5 21 45 25 27 12 22 7 37 1 20 9 23 30 2 47 38 31 32 19 17 44 10 24 26 6 48 15 3 29 14 46
42 36 17 23 20 28 35 11 45 9 46 39 18 15 8 37 12 47 26 3 41 44 29 16 22 48 2 1 32 24 38 6 43 13 27 21 5 14 30 7 34 31 4 10 25 33 40 19
36 41 11 24 2 9 17 31 42 26 37 46 29 12 25 8 32 34 3 4 35 45 33 38 44 19 5 22 20 43 39 7 13 27 18 14 6 48 23 21 16 30 1 28 15 47 10 40
44 31 12 1 34 35 2 26 30 25 9 29 33 46 15 40 24 16 38 43 14 28 3 20 48 4 19 42 39 17 6 27 36 37 8 11 41 23 22 47 45 10 32 7 13 21 5 18
3 9 46 21 44 36 5 28 31 42 4 34 37 48 23 20 47 24 13 8 10 32 26 43 15 7 39 16 2 19 35 11 1 45 30 40 22 29 41 33 6 17 25 14 38 27 18 12
8 35 24 14 41 38 10 17 11 27 18 40 5 43 19 4 16 7 44 47 6 1 42 22 36 26 25 48 33 31 30 21 2 28 45 23 3 15 37 12 39 46 29 9 34 13 20 32
14 21 18 46 10 19 43 48 2 12 3 11 27 16 6 31 29 36 24 33 32 42 35 28 1 8 17 20 44 26 40 45 9 7 5 30 38 22 39 15 25 41 34 37 4 23 47 13
34 42 47 4 40 6 23 3 17 2 29 27 32 37 26 25 13 14 5 16 39 35 19 15 45 20 43 10 31 38 7 28 21 22 48 1 18 11 44 30 46 12 24 36 41 8 33 9
45 17 21 35 1 22 44 34 7 48 32 25 10 28 47 23 9 2 11 27 16 41 20 26 42 24 14 40 18 37 19 5 31 39 29 38 30 4 43 3 36 15 33 13 46 6 12 8
37 39 14 9 30 4 13 32 36 22 5 16 6 42 44 21 40 45 15 35 12 46 27 3 34 17 18 33 38 41 31 43 28 8 25 24 11 1 29 48 2 19 20 26 47 10 23 7
12 7 15 45 21 13 40 16 33 41 30 19 44 9 27 6 35 8 18 14 20 11 10 4 17 31 23 25 26 42 24 1 39 36 28 29 34 46 5 37 47 48 43 32 22 2 38 3
48 1 40 25 11 43 18 21 3 32 15 31 17 30 38 35 33 37 41 24 8 47 46 34 23 29 28 12 19 20 45 10 26 14 22 9 36 27 42 4 13 44 2 5 39 16 7 6
47 15 3 20 45 29 22 33 43 16 8 41 25 39 13 19 21 11 36 10 5 14 18 27 32 34 6 26 28 40 17 42 12 30 24 44 9 2 31 46 38 23 7 4 37 1 48 35
38 6 23 30 42 20 16 1 12 47 24 3 14 26 45 10 7 32 40 31 37 43 8 21 25 36 35 34 46 5 4 22 15 48 13 18 39 28 33 44 11 2 17 41 9 19 27 29
25 10 33 27 6 42 21 4 32 7 37 18 43 5 19 44 36 28 35 45 17 15 40 1 20 23 16 2 11 22 13 39 29 47 38 31 48 3 24 34 12 26 46 30 8 14 9 41
9 3 31 18 38 10 46 19 20 39 12 14 47 7 2 41 44 13 29 5 22 36 17 6 8 35 27 37 15 45 25 24 11 4 42 26 43 30 48 40 21 1 16 28 23 32 34 33
5 12 41 8 31 28 38 39 44 1 43 9 37 14 18 24 27 42 23 40 47 17 19 33 13 30 48 6 36 2 11 4 7 35 21 34 45 20 32 26 15 25 10 3 29 46 22 16
35 32 42 38 9 39 7 41 22 15 21 30 36 45 1 29 26 3 14 37 33 40 4 24 46 13 47 19 10 48 44 23 17 25 31 12 2 18 34 6 5 8 28 16 11 20 43 27
23 43 40 44 25 7 34 10 48 36 18 38 19 20 14 27 28 39 1 30 21 8 24 45 4 3 42 41 12 47 29 2 22 17 33 46 31 13 26 9 32 35 15 6 5 37 16 11
27 16 14 40 4 44 32 35 37 24 39 34 9 2 10 7 46 8 28 15 23 38 25 31 12 6 13 21 48 19 1 11 18 41 30 17 47 33 3 20 43 5 36 29 42 22 45 26
7 20 17 29 27 47 39 12 4 23 9 1 31 13 40 28 11 22 48 8 46 3 44 19 14 38 34 45 43 10 33 15 5 2 16 25 35 26 41 30 18 32 42 37 6 36 21 24
24 23 11 10 13 31 19 36 25 44 48 15 7 6 42 18 35 20 2 26 4 39 45 30 28 16 1 47 27 14 46 8 40 22 17 33 29 5 37 38 3 9 41 43 21 12 32 34
20 34 6 42 47 30 29 22 27 33 36 24 45 4 16 10 41 2 19 48 11 25 35 32 9 15 46 23 21 7 38 3 8 5 26 37 13 31 1 40 44 28 43 12 18 39 17 14
46 5 38 26 24 25 6 9 18 22 31 28 41 43 29 2 12 15 16 20 19 33 13 44 10 42 21 32 37 1 48 34 35 23 11 7 27 45 4 36 14 3 17 47 30 40 8 39
17 29 21 13 22 41 45 2 39 31 26 40 38 47 43 9 18 24 37 11 8 20 36 33 6 32 12 15 7 34 28 10 19 3 1 48 16 35 14 5 23 4 30 46 27 25 42 44
11 41 15 19 2 16 23 46 6 45 40 29 34 44 3 35 30 14 25 39 17 24 31 5 18 33 4 22 1 9 47 13 37 10 8 28 7 12 43 48 20 36 27 42 32 38 26 21
15 28 12 31 39 21 27 44 34 2 46 33 48 14 37 13 3 9 47 6 30 23 42 40 7 5 19 35 24 41 26 43 32 18 22 36 25 16 20 4 29 11 10 45 38 8 1 17
33 12 24 36 15 35 18 40 23 43 11 6 8 30 9 16 29 5 17 1 38 7 32 46 31 21 3 39 10 44 34 48 45 25 37 4 14 42 27 26 19 47 2 41 20 28 13 22
13 18 5 7 16 9 26 23 40 15 29 25 3 17 28 37 47 34 32 19 41 30 11 48 27 39 43 38 8 46 21 4 20 14 10 2 1 44 12 6 31 33 45 36 22 35 24 42
26 10 45 33 32 1 7 15 43 46 38 12 11 34 23 20 42 48 27 9 18 5 37 29 2 19 30 31 25 36 16 35 24 28 3 39 4 17 13 41 22 8 6 21 40 44 14 47
10 45 29 21 26 27 16 38 24 28 14 46 1 25 8 47 33 41 35 43 12 9 39 36 3 44 2 42 40 5 19 30 4 32 6 13 37 34 22 15 48 7 18 20 31 17 11 23
29 35 18 48 19 15 3 7 16 1 2 4 46 27 24 32 9 30 38 34 42 37 20 43 47 28 44 17 13 40 10 21 6 26 39 5 12 36 11 33 8 25 31 22 14 23 41 45
43 26 47 3 46 8 17 6 9 42 25 5 33 48 20 39 22 4 14 40 24 13 16 10 37 11 35 36 29 31 30 23 41 12 27 15 21 32 45 28 2 34 7 38 44 18 19 1
31 9 27 11 36 23 28 5 29 13 4 22 16 32 12 8 37 45 40 47 7 43 34 17 15 2 38 18 30 25 3 26 44 6 14 41 10 21 33 42 35 1 48 24 39 46 20 19
4 47 13 16 7 43 22 14 26 39 8 17 10 12 15 28 1 33 31 35 29 19 21 2 40 9 18 3 48 11 42 27 34 20 23 32 24 41 30 46 37 38 25 5 6 45 44 36
1 6 32 12 44 5 43 46 31 36 16 27 39 37 26 25 45 19 42 13 48 21 7 35 24 14 8 9 22 38 2 40 33 29 18 20 28 47 23 3 15 17 4 11 34 41 30 10
6 17 33 5 18 36 2 37 28 16 34 21 13 9 32 24 4 26 1 29 10 22 27 12 11 20 48 30 45 42 35 46 14 38 47 25 31 39 8 44 41 19 23 40 43 3 7 15
3 22 46 17 37 24 10 35 41 30 13 26 21 42 33 23 5 11 28 15 31 40 2 38 6 47 7 29 36 32 4 44 18 1 48 43 45 14 25 12 34 16 20 39 19 27 9 8
22 40 8 2 3 32 11 27 21 38 7 44 18 45 36 42 19 25 5 41 33 48 10 6 39 46 29 14 1 13 20 24 17 4 31 16 43 37 47 9 30 12 15 26 28 34 23 35
2 27 25 8 40 3 5 42 19 24 17 47 28 39 6 41 31 46 23 44 35 34 48 22 21 1 10 20 15 43 12 36 7 37 33 45 13 9 29 11 18 30 32 4 26 14 16 38
18 32 34 37 29 10 46 12 2 33 1 11 35 21 22 26 16 3 15 24 5 25 38 31 8 6 17 7 19 20 41 39 47 40 44 30 4 23 42 45 36 27 13 14 9 28 43 48
42 31 3 15 30 37 25 28 13 17 45 8 14 5 27 40 2 12 34 38 9 10 26 24 41 43 22 48 47 4 32 20 23 35 29 6 1 18 39 19 11 21 33 44 7 16 36 46
39 11 26 34 33 19 47 9 36 23 44 10 5 7 41 3 32 16 18 2 13 17 43 27 30 35 46 6 14 37 31 28 45 8 25 42 22 20 24 21 1 4 29 15 48 38 12 40
44 37 16 24 20 38 30 45 12 41 5 39 2 22 21 19 40 36 26 10 34 14 33 28 43 13 4 8 17 48 11 29 3 31 35 46 42 32 18 47 25 23 1 9 15 7 27 6
8 19 2 14 31 28 37 40 38 48 24 13 42 6 17 18 26 7 41 23 20 35 12 11 46 27 32 43 34 30 25 15 5 39 1 47 36 45 4 29 3 44 21 10 16 9 22 33
41 42 23 32 17 11 40 39 10 45 47 43 29 1 38 21 48 37 30 33 44 2 9 16 22 12 13 4 46 35 18 5 20 15 36 24 27 26 6 14 7 31 19 3 8 25 34 28
21 14 7 39 28 22 41 44 48 12 15 42 40 18 47 6 17 29 3 32 26 19 23 5 25 8 20 16 38 1 36 45 4 46 43 9 2 31 10 24 27 35 34 13 11 30 33 37
11 13 36 23 41 33 35 10 1 34 6 48 25 3 18 29 28 21 43 17 14 16 8 20 44 40 24 27 31 26 45 22 37 42 46 19 9 7 38 32 39 15 12 30 5 2 47 4
28 46 43 30 10 40 21 14 33 47 3 7 26 13 16 38 36 32 48 5 45 18 17 4 42 29 39 1 23 27 8 6 11 44 24 12 15 22 31 34 20 41 37 25 2 19 35 9
36 38 31 25 1 12 15 24 3 44 32 35 43 4 34 5 7 42 13 30 16 33 22 45 17 48 23 11 9 28 40 47 19 27 21 8 39 6 26 37 46 29 14 2 41 10 18 20
35 44 10 40 8 48 38 41 11 9 23 36 22 16 45 46 13 31 24 3 37 28 29 21 4 26 1 12 18 17 7 42 32 34 19 27 25 30 15 39 5 14 47 6 33 20 2 43
46 48 30 9 25 17 8 23 42 7 10 16 32 26 44 1 20 39 11 37 27 4 40 34 35 21 14 45 43 2 24 38 15 36 41 18 19 33 5 22 6 13 28 31 3 47 29 12
13 1 41 22 14 7 4 5 8 37 42 6 12 38 11 45 24 47 33 31 43 21 19 15 20 30 9 10 16 3 17 32 44 48 34 28 46 25 36 27 23 2 26 35 18 40 39 29
18 43 44 4 9 20 34 2 7 32 30 23 6 11 3 27 38 28 25 22 39 41 31 42 26 16 47 33 12 45 37 1 14 17 13 10 29 15 46 8 19 36 24 48 35 5 40 21
38 16 37 35 6 4 1 15 18 11 27 5 17 20 25 30 46 13 7 12 47 3 45 8 23 19 36 34 2 39 9 14 10 24 42 40 33 44 48 43 32 26 22 28 29 21 31 41
48 39 1 26 35 46 36 30 6 20 44 10 4 41 42 34 27 40 22 45 25 8 15 23 18 17 19 31 21 47 28 2 38 33 5 29 37 13 43 7 12 32 9 14 24 11 3 16
22 15 39 18 48 44 32 47 17 26 20 29 24 19 7 31 25 35 36 14 46 12 3 13 34 10 37 40 4 21 33 41 6 45 16 11 30 5 1 2 42 9 38 8 23 43 28 27
25 3 20 29 43 14 45 38 47 31 4 39 9 37 48 17 15 19 2 16 36 23 32 18 33 5 42 8 11 46 44 7 22 13 30 34 41 12 35 6 28 40 27 1 21 24 10 26
10 33 18 12 34 31 11 17 30 35 15 21 27 28 2 36 8 23 29 26 40 37 24 1 13 7 25 14 20 9 46 39 43 41 45 38 47 42 3 5 16 22 44 32 4 6 48 19
3 24 35 19 11 39 41 22 20 27 47 8 36 46 28 43 40 12 16 7 6 13 21 26 45 33 5 29 37 48 14 25 34 30 9 23 18 17 44 1 4 10 42 38 32 31 15 2
31 20 28 37 29 2 10 6 25 43 45 1 40 15 23 11 18 14 44 46 21 24 4 3 36 32 12 30 27 33 19 13 41 5 26 17 34 8 9 47 22 48 35 16 42 39 38 7
43 2 40 23 42 47 13 18 4 38 8 44 35 36 10 32 19 29 45 25 15 20 46 41 31 3 27 21 28 22 39 34 48 7 37 1 14 16 17 9 26 24 12 5 30 33 6 11
23 34 42 39 21 16 22 36 17 3 12 9 37 32 13 35 44 33 15 20 4 7 1 14 28 24 6 25 26 10 47 11 30 18 8 31 38 48 2 41 43 5 19 27 46 29 45 40
39 5 6 42 17 41 44 34 43 23 13 28 45 8 35 14 16 11 18 27 22 36 38 46 19 15 3 7 10 20 1 40 33 25 2 4 48 24 32 30 31 37 29 21 9 12 26 47
1 41 8 16 20 19 47 7 23 46 34 42 31 2 29 13 11 4 32 6 18 26 25 30 10 22 28 17 14 37 15 44 40 9 38 33 12 43 21 39 45 3 36 24 27 48 5 35
33 36 47 38 10 25 6 31 44 42 17 48 12 22 43 7 30 37 27 4 39 5 9 32 3 23 15 16 19 13 26 45 24 2 11 14 35 34 41 40 29 28 46 20 8 1 21 18
12 7 15 31 19 38 9 4 5 39 35 26 2 25 40 33 17 3 48 10 47 42 8 43 14 36 16 41 30 11 6 22 27 28 23 21 44 29 20 45 13 18 34 46 1 32 37 24
7 37 13 20 8 12 3 33 26 41 25 35 44 23 19 4 48 32 28 11 45 46 18 40 17 38 34 9 2 31 30 15 29 42 10 5 16 21 27 24 14 43 6 39 47 36 1 22
44 21 32 3 45 10 43 1 40 22 24 46 14 33 15 37 2 16 47 42 23 30 39 19 48 8 31 20 25 5 29 27 35 17 6 26 7 36 34 28 38 11 18 9 41 13 4 12
26 28 46 5 33 1 39 6 10 4 16 14 42 27 9 20 37 36 43 23 34 38 17 29 25 40 30 22 7 24 41 31 12 35 32 8 21 3 13 18 44 45 47 11 15 2 19 48
34 23 45 13 4 6 5 11 48 12 7 20 25 18 37 16 21 26 42 1 46 15 36 47 9 39 33 44 38 41 10 29 31 40 3 32 17 27 14 19 35 28 43 22 2 24 30 8
42 8 5 24 46 22 23 10 32 30 6 2 17 31 14 44 45 18 41 35 19 43 16 38 36 34 40 13 33 7 21 3 47 48 27 15 11 28 12 4 37 25 1 26 20 9 39 29
29 2 27 1 48 21 12 35 16 25 26 32 6 14 8 9 38 7 5 40 11 22 44 33 37 17 43 3 23 19 20 28 24 15 47 36 42 4 10 34 39 46 31 41 13 30 18 45
24 19 34 33 37 29 31 46 14 36 5 7 10 42 22 38 32 30 23 39 16 47 11 48 27 12 21 43 18 15 13 6 26 20 28 45 9 1 40 44 4 3 41 17 25 8 35 2
27 24 33 34 41 40 46 48 29 16 3 4 5 12 1 28 36 25 17 2 6 31 23 26 7 42 22 15 9 38 35 20 8 32 18 44 39 14 30 11 21 47 45 10 19 37 13 43
4 25 16 15 44 2 28 29 9 40 14 17 21 45 41 31 3 20 24 19 26 1 37 13 34 33 11 18 8 32 27 12 39 23 22 7 46 35 38 48 43 36 30 42 5 10 47 6
6 15 23 27 30 37 25 22 2 18 10 11 16 21 20 17 7 46 33 31 29 9 42 12 26 3 38 19 40 35 34 5 4 8 44 39 14 41 36 32 47 24 13 45 48 43 28 1
32 30 7 10 40 27 18 43 19 1 9 12 29 44 24 4 26 8 39 15 5 11 33 3 13 16 35 38 46 25 17 23 41 6 14 20 47 31 22 21 42 2 28 48 37 36 45 34
15 14 26 8 7 32 37 4 6 33 40 22 46 30 21 42 5 39 34 17 9 44 13 25 18 29 41 36 31 16 19 48 27 10 12 1 45 11 23 20 28 43 24 47 38 35 2 3
5 20 36 11 3 30 17 12 4 26 19 25 24 9 28 47 10 21 2 41 14 40 34 15 43 6 29 27 45 8 16 38 1 46 39 13 18 22 48 42 31 35 37 7 33 32 44 23
2 42 25 21 28 17 30 19 12 24 1 43 33 7 32 10 9 47 16 13 35 39 22 5 41 11 27 4 34 6 3 46 36 37 29 48 15 23 45 14 26 8 20 40 18 31 38 44
27 39 2 36 13 5 40 17 22 28 46 47 34 3 38 23 1 42 30 43 37 19 20 45 15 35 21 32 29 14 8 24 6 31 48 9 7 4 18 12 16 41 26 44 11 25 33 10
41 38 21 30 32 48 35 9 27 13 11 34 1 10 47 39 46 31 19 8 44 45 7 18 23 28 17 6 20 40 42 26 3 36 43 12 24 37 2 29 25 5 22 33 16 14 15 4
4 47 1 17 31 43 29 37 25 21 18 33 13 38 12 11 28 41 40 48 32 2 26 35 8 30 16 42 22 34 23 36 45 39 24 10 44 27 9 46 19 20 5 15 7 6 3 14
20 46 39 44 6 9 8 47 41 45 30 24 4 5 18 27 31 28 14 29 43 16 10 37 12 19 40 13 32 42 48 25 17 38 35 11 2 1 15 33 23 22 21 36 3 7 34 26
14 40 29 2 43 16 4 39 8 47 38 36 3 19 7 44 24 5 31 30 27 35 28 32 22 48 34 23 13 17 26 21 18 12 11 41 10 45 42 37 6 9 33 25 46 1 20 15
8 13 10 35 27 14 38 40 21 17 20 30 43 34 33 25 22 15 37 5 36 6 12 16 4 7 31 48 24 28 29 47 23 26 19 42 11 9 1 3 41 18 46 2 44 45 32 39
17 11 43 25 23 21 15 42 37 48 27 40 22 47 8 7 41 45 3 24 20 13 2 6 33 36 28 35 12 19 14 1 30 44 9 18 16 34 46 26 29 10 32 31 39 5 4 38
29 36 3 45 19 11 2 18 20 31 23 4 47 6 26 5 40 13 38 14 21 25 48 9 24 15 8 39 16 1 12 7 10 43 27 37 22 32 44 35 34 46 42 30 28 33 41 17
6 35 30 22 11 24 7 31 47 27 5 32 26 16 3 8 33 19 25 4 10 18 43 20 1 14 15 2 17 44 39 42 29 45 34 28 48 21 37 36 46 23 38 13 40 41 12 9
3 22 5 7 18 31 23 16 28 15 2 11 9 36 14 12 29 24 26 32 25 20 6 1 42 44 10 37 4 30 21 33 40 34 13 19 41 17 39 38 45 48 27 8 35 47 43 46
5 1 12 14 24 23 34 41 3 2 32 13 39 17 19 29 27 18 22 16 7 48 9 8 21 10 44 11 28 26 38 43 37 30 36 46 35 47 33 15 20 45 25 6 4 40 31 42
44 10 28 32 36 4 19 5 24 9 33 6 18 46 13 30 15 22 8 7 42 14 29 2 11 37 25 1 47 43 45 41 48 27 16 23 38 26 31 17 12 40 35 3 34 39 21 20
32 9 20 18 14 7 48 23 33 4 31 27 36 1 16 34 25 2 13 44 24 17 19 10 45 26 3 12 43 42 6 35 28 47 46 38 40 39 21 8 5 37 15 29 30 11 22 41
42 18 41 1 9 33 27 36 30 34 6 17 38 39 40 45 12 35 7 47 48 10 31 44 20 13 5 19 11 3 46 32 43 24 25 2 21 16 26 4 8 15 14 28 23 22 29 37
7 45 24 19 26 35 18 44 34 37 42 14 41 43 1 6 47 21 11 22 31 5 3 46 40 32 39 10 48 4 2 30 20 13 17 16 25 8 28 27 15 33 23 12 29 38 9 36
43 48 31 26 25 46 12 45 38 3 15 39 23 14 17 19 13 37 1 18 41 24 4 42 44 5 47 8 27 2 20 10 33 7 40 30 34 28 11 21 36 29 9 35 22 16 6 32
33 32 27 4 15 20 21 24 1 37 14 8 48 42 43 36 45 16 40 38 17 12 46 23 35 9 18 26 44 39 41 2 22 29 47 34 30 7 3 6 13 25 11 5 31 28 10 19
31 5 34 48 1 35 28 38 13 40 23 12 14 39 2 43 45 15 36 9 30 46 21 41 47 24 6 20 37 8 44 4 7 3 18 25 33 29 27 32 22 11 10 42 26 19 17 16
9 33 44 8 37 22 5 2 36 20 13 23 35 15 10 19 47 40 31 46 38 42 3 4 32 12 24 21 11 25 1 6 34 14 39 17 28 18 30 45 7 26 16 43 41 29 48 27
47 26 40 5 25 42 41 10 14 16 17 19 11 8 20 9 32 46 22 3 2 30 38 34 39 31 7 44 18 12 15 23 35 24 37 4 29 36 43 48 27 28 45 21 1 13 6 33
17 16 31 20 8 15 27 28 18 29 19 2 10 26 12 13 21 25 5 33 4 11 44 34 30 40 37 43 36 35 9 14 39 23 32 45 3 6 42 22 24 38 41 46 47 48 1 7
26 3 24 15 21 10 16 44 31 34 6 20 8 13 9 45 11 4 36 38 41 7 18 14 28 46 22 47 19 17 30 29 23 48 25 43 5 35 12 27 2 33 40 1 32 37 42 39
20 43 17 11 6 19 29 2 16 21 9 7 27 44 18 15 37 14 41 12 13 3 35 48 39 4 33 45 23 47 5 32 22 8 28 24 34 30 10 42 36 25 1 26 31 46 40 38
8 32 41 34 10 9 20 30 21 17 48 25 5 11 42 18 22 7 35 26 19 15 12 29 37 23 24 3 13 16 46 28 47 33 2 6 31 43 40 1 4 14 44 39 27 38 36 45
22 8 16 19 23 3 6 24 11 7 25 30 17 33 2 21 13 28 26 27 15 5 4 36 32 38 12 29 48 14 40 10 43 41 31 47 44 18 35 46 1 20 34 45 42 9 39 37
23 19 6 13 22 28 17 46 9 25 7 24 21 18 34 32 16 11 27 10 12 2 37 4 8 43 47 33 1 3 31 5 15 38 45 40 42 48 14 20 39 44 30 41 26 29 35 36
12 7 22 9 16 6 46 14 30 11 18 4 41 31 29 40 19 3 37 35 5 1 8 43 2 13 23 10 17 38 48 47 45 15 24 39 33 42 28 44 32 21 36 20 25 34 26 27
7 31 37 46 34 33 13 21 19 18 35 26 28 4 6 3 12 5 14 11 8 22 25 17 47 9 43 48 16 15 2 45 20 1 44 42 39 36 41 40 24 29 23 38 10 30 27 32
14 18 35 17 9 1 31 15 37 39 26 28 13 21 11 43 5 12 8 6 38 10 45 40 3 48 20 42 4 46 47 2 44 7 41 25 36 16 32 34 30 23 19 27 24 22 29 33
9 21 13 24 26 44 43 32 5 48 4 16 2 12 17 6 20 34 7 45 11 47 10 38 22 1 46 18 42 40 33 25 14 39 35 15 30 41 27 37 8 19 31 36 23 28 3 29
24 3 10 26 4 37 25 39 8 42 16 22 19 32 45 14 17 41 1 47 6 43 2 44 12 5 48 46 40 7 36 11 38 20 30 34 27 28 9 33 13 31 18 35 29 21 23 15
2 29 32 10 42 34 9 7 47 41 24 43 6 38 15 1 31 8 45 48 16 44 40 19 46 17 11 30 27 36 35 39 33 18 12 5 21 25 3 4 23 26 13 14 22 20 37 28
4 6 15 38 40 41 8 36 42 3 29 35 32 20 43 2 30 45 11 18 48 9 1 46 44 47 39 23 22 33 10 31 5 13 26 14 37 7 34 28 27 17 12 25 21 19 16 24
33 5 14 4 44 43 37 42 38 45 30 1 3 23 36 16 48 47 39 9 2 46 27 21 40 24 7 41 12 34 32 13 8 10 6 31 17 29 25 35 15 22 11 28 20 18 19 26
43 37 23 31 46 25 26 38 7 47 45 36 22 48 1 20 8 42 44 19 40 41 11 35 14 39 4 9 33 32 28 30 34 29 10 27 2 24 5 12 3 13 6 17 15 16 18 21
15 45 27 2 43 47 38 37 44 1 10 41 23 22 48 26 4 35 25 40 32 31 46 33 20 34 5 28 39 11 24 36 7 12 42 30 9 13 29 3 6 18 21 16 14 8 17 19
25 26 39 33 29 8 40 1 34 30 36 47 38 45 23 46 41 44 3 22 43 28 48 37 35 32 42 15 9 31 27 21 11 6 17 2 19 5 20 24 7 16 10 4 13 12 14 18
31 33 45 37 41 36 39 34 1 35 3 44 48 47 40 24 42 20 46 25 30 38 43 23 27 22 18 19 21 6 4 12 32 28 14 17 29 8 26 11 2 9 5 10 7 15 13 16
42 34 43 27 1 40 45 48 29 44 38 33 47 25 35 37 18 39 23 46 4 24 31 41 19 30 36 7 32 2 13 20 21 3 8 16 28 14 11 26 22 12 9 15 5 6 10 17
39 48 42 40 31 29 35 47 36 38 1 46 45 43 22 41 44 30 20 37 33 23 16 28 6 8 9 34 26 27 18 3 17 32 5 4 25 15 24 2 21 10 7 12 19 13 11 14
1 43 47 21 48 38 30 33 25 46 40 45 44 41 37 35 28 32 29 34 39 36 26 42 31 27 6 16 24 5 23 15 13 2 22 10 4 20 17 19 18 3 14 9 12 7 8 11
48 16 46 44 35 39 1 45 41 32 47 40 43 28 25 33 24 36 38 20 17 34 23 31 30 42 19 26 8 4 7 27 18 22 21 29 12 6 13 14 37 15 2 11 3 10 5 9
34 47 33 1 45 46 44 35 32 43 42 48 40 27 41 36 38 29 17 39 31 26 24 22 28 20 30 25 15 13 37 4 19 5 23 21 10 12 6 18 14 11 16 2 8 3 9 7
