7587 7724 7424 6392 6464 6116 5700 5721 5235 4215 4337 4016 3909 3098 2242 2035 1829 1475 1490 1354 984 933 965 818 869 710 603 543 546 538 404 383 286 269 280 263 256 196 162 152 150 123 139 100 106 87 79 79 72 63 52 49 41 36 32 29 26 25 20 20 17 16 13 12 11 10 8 7 7 6 5 5 4 3 3 3 3 2 2 2 2 1 1 1 1 1 1 1 1
16 4 6 15 5 7 8 11 10 14 9 13 12 1 3 2
13 1 14 16 8 9 12 3 11 10 15 6 4 2 7 5
10 14 16 4 9 5 7 8 3 2 13 12 11 6 1 15
6 12 4 9 14 16 1 13 8 15 3 11 10 5 2 7
5 6 11 8 4 14 10 1 16 3 12 2 7 15 9 13
2 13 5 11 16 12 4 9 15 7 1 8 3 14 10 6
8 2 13 7 1 3 15 5 14 16 10 4 6 9 11 12
12 5 1 3 13 15 9 4 7 8 6 16 2 11 14 10
3 8 12 2 10 6 11 16 5 4 14 15 9 7 13 1
11 7 3 5 6 1 14 15 2 9 4 10 8 13 12 16
15 3 8 10 7 13 2 6 9 11 16 1 5 12 4 14
14 10 2 6 15 4 3 7 13 12 11 9 16 1 5 8
9 15 10 14 3 8 16 2 12 13 5 7 1 4 6 11
7 9 15 12 8 10 5 11 6 1 2 14 13 3 16 4
1 11 7 13 12 2 6 10 4 5 8 3 14 16 15 9
4 16 6 9 2 11 13 12 1 14 7 5 15 8 10 3
1 7 3 15 11 6 13 14 8 9 16 5 12 10 4 2
6 4 13 1 9 7 14 8 11 5 15 3 10 2 12 16
13 10 11 14 12 8 3 9 1 2 7 4 16 6 15 5
7 12 9 4 5 1 16 13 10 15 11 14 8 2 3 6
1 6 4 13 14 12 5 10 7 11 2 9 15 16 8 3
11 3 8 15 9 2 16 12 4 1 13 7 6 10 5 14
2 16 12 1 6 4 10 14 15 7 3 11 5 8 9 13
12 11 5 8 2 7 6 15 3 14 10 13 9 16 1 4
14 1 15 11 7 3 2 4 16 5 9 10 13 6 12 8
15 8 14 3 4 11 13 9 2 6 12 5 1 10 16 7
3 2 7 5 11 9 15 10 14 13 6 1 4 16 8 12
8 13 10 7 15 2 11 6 9 12 4 3 14 5 16 1
6 5 4 15 3 8 9 1 13 10 14 16 12 2 7 11
9 16 1 13 5 14 7 15 12 4 2 8 11 3 6 10
5 2 8 6 4 13 3 16 1 11 15 12 10 9 14 7
10 3 9 8 2 15 4 12 7 13 1 6 5 14 11 16
11 6 3 5 14 12 1 13 4 16 10 9 7 15 2 8
2 11 5 3 16 10 14 9 6 15 8 7 4 1 13 12
15 2 4 8 7 1 5 10 9 12 13 11 6 14 16 3
13 15 6 12 1 7 10 4 16 9 11 3 2 8 5 14
4 8 15 7 9 5 1 11 14 10 3 6 16 12 2 13
7 5 14 1 12 3 16 13 10 15 6 4 9 2 8 11
8 7 13 4 14 10 15 16 11 6 9 12 2 5 3 1
3 16 11 6 2 9 12 14 8 5 7 13 10 1 15 4
12 15 5 11 10 1 14 6 3 2 4 16 7 9 13 8
2 13 16 5 6 14 3 8 15 10 12 1 11 4 9 7
9 12 8 13 2 11 4 1 5 16 10 14 15 7 3 6
15 6 3 1 14 4 11 12 2 13 8 9 5 10 7 16
6 1 11 4 3 8 5 10 13 14 16 7 9 15 2 12
3 7 13 8 4 2 12 16 15 11 9 5 14 1 6 10
14 11 10 3 16 12 15 6 8 7 2 9 13 4 1 5
5 16 14 2 12 7 3 8 10 6 4 1 11 9 15 13
8 3 16 7 6 13 4 12 11 9 14 10 15 2 5 1
6 8 9 11 1 2 10 13 12 15 7 5 4 16 14 3
10 14 13 1 11 15 2 9 3 12 5 16 6 7 8 4
2 10 11 12 5 3 9 15 1 4 6 13 7 14 16 8
15 6 3 5 8 1 16 4 2 11 13 7 10 12 9 14
5 7 15 6 9 4 1 14 3 12 8 2 16 10 13 11
14 2 10 12 9 8 11 16 5 7 1 3 13 15 4 6
7 10 5 4 13 9 11 3 8 15 14 12 2 1 6 16
12 6 16 15 2 5 13 1 10 4 11 9 14 8 3 7
3 16 8 1 5 4 9 11 13 10 2 12 6 15 7 14
2 3 14 13 4 15 8 6 12 16 7 11 9 10 1 5
6 14 3 2 7 8 12 9 11 13 1 4 5 16 15 10
8 15 4 6 10 3 2 12 1 9 5 7 13 14 16 11
10 11 5 8 16 1 15 13 4 2 12 9 7 3 14 6
9 13 2 11 12 15 10 14 7 6 16 3 4 8 5 1
9 10 15 7 5 12 4 6 2 16 13 14 11 1 8 3
10 7 15 6 4 13 16 8 3 11 5 2 14 12 9 1
6 8 9 5 7 11 3 10 1 15 4 13 16 14 2 12
8 12 10 11 16 2 1 3 13 9 14 5 15 7 6 4
12 16 14 3 8 10 15 9 4 7 13 2 6 11 1 5
4 2 16 8 11 6 5 1 15 10 7 3 9 12 13 14
7 15 6 9 10 5 8 12 16 13 1 4 2 11 14 3
14 6 9 3 12 4 7 8 10 11 2 16 15 1 5 13
12 14 5 13 10 1 15 4 7 2 3 6 11 16 9 8
6 12 4 7 2 9 1 15 8 14 11 13 5 3 16 10
3 7 10 2 11 5 9 14 12 4 16 1 13 8 15 6
2 16 5 9 13 1 4 6 3 14 12 7 10 15 8 11
9 8 2 15 13 12 10 4 11 6 5 3 14 7 1 16
8 14 9 7 2 11 3 15 5 4 1 12 6 10 16 13
5 1 6 3 11 10 8 9 12 16 13 2 15 14 7 4
14 15 10 11 16 3 7 1 8 9 12 6 13 2 4 5
7 11 8 2 9 6 13 3 15 12 4 16 5 1 14 10
4 3 1 13 12 2 9 10 5 15 16 7 11 6 8 14
10 7 14 6 8 4 1 13 3 11 2 5 9 16 15 12
6 2 5 9 4 15 11 12 7 16 13 14 10 3 1 8
10 8 6 3 7 4 5 9 16 2 11 13 14 12 15 1
9 1 3 6 8 5 4 13 2 16 14 10 15 11 7 12
5 16 4 1 11 3 10 14 15 13 6 12 9 7 2 8
14 15 9 11 10 12 16 8 3 6 2 4 7 1 13 5
3 13 16 8 4 15 12 6 11 14 5 1 2 10 9 7
2 6 14 12 16 9 15 1 13 11 7 3 10 8 5 4
