1284 1310 1072 962 778 775 674 451 358 356 359 226 235 215 145 135 120 99 89 75 51 49 28 31 28 17 17 14 9 7 6 5 4 4 2 2 2 2 1 1 1 1
4 3 7 6 9 8 2 5 1
1 6 5 3 2 9 8 7 4
2 9 1 8 7 4 5 6 3
8 2 4 1 9 5 7 3 6
5 3 8 2 4 6 1 9 7
6 5 3 4 1 7 9 8 2
3 9 1 5 6 2 7 4 8
7 8 6 3 5 2 4 1 9
1 6 8 9 3 7 2 4 5
9 7 4 2 8 1 6 3 5
7 4 9 6 5 3 2 8 1
4 3 1 5 2 6 8 9 7
6 1 2 9 7 5 8 4 3
3 1 7 4 8 9 5 6 2
5 8 3 7 9 4 6 2 1
2 5 8 1 4 6 3 9 7
5 8 6 3 2 7 4 1 9
4 2 1 3 7 5 6 9 8
9 5 4 7 8 1 3 2 6
1 4 9 6 3 7 5 2 8
3 8 7 2 4 6 9 1 5
1 3 2 9 7 5 4 8 6
6 2 8 7 5 4 9 1 3
4 5 9 1 2 8 7 6 3
2 7 8 4 9 6 3 1 5
6 3 7 2 5 9 8 1 4
3 4 1 7 6 8 2 9 5
9 2 1 3 5 4 7 6 8
3 4 6 7 5 9 8 1 2
1 8 3 9 6 5 7 2 4
1 3 7 6 2 4 5 9 8
1 5 6 2 7 9 4 8 3
4 7 3 6 9 5 8 1 2
9 4 1 7 3 6 5 2 8
5 3 1 4 8 9 7 2 6
1 4 7 3 8 5 2 9 6
5 3 1 9 7 8 4 6 2
5 8 7 2 9 6 3 1 4
1 7 4 6 5 9 2 8 3
1 5 4 2 8 3 7 9 6
1 4 3 9 5 8 2 7 6
4 7 1 6 8 9 5 2 3
