28508 22272 10807 10807 5450 4870 3679 2241 3151 1438 1229 1191 976 781 560 448 448 243 195 112 112 112 97 76 52 52 19 22 14 12 6 6 4 3 3 2 1 1
4 11 3 7 6 10 1 5 2 8 9
7 1 2 9 6 8 5 11 10 4 3
2 9 10 8 5 4 11 7 6 3 1
3 1 10 2 8 9 5 6 7 11 4
5 8 6 9 7 10 1 3 11 2 4
6 3 4 1 8 11 9 7 10 2 5
9 8 6 10 4 5 11 3 1 7 2
3 5 10 11 2 6 4 9 8 1 7
2 6 4 8 3 10 1 9 5 11 7
11 7 10 3 2 5 4 6 8 9 1
2 5 10 9 8 6 11 3 4 7 1
3 8 5 11 2 6 4 7 10 9 1
9 8 5 10 7 11 1 6 4 3 2
5 9 10 3 8 11 1 6 7 2 4
11 7 6 8 5 4 10 3 1 9 2
6 3 10 1 8 5 11 7 9 2 4
5 11 8 4 6 10 9 3 1 7 2
2 7 6 8 5 4 11 1 10 9 3
3 9 6 11 8 5 4 7 10 2 1
11 8 6 10 7 5 4 1 9 2 3
9 5 10 4 8 6 11 1 7 2 3
6 11 10 8 7 5 4 3 1 9 2
11 3 8 1 5 6 4 7 10 9 2
9 8 6 10 5 4 11 1 7 2 3
2 8 5 11 6 4 9 3 10 7 1
3 5 10 8 6 11 4 9 1 2 7
9 5 6 1 8 4 11 3 10 7 2
11 3 6 10 8 5 9 7 4 2 1
6 5 8 3 7 10 11 1 4 9 2
2 8 5 1 7 4 11 6 10 9 3
6 5 10 3 8 4 11 7 1 9 2
11 3 5 8 6 10 4 9 1 2 7
9 5 10 1 8 4 11 6 7 2 3
9 3 5 10 8 4 11 6 1 7 2
11 3 10 8 7 5 4 6 1 9 2
11 5 6 3 8 10 4 1 7 9 2
9 8 5 10 6 4 11 7 1 2 3
11 3 8 10 6 5 4 1 7 9 2
