52697 52496 51583 49796 43730 37838 33812 33792 27269 25996 25206 24167 22497 23744 22110 21579 19643 20376 19643 19495 17936 17623 16979 16023 15622 14454 13503 11260 11871 9855 9540 10715 10415 8514 8030 7222 7617 6740 6952 6384 5907 5433 5610 5690 5145 4705 4585 4099 3906 3751 3888 3631 3425 3304 3467 3173 3021 2954 2655 2664 2579 2454 2529 2383 2246 2171 2075 2056 2007 1717 1764 1764 1696 1514 1442 1392 1403 1297 1157 1163 1049 971 956 927 963 892 776 783 803 721 759 704 687 633 634 619 598 567 546 521 477 471 464 422 438 420 406 369 341 341 293 343 291 314 290 275 265 250 230 228 199 216 201 196 174 179 162 153 148 145 137 138 129 125 119 120 103 110 105 96 98 95 96 86 87 85 75 78 71 69 61 68 61 63 57 57 53 50 46 43 44 40 39 37 38 34 35 31 30 30 30 28 28 26 24 23 24 21 21 19 19 17 17 17 16 15 15 15 12 13 12 12 12 11 11 11 10 10 8 8 8 8 8 7 7 7 6 6 6 6 6 5 5 5 5 4 4 4 4 4 4 4 3 3 3 3 3 3 3 3 3 2 2 2 2 2 2 2 2 2 2 1 1 1 1 1 1 1 1 1 1 1 1 1 1 1 1 1 1 1 1 1 1 1 1 1 1 1 1 1 1
60 11 5 36 49 40 24 26 41 22 23 28 62 61 58 31 21 37 34 1 57 3 25 59 7 64 47 10 44 45 29 16 9 55 38 63 35 27 32 6 12 42 52 51 50 17 19 39 4 8 14 20 18 54 30 56 53 2 33 43 46 13 48 15
34 40 38 46 21 29 36 55 25 7 49 19 48 47 50 1 45 16 17 26 58 3 15 23 57 64 12 10 60 51 41 22 37 63 5 2 14 27 35 8 31 13 62 9 53 32 56 24 59 4 44 52 30 54 42 43 11 61 6 33 28 20 18 39
60 64 2 24 29 25 8 5 13 22 23 52 54 10 58 59 3 18 28 56 47 6 43 15 46 9 62 61 37 45 36 40 48 14 53 38 1 33 57 49 41 39 26 51 27 4 12 30 19 35 50 21 63 31 7 34 44 11 42 17 55 20 32 16
52 35 12 64 19 40 42 13 33 16 31 11 48 7 38 30 34 27 62 41 49 5 6 10 59 45 36 4 3 51 2 60 22 17 58 54 53 20 39 55 37 25 63 23 15 26 29 24 56 61 28 47 43 8 57 14 32 9 21 1 46 44 50 18
50 7 3 62 53 39 57 41 40 14 4 2 54 1 64 35 16 60 26 30 23 9 15 59 8 63 11 27 22 34 52 48 28 61 33 36 38 17 49 31 58 13 19 51 12 24 6 29 45 47 43 10 20 5 25 46 55 56 42 21 44 32 18 37
63 9 58 45 32 20 5 55 49 47 2 51 62 61 43 15 35 64 7 44 18 38 27 57 12 52 8 59 28 41 3 46 23 10 54 39 4 31 37 6 26 60 25 1 56 17 19 14 42 50 36 40 34 24 11 22 16 30 33 29 53 13 48 21
29 64 16 1 40 61 37 62 55 24 42 36 7 41 33 59 10 28 30 9 31 53 25 54 13 20 39 2 4 49 17 22 63 23 3 46 47 48 8 19 45 56 14 38 51 11 58 50 26 44 43 27 32 35 60 18 6 21 5 52 34 15 57 12
26 6 55 5 7 10 24 21 25 13 49 28 39 42 47 31 45 58 64 1 22 33 50 20 3 12 63 19 15 32 18 14 56 16 30 4 11 53 34 29 44 62 59 41 23 36 37 2 48 54 8 60 38 51 27 40 61 52 9 43 35 57 17 46
51 50 32 41 63 54 11 12 64 57 33 16 2 22 27 48 31 49 62 23 19 34 53 60 24 9 59 47 18 56 40 13 15 55 7 43 35 38 21 28 42 25 52 46 61 20 36 39 1 8 45 58 30 29 26 37 5 44 6 3 17 14 10 4
3 63 53 36 48 58 16 52 41 43 22 10 47 31 50 2 19 5 6 24 33 39 18 62 42 15 34 54 64 45 51 55 60 26 49 30 46 57 40 7 14 13 4 9 21 32 23 27 59 56 29 20 1 37 28 44 11 25 38 8 12 17 61 35
35 11 60 23 9 25 3 52 10 47 39 55 54 32 48 1 37 27 49 64 56 2 6 59 43 21 57 58 14 5 61 7 38 24 45 22 40 18 41 8 12 33 13 34 19 29 62 17 46 28 44 20 4 36 42 16 53 50 31 63 30 51 15 26
34 42 33 29 30 17 62 5 57 44 13 43 56 23 63 52 21 64 28 14 6 9 25 16 50 55 49 1 12 51 4 20 54 59 36 47 24 27 35 31 26 53 7 10 37 19 61 60 40 48 3 18 46 15 58 38 41 39 45 22 11 8 32 2
60 57 50 12 52 43 59 62 30 36 2 7 41 35 9 40 10 48 24 33 38 3 64 54 61 46 31 5 37 22 55 25 28 39 47 21 42 1 27 58 19 63 20 23 34 51 56 18 53 17 15 8 14 44 11 49 45 16 32 13 26 29 4 6
32 49 1 61 55 20 5 4 18 16 27 9 62 34 40 10 13 8 26 48 51 46 43 44 28 64 21 52 63 23 30 6 7 35 53 24 39 37 29 2 50 47 33 45 38 11 15 42 25 54 14 58 59 31 17 36 57 22 12 56 41 3 19 60
8 13 21 18 14 12 61 1 50 63 46 29 11 4 17 25 45 22 31 7 40 35 52 51 6 28 59 10 30 41 48 39 20 23 38 62 15 34 47 56 2 42 49 44 3 55 27 57 9 19 5 60 37 54 64 43 58 33 26 53 36 24 16 32
33 47 35 21 57 54 36 12 24 32 10 15 22 8 64 58 61 46 30 26 41 45 40 52 1 42 19 4 51 27 44 5 37 48 59 38 53 60 18 17 9 43 50 6 2 20 55 29 3 7 63 62 16 14 56 11 23 28 39 34 31 13 49 25
28 10 6 2 33 56 48 32 39 54 31 23 19 38 46 57 25 51 36 34 44 59 1 15 20 63 62 37 61 47 29 49 27 9 58 12 17 42 50 14 21 64 11 26 8 4 16 7 30 40 60 13 18 45 41 5 52 55 43 24 22 35 3 53
12 40 41 16 49 6 47 51 3 24 36 39 60 30 59 2 44 37 38 20 45 5 15 28 64 48 27 56 4 58 22 10 23 31 54 18 29 43 1 21 25 52 62 9 50 7 14 61 19 33 34 8 35 63 32 26 11 46 13 57 55 42 53 17
53 7 5 63 27 1 8 26 49 22 51 34 30 64 55 59 31 39 42 47 58 23 9 61 44 25 10 41 43 50 20 40 33 24 62 2 57 16 19 6 38 15 18 4 54 3 29 11 48 21 13 35 12 60 37 45 56 32 17 46 52 36 28 14
27 38 58 50 61 51 64 23 15 8 44 12 35 39 53 56 22 19 34 17 57 40 60 37 7 6 63 11 29 59 3 16 10 14 18 54 36 48 31 4 32 1 47 28 25 46 42 9 13 5 20 55 43 41 45 33 26 2 30 52 21 62 24 49
3 58 14 62 17 41 50 59 52 53 19 63 26 43 34 37 29 7 24 51 56 6 18 23 36 20 64 30 44 42 32 60 55 47 57 10 16 31 9 13 46 39 54 35 48 45 12 2 21 4 49 27 15 11 40 1 25 61 5 33 28 38 8 22
64 8 25 60 21 43 58 35 56 7 39 57 29 10 30 47 36 2 48 9 17 11 50 38 13 40 45 61 3 34 41 27 19 6 24 4 14 62 32 53 28 37 16 42 51 52 26 23 59 1 22 5 31 33 55 46 44 12 54 63 49 18 20 15
61 18 13 23 10 27 19 48 54 57 42 52 12 16 2 46 30 15 56 40 43 1 20 3 4 38 47 33 32 14 28 9 17 55 51 31 8 63 44 35 50 34 41 24 6 49 58 62 45 22 64 26 60 5 39 59 53 7 21 36 11 37 25 29
36 4 48 39 51 7 27 44 29 52 47 2 64 61 43 32 40 16 45 23 63 33 53 21 10 1 6 35 59 9 31 38 13 5 19 46 24 56 8 49 58 3 55 54 22 25 28 34 17 26 62 37 42 12 30 18 15 57 20 14 60 11 50 41
4 27 50 56 38 22 24 15 42 13 58 1 2 14 39 28 62 57 61 19 12 20 43 48 8 9 5 53 11 45 34 33 63 17 25 3 32 41 37 60 18 54 26 7 31 21 59 30 64 36 16 52 55 44 49 35 40 6 10 29 46 47 23 51
49 44 19 18 42 64 57 14 55 25 21 58 6 59 36 16 32 34 22 27 9 48 41 29 50 11 39 38 28 31 5 43 4 61 13 63 12 53 62 52 2 20 15 23 33 26 47 35 46 37 17 51 40 1 60 56 45 54 7 24 3 10 30 8
37 19 30 14 58 46 35 54 24 44 28 51 21 23 22 34 38 17 4 41 33 36 64 1 3 56 2 50 26 6 18 52 32 10 5 59 7 57 39 11 15 49 13 29 53 63 61 48 60 12 25 20 8 62 43 9 47 42 31 55 45 16 27 40
51 35 55 25 37 29 17 21 34 62 41 22 59 36 12 39 3 49 7 4 48 42 52 58 30 45 15 5 27 19 40 18 9 2 63 53 11 38 24 33 31 60 57 64 56 43 10 50 26 47 46 1 6 13 54 14 23 20 44 28 8 32 61 16
13 46 20 57 63 62 51 9 43 59 30 16 7 24 26 23 1 58 28 5 19 39 6 40 33 10 36 54 38 49 11 35 50 22 55 34 47 4 41 3 42 21 52 18 61 29 37 45 32 56 31 14 53 15 27 25 60 44 64 12 17 8 48 2
62 26 32 45 35 3 4 58 40 34 33 46 37 53 60 17 7 5 29 36 59 23 13 57 12 22 48 16 24 38 14 44 15 49 10 43 50 64 21 28 19 11 20 61 55 2 30 18 42 8 41 9 56 31 51 54 6 47 27 39 25 63 1 52
19 32 64 41 53 39 9 22 13 38 17 30 47 5 33 31 37 11 62 21 6 34 24 10 25 43 8 52 60 15 2 46 54 63 3 36 27 18 42 55 14 56 51 58 12 50 23 28 49 61 4 40 48 29 20 7 1 26 45 16 44 59 57 35
29 60 31 32 8 16 2 5 64 14 13 38 48 47 25 15 35 1 53 24 30 7 23 17 27 6 12 20 9 39 52 28 22 26 33 40 42 50 61 34 44 57 54 46 19 18 62 49 43 59 45 21 11 56 63 37 55 36 41 3 58 51 10 4
35 61 38 13 29 32 44 62 15 54 40 6 23 1 58 9 43 47 59 16 7 55 28 26 42 52 11 2 25 56 36 48 60 64 49 30 46 20 17 63 12 14 4 3 21 51 19 39 27 57 50 10 41 37 18 22 5 45 33 8 53 24 31 34
39 64 53 34 3 61 41 57 10 28 23 11 49 31 50 4 16 18 6 59 25 26 27 60 24 15 42 22 37 46 63 55 48 12 43 19 35 33 52 8 38 13 2 47 58 40 21 17 1 44 29 36 20 54 7 51 32 9 62 5 30 14 56 45
34 23 3 29 28 2 53 52 41 43 49 35 54 42 63 48 33 55 17 30 4 59 1 20 32 44 6 47 64 11 45 12 58 16 14 22 5 15 40 37 13 8 62 51 57 31 60 27 56 50 36 18 7 24 25 39 61 10 9 21 19 38 46 26
14 11 34 24 15 20 3 41 12 35 18 23 56 7 21 51 19 40 54 64 38 2 5 47 59 42 9 58 22 63 61 13 16 29 30 57 52 17 26 31 33 53 25 6 27 62 48 4 36 28 8 32 49 55 60 44 1 39 46 10 43 50 45 37
59 50 45 20 40 25 4 58 28 27 16 43 32 55 12 52 3 64 33 53 15 22 24 56 34 63 49 31 42 5 54 21 61 23 48 47 1 46 18 9 10 62 11 38 26 30 36 14 51 13 37 44 39 8 35 19 41 60 29 17 2 7 57 6
63 6 40 59 52 10 42 7 3 29 34 61 55 57 27 51 9 54 64 25 60 16 22 39 43 12 1 21 13 49 23 14 18 41 44 17 33 35 56 38 26 4 5 58 37 24 20 50 53 48 19 62 45 36 11 2 46 30 8 31 47 32 15 28
6 26 60 40 46 58 16 9 21 34 22 28 37 54 47 1 4 3 30 35 41 61 49 55 45 64 18 33 5 23 51 36 25 59 7 39 31 27 53 19 32 63 17 8 24 14 56 62 11 52 44 43 15 2 13 57 20 50 42 48 10 29 38 12
50 14 6 36 9 40 12 38 18 33 11 22 25 13 48 35 17 61 43 44 51 19 52 62 49 28 31 26 20 53 1 32 4 39 63 24 10 37 2 29 21 23 57 5 30 58 15 64 7 27 55 41 59 3 42 16 8 54 60 56 34 45 47 46
7 63 16 1 60 54 30 55 37 24 17 10 3 56 45 52 32 51 46 4 31 15 48 33 12 14 62 57 18 44 25 20 23 2 29 50 38 47 59 5 61 22 49 53 9 36 39 42 26 11 8 27 28 13 41 43 35 58 6 34 40 21 64 19
42 32 17 2 30 11 37 45 50 49 5 19 43 53 9 18 34 10 31 39 12 63 15 57 24 48 59 23 26 51 28 61 40 4 47 14 44 25 20 21 36 56 33 41 16 64 6 8 29 38 7 55 60 46 3 13 58 52 54 22 35 62 1 27
25 62 61 43 32 17 11 33 39 16 20 36 47 2 19 9 1 22 4 56 55 6 18 58 38 46 64 41 24 13 59 30 28 63 45 21 15 44 57 27 37 42 7 40 23 8 31 10 49 12 29 50 14 51 34 54 52 35 48 53 26 5 3 60
28 10 23 5 24 12 14 47 60 42 33 45 59 36 29 61 25 31 55 58 44 3 26 32 40 20 52 30 41 64 37 19 27 48 21 43 11 9 35 51 49 54 18 62 15 2 50 7 39 34 63 46 38 56 8 17 16 6 1 13 22 57 4 53
30 25 33 61 37 48 9 54 5 36 21 17 16 3 41 43 23 49 22 20 63 34 13 18 59 1 19 7 27 31 47 44 45 24 40 62 28 52 64 57 58 6 14 26 29 38 55 53 32 8 15 60 50 35 4 56 11 42 46 12 39 10 51 2
15 4 10 21 52 61 34 22 7 32 30 55 39 24 26 33 37 8 56 36 23 43 64 3 11 25 45 2 51 19 17 13 38 49 59 53 50 46 27 44 6 18 41 54 47 57 12 48 42 35 5 9 63 31 62 58 60 1 14 29 28 20 16 40
60 36 64 12 51 45 59 23 49 4 2 46 62 42 27 11 7 28 38 33 58 5 25 26 30 55 47 10 19 29 63 18 20 15 39 54 53 21 22 6 35 41 50 57 34 37 52 1 3 17 43 13 56 24 32 14 61 40 8 16 9 48 31 44
12 51 53 45 27 50 57 42 52 58 59 30 21 62 35 31 22 11 20 55 40 9 41 1 61 38 63 37 15 24 2 7 19 6 43 3 14 18 29 33 48 49 26 28 13 54 16 60 5 56 23 47 34 4 64 44 25 32 10 39 36 17 46 8
39 28 21 57 53 3 58 35 14 47 10 63 48 43 52 30 31 27 62 15 20 18 55 40 46 45 33 16 36 6 11 17 12 25 26 1 4 60 34 49 23 64 59 44 54 50 29 2 24 19 13 8 42 22 37 5 38 9 7 41 51 61 56 32
13 42 1 26 63 10 17 44 36 59 41 58 6 31 22 34 38 60 7 51 39 25 53 15 20 33 23 52 3 5 32 46 37 43 54 12 8 64 50 14 28 11 16 4 62 19 27 29 30 47 49 40 48 45 57 9 56 55 21 24 2 35 61 18
56 35 14 24 55 39 32 13 30 62 49 61 50 38 33 17 44 63 59 2 48 11 6 10 31 41 36 19 12 15 3 53 7 22 58 47 5 57 42 52 9 60 51 64 27 43 20 23 25 54 46 37 4 1 45 16 40 26 34 8 21 18 28 29
8 7 41 62 42 2 48 59 34 53 51 15 49 10 60 4 29 58 36 64 57 38 20 23 33 18 27 50 32 14 61 21 13 26 55 22 17 43 19 31 25 1 5 9 11 24 28 12 56 37 45 52 6 63 30 39 46 16 44 3 47 54 40 35
62 58 35 46 5 6 24 51 33 27 18 52 7 64 36 48 40 37 26 21 9 53 23 39 25 22 8 56 28 41 54 45 32 10 44 63 13 4 1 34 16 15 47 61 38 31 14 11 20 59 50 3 12 29 49 2 30 57 43 55 60 19 42 17
50 38 12 16 58 20 2 14 55 35 23 11 29 59 30 28 39 15 48 31 45 54 9 19 32 40 10 1 4 22 49 6 61 37 56 46 52 63 24 8 33 47 13 44 3 25 36 34 62 21 41 7 18 60 43 26 5 64 27 57 53 42 17 51
24 44 32 36 13 1 62 48 54 63 58 35 11 14 5 2 21 61 49 26 34 42 40 47 3 33 15 4 30 46 23 22 16 64 38 39 27 56 31 55 19 57 52 29 6 17 41 45 60 50 28 18 37 12 51 7 8 10 9 20 43 25 53 59
4 18 55 20 15 32 1 52 40 44 19 7 12 6 45 39 35 30 53 47 33 17 60 59 41 42 21 61 29 56 14 27 63 62 13 50 16 23 49 58 10 8 2 28 37 3 38 57 43 46 24 26 9 11 54 51 34 22 64 5 31 36 48 25
59 64 42 10 38 29 11 26 57 8 16 1 23 47 21 15 33 54 45 35 43 2 5 25 27 46 39 53 63 58 60 14 50 40 3 34 61 17 9 13 28 52 19 55 56 20 30 18 51 36 22 4 7 41 48 12 49 24 6 31 62 44 32 37
64 22 25 32 7 62 53 15 29 46 42 12 19 4 63 21 13 48 54 39 47 1 50 38 28 56 2 11 14 59 41 35 10 5 30 57 24 44 6 17 26 3 36 51 55 52 58 9 27 61 60 16 31 33 40 49 23 20 45 43 8 37 18 34
63 13 58 41 35 52 49 23 64 43 37 51 30 26 19 40 54 5 24 59 8 33 15 28 6 18 48 9 60 47 55 56 22 16 10 2 12 62 21 7 46 53 20 27 57 32 50 61 44 4 36 1 29 38 17 25 45 39 42 14 3 11 34 31
3 33 31 34 17 27 19 32 59 57 11 23 54 7 50 25 43 18 46 5 28 48 21 29 45 22 38 58 56 9 52 63 55 39 14 30 64 37 60 2 41 13 8 42 16 49 6 24 1 44 4 35 53 36 12 62 20 47 61 10 40 51 15 26
51 19 5 29 10 15 61 57 56 25 54 24 38 40 7 41 27 64 17 44 23 45 59 30 13 43 16 22 47 3 2 49 9 35 60 20 32 33 53 4 31 39 42 18 48 1 26 52 21 11 37 50 46 62 28 34 6 12 58 36 55 63 8 14
34 55 16 2 33 11 64 21 25 52 31 29 37 5 38 32 8 46 62 53 22 14 27 20 19 28 57 54 59 26 45 39 15 9 51 24 40 1 61 60 23 12 10 47 18 4 48 17 36 7 3 58 43 44 56 42 35 50 30 63 41 13 49 6
5 46 6 60 4 56 3 12 13 10 40 27 34 8 9 18 30 39 29 24 59 20 43 51 49 38 42 23 61 63 48 33 58 57 17 31 7 35 52 11 50 37 62 41 26 53 15 2 64 1 25 44 16 54 55 45 32 14 36 22 28 47 19 21
36 49 34 59 61 50 41 44 43 7 27 16 26 12 17 23 62 28 64 22 63 6 47 56 24 14 60 5 11 21 20 48 52 29 19 4 39 42 40 53 13 3 15 45 51 18 37 35 9 57 31 32 30 10 58 1 55 54 38 33 2 8 25 46
53 47 23 63 16 14 5 6 10 22 8 19 60 41 4 9 61 51 31 34 56 35 24 48 43 25 11 45 46 42 21 12 17 55 33 18 29 15 32 37 38 64 50 54 39 7 40 27 49 26 20 36 1 2 3 57 44 28 62 52 30 59 13 58
41 29 20 48 21 22 37 1 42 13 5 63 56 30 55 12 3 2 19 7 51 26 53 54 38 34 31 64 43 45 4 60 28 17 25 59 57 50 58 6 61 11 49 10 15 36 23 8 62 27 9 33 40 14 39 18 47 35 32 46 44 16 24 52
7 57 3 49 19 58 51 17 11 15 29 28 2 32 39 35 36 40 12 48 53 1 6 33 10 9 63 14 24 50 34 16 54 47 5 38 41 25 20 44 45 43 55 31 23 26 61 60 46 64 56 62 8 42 27 59 37 52 13 21 4 18 30 22
37 23 50 56 49 3 35 53 24 16 46 9 43 54 59 51 15 36 47 4 31 18 52 6 1 29 62 27 64 34 44 55 2 63 7 19 33 48 57 38 42 60 25 8 58 21 10 30 40 22 14 41 32 5 11 13 26 61 20 39 45 17 12 28
52 60 48 14 57 30 32 45 27 33 28 2 41 23 29 43 19 11 26 25 20 53 13 24 42 64 49 59 44 39 9 10 38 6 61 16 35 34 50 54 37 1 63 62 4 55 56 12 7 40 17 51 47 22 8 46 31 21 18 3 36 5 58 15
14 28 8 25 48 33 50 3 29 24 39 34 27 2 41 22 16 47 42 36 18 32 45 44 57 11 51 21 5 49 37 38 23 61 26 10 30 63 1 56 7 6 46 35 9 40 19 53 59 52 64 60 55 15 62 43 17 58 31 13 12 54 20 4
42 50 40 1 25 6 27 7 22 58 36 10 64 57 2 52 53 31 4 14 19 54 49 55 8 12 9 20 15 51 18 61 48 30 59 17 38 13 39 29 44 23 33 24 62 63 43 47 60 16 34 46 11 37 26 21 41 32 5 56 35 3 28 45
23 11 1 43 8 54 42 5 52 26 25 55 50 62 12 47 4 10 6 9 58 15 38 2 32 48 13 31 60 27 17 36 18 24 45 63 46 41 56 33 49 35 7 40 64 59 21 44 3 28 19 14 20 34 22 37 57 30 29 53 39 61 51 16
19 27 54 5 14 29 16 10 31 49 2 22 32 48 34 56 9 57 25 40 17 58 60 45 6 44 23 3 20 38 7 43 4 12 24 36 47 1 35 52 11 18 26 46 13 30 59 42 53 33 62 8 39 63 37 55 15 64 51 28 61 21 50 41
49 9 17 61 3 2 45 33 34 1 20 30 6 53 26 42 23 60 38 15 39 40 18 36 50 57 8 35 13 44 28 52 25 22 29 41 37 31 47 48 21 12 51 5 24 14 62 11 56 4 7 27 63 46 64 58 16 55 54 43 59 32 10 19
25 40 30 39 46 1 56 4 54 32 44 42 7 61 52 11 10 3 33 2 9 63 20 57 28 55 21 37 23 6 51 17 62 41 36 14 31 16 26 5 15 49 59 53 29 64 47 13 45 35 60 43 50 8 19 38 58 22 48 18 34 24 27 12
27 18 43 26 53 24 12 32 50 29 59 46 62 16 48 57 45 17 61 64 2 23 55 28 3 1 39 60 51 58 22 25 63 33 49 40 15 47 37 35 14 21 20 34 30 8 42 9 11 38 56 5 6 31 13 54 52 7 10 41 19 44 4 36
21 8 61 40 18 32 59 26 3 4 13 64 16 39 47 33 43 63 53 27 23 55 25 62 5 15 48 52 9 24 31 44 20 14 57 12 42 36 46 22 2 54 11 6 34 38 35 29 30 37 50 10 28 60 41 19 56 1 58 17 51 7 45 49
6 38 33 64 37 51 21 12 14 53 47 57 39 13 60 48 11 8 7 58 16 61 9 52 36 63 59 2 32 22 40 18 46 25 62 20 28 27 34 15 35 19 5 4 56 50 31 1 43 54 44 3 49 55 42 17 29 26 41 30 10 45 23 24
10 26 19 13 63 5 1 54 37 42 33 45 29 31 53 58 17 62 48 30 12 59 64 21 55 52 16 39 22 14 25 46 40 49 43 3 44 56 8 61 36 15 2 28 11 32 6 7 24 50 47 9 18 51 23 41 38 4 34 20 60 35 57 27
43 64 13 31 16 39 30 23 41 47 55 17 25 56 50 37 54 34 63 51 27 36 14 4 11 10 15 38 26 19 29 5 32 2 40 53 9 60 18 49 6 45 42 57 61 62 28 46 48 21 8 52 35 24 20 44 33 59 7 12 22 58 3 1
3 13 12 51 28 17 8 14 64 36 5 11 22 26 37 4 44 27 43 16 38 57 21 15 20 45 52 50 41 42 6 19 30 31 54 24 49 10 59 63 48 47 55 23 7 58 60 18 35 56 61 1 53 29 33 40 25 39 46 34 9 62 32 2
28 51 45 12 58 46 5 41 30 24 18 38 26 43 62 31 59 42 22 50 44 25 48 53 27 40 2 57 36 23 63 9 37 15 52 1 10 20 64 14 34 56 47 61 21 54 39 49 29 17 16 13 55 4 35 60 11 6 33 8 3 19 7 32
40 58 14 62 27 25 17 22 2 38 34 18 49 6 35 28 8 54 16 55 43 11 47 51 31 4 42 10 63 21 57 53 33 26 56 50 30 46 41 20 9 52 13 64 3 39 1 48 5 19 23 32 15 44 7 36 60 12 45 24 59 37 29 61
35 47 53 21 10 7 2 42 28 54 49 15 56 33 63 14 31 37 20 19 45 16 50 17 51 41 27 36 18 9 59 30 12 64 60 34 32 52 13 62 3 40 46 26 23 29 58 39 22 44 4 55 43 38 57 11 6 24 61 5 25 48 1 8
33 55 64 60 29 41 57 36 49 63 58 1 59 12 25 16 39 48 45 17 15 38 43 23 61 20 10 18 19 11 30 7 56 4 5 62 44 42 2 3 28 8 27 47 54 22 52 24 51 26 13 21 37 35 34 14 32 9 6 31 40 50 46 53
50 14 10 32 48 52 46 51 33 62 17 54 11 64 22 61 37 49 42 21 40 7 59 56 4 43 1 41 28 13 5 20 19 23 15 39 12 18 24 60 26 63 16 29 2 3 55 25 27 47 38 30 34 45 6 9 53 35 8 57 58 36 31 44
34 7 62 5 8 16 14 21 40 52 45 43 48 38 9 1 29 15 24 44 56 39 41 54 25 11 33 47 3 26 36 6 49 59 53 2 60 4 27 19 58 20 57 51 46 37 23 61 63 13 28 18 12 10 32 22 17 50 64 55 35 42 30 31
64 62 35 39 24 27 47 15 21 16 41 36 3 4 7 17 22 52 49 33 25 2 40 11 59 28 6 9 12 56 32 13 61 37 63 30 31 53 29 58 23 34 14 42 48 43 38 45 19 8 46 50 1 54 18 26 55 44 5 10 57 20 51 60
32 46 60 56 4 15 48 5 7 43 39 58 8 40 21 10 38 22 30 20 6 9 24 3 34 18 64 1 47 53 54 63 27 31 44 23 50 35 19 51 25 41 17 45 37 2 26 36 42 59 49 29 11 62 12 33 52 13 14 16 55 57 61 28
51 63 58 11 30 20 53 13 36 10 31 52 23 8 47 40 25 12 55 24 59 42 6 39 33 48 19 7 5 35 60 56 50 43 18 54 15 62 28 34 32 4 41 9 38 21 14 64 26 1 37 44 46 3 49 2 61 57 27 29 17 22 16 45
17 36 32 63 38 40 58 9 55 13 51 39 47 24 62 15 30 5 64 34 28 19 23 60 7 56 57 26 42 27 1 3 54 2 10 43 35 48 16 4 6 22 52 44 25 41 59 50 20 61 31 37 29 12 45 49 33 46 21 14 53 11 8 18
26 6 41 45 55 61 34 38 57 28 37 23 12 5 2 30 33 19 59 53 8 3 22 29 64 21 36 56 4 15 49 16 9 62 51 44 40 7 60 48 11 39 10 18 27 25 50 52 32 46 17 58 47 13 54 1 35 42 43 63 31 14 20 24
63 37 16 62 35 45 4 59 43 49 54 51 2 22 27 32 61 58 36 48 41 17 5 20 24 13 18 53 29 50 55 12 7 30 3 57 47 15 6 56 46 14 19 10 8 40 21 23 39 9 64 26 31 1 33 25 44 11 60 52 28 38 34 42
19 25 59 61 53 11 36 57 39 27 42 5 21 3 12 34 7 64 63 26 4 22 52 58 8 41 50 23 18 45 35 32 37 49 55 16 9 30 62 60 14 13 31 38 6 1 56 51 44 2 20 47 40 33 28 43 29 54 17 48 46 10 24 15
14 23 21 36 51 62 9 48 8 44 16 61 35 31 55 2 32 46 56 59 57 25 45 19 52 10 38 50 3 29 17 60 13 24 58 4 28 64 22 37 42 53 54 27 33 11 12 34 1 40 15 7 41 18 30 5 26 20 39 47 43 63 49 6
61 28 60 14 49 48 8 1 59 32 22 36 37 30 43 24 34 11 12 62 54 23 27 38 44 6 53 58 63 7 3 45 10 40 39 18 64 57 17 31 13 35 50 5 26 20 19 4 29 52 55 33 9 2 25 42 46 47 15 41 21 16 56 51
5 49 6 16 21 50 51 52 13 29 28 7 9 32 59 39 10 47 54 31 60 11 64 30 18 12 36 61 20 63 45 34 33 37 38 22 46 23 41 44 2 15 8 24 53 55 43 57 25 19 14 35 4 3 58 56 1 40 42 17 62 26 48 27
23 60 55 48 15 56 49 17 10 63 2 18 27 20 4 52 35 51 34 33 7 43 53 1 42 45 6 30 25 31 11 61 40 41 13 50 39 44 47 5 3 57 36 54 12 29 37 14 24 16 22 59 32 8 64 21 38 28 9 46 26 62 58 19
4 29 31 34 19 25 44 58 5 38 12 24 64 48 63 54 1 41 22 35 27 45 20 59 46 15 33 60 13 39 18 55 28 14 9 17 53 43 42 3 61 23 49 6 10 52 40 30 21 7 62 51 16 11 56 57 37 2 32 8 47 50 26 36
42 4 32 29 52 41 11 55 12 15 30 6 34 7 45 36 27 40 31 5 33 37 14 48 1 63 2 64 56 49 28 19 62 9 47 59 57 21 3 54 39 46 18 35 51 61 60 17 22 50 8 20 38 24 43 13 23 16 26 53 44 25 10 58
62 61 58 57 31 14 15 6 48 34 27 38 3 33 53 23 13 28 46 56 2 54 50 25 41 4 51 11 43 47 24 17 55 1 45 10 42 37 35 8 36 22 63 39 16 26 9 49 40 32 20 5 59 29 19 12 30 21 44 7 60 18 64 52
53 44 5 24 61 7 62 3 56 1 46 11 54 47 48 32 16 27 33 9 63 36 49 37 43 34 50 35 59 4 20 38 23 55 60 2 41 17 64 58 45 6 40 8 14 19 29 18 10 57 42 15 30 31 39 51 25 52 13 21 12 22 28 26
52 11 53 43 57 24 1 41 25 36 23 12 17 2 39 28 21 61 47 50 34 22 55 18 45 40 42 16 51 59 44 9 48 26 29 13 49 14 20 6 15 63 33 7 19 58 30 35 32 38 3 46 60 62 4 54 5 8 31 56 10 64 27 37
10 57 64 59 5 2 37 53 42 35 11 46 6 14 56 21 23 22 7 40 47 61 28 24 27 44 19 38 41 25 9 52 63 43 30 31 29 33 8 32 50 62 15 3 55 17 36 39 26 1 12 60 48 16 51 58 49 45 20 13 4 54 18 34
37 22 23 46 17 12 13 14 11 57 8 28 60 54 52 34 40 18 21 26 56 4 15 44 31 42 5 2 61 51 6 27 45 25 49 1 10 39 32 63 48 43 7 55 58 3 62 38 59 64 9 16 20 36 41 35 47 29 33 24 30 19 50 53
20 42 62 31 3 17 64 35 54 7 40 58 4 36 37 11 22 60 29 2 51 63 18 46 50 9 15 39 23 32 34 53 49 16 61 24 8 25 1 14 33 41 56 21 47 6 27 26 48 55 28 12 57 5 52 44 45 10 30 43 19 59 13 38
28 33 17 9 40 51 35 1 23 59 48 30 55 42 19 12 31 8 61 22 39 57 63 20 49 14 64 54 38 6 4 21 52 5 24 46 37 47 2 29 18 44 25 53 15 50 58 36 27 56 43 10 45 41 7 34 62 32 26 3 11 13 60 16
6 50 19 27 33 16 21 32 35 41 57 42 62 39 49 47 11 1 25 7 48 38 9 51 55 60 52 4 64 5 36 22 12 61 53 23 58 31 18 15 44 34 2 43 3 24 20 10 63 54 37 26 56 14 13 59 8 30 28 29 45 17 40 46
30 10 33 21 14 52 45 44 36 42 29 43 22 41 50 46 3 2 6 34 40 35 25 53 13 64 9 57 28 26 61 5 32 23 59 38 60 63 12 19 37 56 4 31 11 62 47 48 1 17 24 27 8 54 55 7 16 58 18 20 39 51 15 49
59 8 42 35 63 5 61 22 60 54 44 16 26 62 15 51 19 30 56 14 25 7 32 6 10 29 27 41 36 38 47 48 58 33 40 43 52 50 21 34 49 45 57 23 39 64 31 53 11 13 55 4 24 1 17 46 20 28 9 18 3 37 12 2
49 40 12 51 13 30 24 45 33 8 18 17 23 22 41 37 32 62 43 47 53 46 60 21 34 1 11 5 15 44 52 35 16 64 14 54 61 27 50 2 58 42 59 28 9 57 39 25 20 26 38 29 7 10 48 19 31 36 6 55 63 3 56 4
3 58 13 12 42 6 27 10 52 46 33 45 29 59 60 31 62 63 4 20 18 16 22 54 25 55 53 21 24 23 37 7 2 47 48 19 32 36 44 11 35 49 14 64 26 51 56 34 17 28 61 9 39 38 40 41 15 50 43 30 8 5 57 1
27 7 45 64 28 54 19 62 21 22 36 35 32 1 40 33 37 31 38 39 44 26 13 47 59 11 48 52 30 56 63 10 15 17 25 3 24 53 46 49 9 4 55 29 57 8 6 50 43 12 34 58 14 42 23 18 60 61 51 5 2 20 16 41
23 36 43 40 58 56 59 54 2 33 41 57 25 6 30 35 9 3 48 64 49 32 1 17 5 52 16 14 22 19 21 34 50 15 26 63 27 18 13 61 31 47 20 46 29 39 28 7 45 37 4 8 12 44 42 38 11 55 62 10 51 24 53 60
5 32 38 1 46 10 34 42 50 43 37 2 49 26 22 14 45 17 62 24 30 55 41 15 12 56 39 3 44 47 57 6 19 35 36 53 7 4 59 27 21 52 54 40 18 31 23 61 60 33 25 13 63 51 11 16 58 20 64 28 9 48 29 8
7 35 10 25 32 39 30 47 43 24 58 54 11 13 33 22 15 5 26 4 55 59 21 29 51 28 1 45 19 46 23 18 20 12 52 14 38 16 56 53 34 40 27 62 64 63 61 8 9 36 44 50 49 60 6 37 57 2 48 31 41 42 3 17
41 23 8 49 18 22 9 52 31 53 13 64 46 57 17 59 44 37 16 19 38 2 48 30 3 43 45 36 26 50 51 56 25 10 63 40 33 21 39 7 28 20 11 61 24 4 42 27 5 35 60 14 1 15 62 55 6 54 32 12 34 58 47 29
40 19 25 10 29 33 2 5 24 58 28 15 39 56 35 1 17 42 49 53 16 48 23 62 4 57 12 37 60 11 14 20 55 6 3 21 44 13 9 52 7 54 31 26 38 30 50 64 51 59 45 41 18 46 8 22 43 47 27 63 61 36 34 32
8 62 30 35 7 46 6 55 41 25 12 52 50 61 36 58 59 54 42 15 43 40 60 2 28 63 57 31 32 64 29 3 27 39 56 34 13 37 49 33 10 11 47 38 21 14 48 23 24 44 19 18 9 4 20 17 53 5 1 16 26 45 51 22
52 51 14 13 63 27 58 6 64 62 23 1 30 47 16 24 34 15 53 55 22 33 56 28 32 18 49 59 9 2 31 11 46 57 17 39 4 43 61 20 38 19 41 54 12 37 10 45 42 8 50 36 29 3 35 60 26 21 5 48 25 44 7 40
43 28 54 2 25 3 14 36 49 8 22 27 38 55 58 42 29 52 24 48 12 15 6 32 40 46 10 18 5 35 7 44 56 4 33 30 50 23 37 62 41 60 51 9 61 59 26 11 19 34 64 1 53 13 57 45 47 16 31 39 17 63 20 21
50 63 49 20 37 2 12 9 40 52 19 5 6 43 29 10 8 39 34 44 59 53 38 1 57 22 23 33 11 14 25 32 30 48 62 46 24 64 36 13 16 18 42 28 47 54 15 51 35 4 7 3 45 55 27 26 41 60 17 56 58 21 31 61
30 59 61 60 24 29 50 8 5 4 54 23 41 10 25 2 35 44 20 27 6 9 28 63 36 11 51 19 46 3 40 49 18 31 47 62 15 52 58 48 53 13 16 57 7 22 38 1 56 21 17 37 55 45 32 39 34 42 12 33 43 26 64 14
15 9 40 41 48 12 51 7 1 27 25 26 43 2 38 57 36 49 55 21 28 62 64 58 30 60 13 10 56 6 47 63 17 59 54 22 8 20 29 4 3 53 50 31 16 18 14 24 46 61 23 39 42 35 37 33 5 11 44 34 45 32 19 52
32 18 20 46 21 48 36 33 28 16 59 10 54 38 41 4 61 7 19 58 15 3 49 26 6 44 60 9 34 24 52 43 23 35 55 2 14 62 27 22 50 39 17 5 51 53 1 47 30 11 13 40 37 63 56 29 45 64 42 57 12 8 25 31
26 37 16 51 33 20 53 57 7 28 46 29 34 6 15 56 38 64 30 47 17 39 43 59 60 21 2 23 14 45 5 25 61 58 18 31 42 10 50 9 36 8 13 55 19 1 32 4 3 27 41 62 48 12 22 11 49 40 54 52 63 35 24 44
63 61 35 34 28 58 49 3 59 47 42 6 56 54 9 17 53 11 36 51 44 5 55 24 19 20 18 27 29 13 48 39 4 22 7 57 30 33 12 64 15 14 46 41 2 43 16 62 25 50 31 32 40 10 52 1 37 45 8 21 60 38 26 23
25 13 19 26 5 1 24 38 37 10 11 35 48 53 52 40 33 58 17 2 45 34 27 39 20 29 6 56 4 63 22 46 50 55 51 41 49 7 28 57 61 64 15 42 62 32 59 36 21 9 16 43 8 31 3 18 23 44 60 14 47 54 30 12
33 25 23 10 13 61 8 21 55 58 49 22 7 5 36 39 54 19 63 56 31 42 59 60 11 1 38 20 24 34 32 28 12 47 43 44 9 3 40 17 26 45 62 51 37 41 48 50 53 52 15 35 57 16 64 2 30 6 14 18 4 29 27 46
10 26 21 43 58 32 42 48 56 49 27 61 3 64 50 16 23 12 22 4 47 17 40 52 33 25 11 1 15 53 63 30 7 62 5 59 28 14 18 35 45 37 8 34 54 38 6 9 29 36 46 44 60 2 51 19 31 57 20 39 55 24 13 41
62 38 33 31 40 50 32 58 14 24 34 46 27 3 5 43 21 30 45 17 4 54 13 25 64 48 63 57 42 9 59 55 28 6 39 16 61 60 22 51 23 1 2 10 53 37 35 29 44 7 49 47 15 11 19 12 56 52 41 20 8 36 18 26
42 11 59 40 14 30 17 44 57 22 31 9 64 33 49 41 27 2 6 5 54 19 18 38 20 45 8 35 43 51 36 52 37 61 10 50 58 47 24 56 32 4 63 21 23 26 1 60 39 46 12 29 16 15 48 62 25 7 13 55 53 3 28 34
34 64 48 1 35 11 45 17 36 46 10 51 21 4 56 15 7 57 54 59 9 25 5 3 24 6 33 53 19 44 61 16 60 23 18 20 37 31 62 55 2 22 49 27 13 52 38 42 26 40 14 50 30 41 63 43 8 12 39 47 28 58 32 29
6 27 5 25 61 62 15 45 54 41 16 39 9 23 26 30 29 31 59 35 19 46 32 56 38 64 52 11 12 49 14 13 58 33 57 43 60 50 44 20 48 42 36 3 55 53 10 2 63 47 22 18 34 8 28 51 17 4 21 24 40 7 1 37
4 6 55 64 3 52 44 53 33 13 39 12 60 16 58 46 25 48 43 20 63 61 41 23 7 34 50 26 36 31 37 17 9 30 14 38 29 1 2 62 42 21 10 35 27 40 47 49 19 57 24 5 59 54 18 56 32 8 15 28 11 51 45 22
17 60 50 27 55 24 41 23 12 34 57 11 16 32 33 47 45 61 42 39 2 40 25 48 28 38 9 64 3 7 51 21 20 59 19 13 31 15 53 37 58 62 5 8 6 18 52 46 22 54 44 14 43 29 26 36 35 1 10 56 30 63 49 4
56 10 58 59 4 3 11 13 48 35 5 54 2 41 34 42 15 47 64 30 51 20 50 37 43 9 62 7 28 39 1 61 22 16 38 17 12 44 57 6 14 63 18 53 33 31 26 52 27 32 60 55 24 36 25 40 29 46 45 8 21 19 23 49
49 44 12 57 8 25 37 51 50 32 47 63 62 14 19 56 1 60 46 36 34 6 53 58 27 42 48 54 59 29 3 9 45 2 7 24 64 17 26 33 41 20 40 4 30 21 31 35 43 16 38 52 11 18 23 5 55 22 28 13 39 10 61 15
21 50 45 13 46 14 56 35 60 25 2 28 19 1 40 61 16 27 20 31 18 36 9 11 52 55 47 5 51 42 29 12 63 26 62 10 53 30 34 22 49 23 4 24 8 57 39 48 3 64 7 41 32 33 43 54 58 59 6 17 44 37 15 38
53 29 41 5 31 1 61 3 35 62 20 30 55 12 60 17 39 51 33 14 48 57 24 18 42 4 27 36 23 15 2 19 40 10 44 54 16 63 8 32 26 6 52 43 25 22 21 13 45 28 64 37 56 38 11 49 46 9 7 34 58 47 50 59
51 8 25 49 42 32 47 15 11 54 55 43 22 13 63 58 37 62 12 50 53 26 48 46 61 52 1 45 41 4 35 27 19 64 24 23 36 3 31 5 39 44 33 6 9 59 28 10 56 2 17 7 38 14 34 21 16 30 18 29 57 20 60 40
37 4 53 9 27 29 62 41 8 14 51 16 23 22 30 1 34 28 38 24 59 35 52 3 10 40 21 18 44 5 7 39 15 43 56 19 57 25 64 54 31 49 17 58 11 32 42 26 48 33 50 12 47 60 55 46 61 13 36 63 2 45 20 6
36 33 20 16 51 22 64 7 23 43 8 27 4 24 29 31 17 39 19 58 30 15 47 26 34 12 45 50 61 21 5 53 32 49 59 40 52 48 35 9 18 54 56 46 37 6 55 57 11 13 63 60 28 1 41 42 62 14 38 10 3 44 25 2
61 14 62 24 7 64 21 32 15 57 44 17 12 36 48 33 59 16 31 9 8 3 63 19 51 13 53 2 34 25 54 35 52 39 58 4 38 56 47 49 28 11 41 29 22 55 50 18 40 37 23 27 6 5 42 45 1 20 30 43 46 26 10 60
59 49 42 12 57 54 58 36 13 53 48 24 8 61 7 37 44 63 47 19 55 33 15 28 11 56 39 52 64 22 32 25 38 5 17 14 40 35 3 2 9 41 51 23 18 30 43 29 1 26 45 46 20 62 4 60 6 50 21 31 10 16 34 27
27 57 64 2 52 58 13 59 41 63 45 19 26 62 22 21 31 37 53 34 17 43 1 4 8 14 12 16 30 9 23 40 33 24 49 3 46 42 60 11 10 56 25 18 54 7 15 38 29 55 47 36 50 44 6 39 20 28 61 5 35 32 48 51
20 18 10 21 17 16 35 9 39 36 30 64 50 55 37 43 19 3 34 26 12 48 45 32 31 52 49 38 29 59 25 6 62 15 47 41 27 57 58 13 44 40 42 8 23 11 14 2 53 5 28 4 7 63 54 1 60 24 33 46 51 22 56 61
14 62 6 48 25 45 4 33 56 27 18 2 37 40 43 35 3 54 26 53 47 38 22 44 50 1 59 41 60 32 21 20 16 9 55 63 10 39 19 64 7 52 11 5 15 8 61 12 24 17 49 58 46 51 13 29 34 36 42 30 31 57 28 23
28 6 54 61 49 10 50 62 29 33 17 58 35 30 47 48 11 8 24 16 57 4 20 55 44 15 60 56 5 63 40 45 23 12 3 18 39 41 27 7 32 46 52 9 2 14 36 25 59 34 43 1 31 13 37 26 38 64 51 21 22 42 19 53
25 35 40 20 38 33 49 44 5 59 34 45 64 39 53 14 9 10 55 56 43 22 27 60 30 29 19 61 47 31 6 28 18 4 63 2 41 46 13 15 23 1 50 3 58 36 62 52 51 12 16 32 37 24 8 17 11 42 54 57 26 48 7 21
19 64 32 26 18 6 48 55 28 42 27 38 56 5 34 2 30 46 49 7 22 63 23 1 40 10 15 14 9 11 31 36 13 17 54 57 35 62 52 61 33 39 59 43 24 50 16 53 60 44 8 51 4 3 20 37 47 29 41 12 25 21 58 45
3 28 38 29 53 39 32 35 40 8 22 1 59 48 5 54 4 52 62 55 33 14 50 2 45 41 64 58 56 26 60 43 49 57 36 34 7 23 37 27 11 13 63 6 10 61 20 47 42 9 25 21 24 46 30 44 15 12 31 16 19 18 51 17
34 36 8 63 29 15 53 22 1 58 2 5 11 59 45 12 54 18 21 40 23 37 52 10 6 64 31 3 43 46 55 44 56 25 30 50 47 27 9 57 38 35 62 51 61 24 32 17 20 19 4 16 14 42 49 7 33 60 39 48 41 13 26 28
6 22 31 36 15 51 19 10 49 29 16 55 47 54 17 24 53 42 48 2 45 5 14 39 32 20 11 27 28 44 30 63 61 37 13 21 64 7 46 8 50 60 26 35 57 62 23 1 25 38 41 9 43 4 56 33 40 52 58 3 34 59 12 18
21 51 61 1 28 5 16 8 35 10 36 7 39 31 56 11 62 44 43 15 38 59 24 45 60 33 18 37 12 64 4 49 48 58 25 22 57 20 29 53 46 47 19 40 6 54 30 9 32 27 3 13 34 55 17 41 26 2 14 52 63 50 23 42
39 61 30 34 37 40 5 4 24 28 20 26 17 42 35 10 43 15 64 48 7 9 59 56 46 25 36 1 38 27 52 3 2 29 33 44 16 18 32 19 6 12 54 21 55 63 60 51 49 50 31 47 41 11 57 22 23 58 13 53 62 14 45 8
40 59 14 56 32 46 24 21 54 49 11 42 7 43 25 16 13 58 63 27 28 23 55 15 3 34 5 9 22 38 57 60 17 31 48 30 52 47 39 51 37 18 20 45 53 4 12 50 10 1 19 26 8 2 62 35 41 6 44 33 61 64 29 36
56 58 43 64 10 2 57 42 37 35 55 36 29 26 9 23 61 41 4 33 40 34 32 6 49 44 51 30 18 24 28 46 25 47 52 16 12 63 1 17 45 53 7 54 38 19 27 62 20 8 13 15 60 22 3 59 5 39 48 14 21 11 50 31
5 19 34 24 16 41 2 1 42 47 59 23 3 56 50 22 32 12 33 64 20 62 21 63 36 28 57 60 26 15 44 48 54 55 9 31 17 37 8 4 35 43 13 38 7 25 52 45 30 11 46 39 40 10 51 58 53 61 6 18 49 29 27 14
42 26 13 51 19 27 36 17 64 24 40 15 32 16 59 39 33 7 56 44 6 2 5 52 57 48 23 31 25 4 11 18 46 43 60 62 53 50 20 63 3 37 55 34 14 1 21 35 9 61 12 10 30 54 22 38 49 45 29 41 28 8 47 58
62 50 3 11 30 20 35 13 27 34 39 43 54 41 26 18 8 64 16 25 44 58 49 36 55 45 10 47 24 5 63 38 28 14 40 59 9 31 17 29 53 19 15 7 48 51 6 23 21 56 37 33 42 12 32 2 52 57 60 22 46 61 4 1
26 42 1 46 63 50 11 45 33 4 29 12 38 64 55 40 23 22 61 30 31 53 60 47 59 18 6 19 14 49 24 52 27 41 51 54 28 35 36 48 13 34 2 62 3 20 9 39 5 21 15 8 57 16 58 56 37 10 43 7 17 25 32 44
61 37 35 13 5 7 14 48 50 15 25 18 9 23 38 41 21 17 54 22 58 45 28 29 64 60 19 20 32 51 47 10 30 1 53 4 36 44 49 52 34 6 8 39 33 2 26 24 46 59 42 62 63 31 27 55 57 56 12 43 11 3 40 16
51 23 16 10 8 12 30 14 31 7 33 9 55 38 21 25 29 49 36 5 27 32 48 62 13 6 63 4 11 34 35 22 52 40 43 1 50 64 42 58 15 57 47 41 39 19 37 60 26 2 61 59 53 45 28 18 56 54 20 46 44 17 3 24
63 55 49 35 31 17 12 57 48 16 8 38 25 47 41 59 7 5 29 26 39 11 20 23 4 21 18 54 51 58 34 36 50 6 61 53 46 13 28 19 2 14 10 27 62 64 40 42 45 52 24 3 56 33 37 43 60 44 1 30 9 22 15 32
36 25 32 60 58 61 27 26 3 62 57 30 41 53 2 4 37 18 6 31 49 55 43 24 5 46 13 59 63 29 9 21 33 23 45 14 38 10 50 56 16 64 19 42 51 39 47 11 7 28 34 40 48 44 20 12 15 35 17 8 22 54 1 52
10 7 23 57 19 62 9 38 15 46 31 58 27 3 33 51 34 11 47 16 41 17 22 37 12 55 50 2 42 53 49 32 63 4 5 20 39 1 18 6 21 45 59 44 13 25 56 61 60 35 14 52 29 24 40 54 8 30 28 36 43 48 64 26
7 40 60 41 18 48 58 53 8 54 10 11 21 20 22 57 15 28 12 51 56 37 13 25 33 4 52 50 30 3 1 35 55 2 26 17 31 43 6 14 38 63 49 24 27 36 59 34 44 32 9 29 16 42 64 62 23 46 45 39 47 5 61 19
30 63 38 31 27 11 6 51 7 41 47 2 16 32 58 52 10 40 20 17 15 54 64 33 19 9 8 53 23 50 37 56 25 48 57 24 5 34 59 60 36 39 4 61 21 14 1 13 42 22 44 43 46 3 55 45 62 29 26 28 35 18 49 12
37 46 54 27 57 52 1 23 12 33 5 63 2 7 62 30 22 31 48 50 60 35 45 59 25 40 42 11 36 13 51 16 15 64 39 10 41 4 56 61 32 18 14 53 3 26 28 49 17 19 47 55 20 8 43 38 29 21 9 34 58 44 24 6
17 32 40 25 4 30 64 58 57 36 49 54 43 2 63 46 19 1 38 47 9 6 56 48 41 14 15 45 3 39 59 61 16 22 21 23 29 60 35 34 44 11 31 28 12 24 50 10 51 33 55 5 7 62 52 37 20 8 27 13 53 26 42 18
53 11 62 43 35 41 51 54 39 26 28 19 37 10 16 15 1 47 46 24 25 22 63 29 52 20 2 23 44 56 45 17 9 33 60 13 49 30 34 3 61 40 27 31 8 50 14 48 59 38 64 58 6 36 4 21 32 55 5 12 57 7 18 42
50 44 6 49 3 56 4 5 14 13 51 28 34 57 52 33 16 42 17 19 54 39 15 62 60 12 27 20 38 59 61 55 22 26 25 18 10 9 2 31 58 21 40 64 47 43 29 36 63 7 23 35 37 41 11 46 53 1 8 48 30 24 32 45
49 9 17 20 37 64 44 15 2 57 21 52 32 6 27 41 30 62 31 14 63 48 26 38 43 56 59 16 18 7 22 11 45 39 53 19 40 33 12 13 23 60 36 55 29 1 35 46 24 54 50 4 28 51 34 25 61 5 10 47 8 42 3 58
41 13 50 5 7 24 19 6 29 43 48 42 8 33 37 35 36 27 59 56 38 53 23 11 32 15 21 57 64 22 2 45 40 17 51 39 60 20 26 62 3 52 18 10 16 61 58 34 25 46 28 44 9 63 54 49 55 4 30 31 12 47 1 14
4 38 10 12 46 1 8 59 11 42 44 24 35 3 25 48 27 30 21 40 22 34 9 19 28 29 45 61 41 6 23 20 62 58 18 43 13 52 57 7 33 56 5 26 39 54 32 50 53 64 63 37 47 14 49 51 17 36 15 55 2 16 60 31
28 10 33 9 55 6 17 52 23 59 19 61 56 39 48 22 45 51 49 21 16 57 47 4 24 63 62 5 29 2 25 27 18 37 36 12 35 15 53 54 42 1 46 58 11 64 31 8 43 26 34 30 50 38 3 40 41 7 32 14 60 20 13 44
20 8 5 2 29 39 59 54 10 63 58 45 49 1 40 14 25 41 24 35 33 42 53 30 3 43 57 37 15 21 48 6 23 16 9 46 52 56 62 64 28 12 13 34 38 55 36 27 32 44 19 50 4 60 22 11 26 47 7 18 51 17 31 61
43 27 53 59 14 50 42 17 52 32 30 51 48 12 49 56 39 2 62 7 8 4 41 58 40 10 6 36 9 45 54 28 19 5 44 38 47 57 31 15 34 46 16 29 64 21 20 23 11 37 22 3 55 13 33 60 35 26 18 24 25 63 61 1
8 29 34 61 25 5 56 26 43 52 37 9 3 32 4 42 59 58 55 20 49 62 6 23 44 11 1 7 28 19 31 12 60 15 38 41 53 50 24 2 35 54 33 47 22 30 10 64 40 27 16 51 14 18 45 57 46 13 36 63 39 21 48 17
32 19 41 62 24 33 48 36 28 14 42 10 26 20 30 18 9 57 45 59 6 63 38 47 51 13 49 56 46 3 40 60 12 35 54 22 58 34 37 53 50 44 8 4 21 52 15 2 27 16 61 39 31 5 7 43 1 11 17 29 55 25 64 23
33 14 20 39 49 27 34 12 36 53 41 64 29 5 7 47 11 16 42 58 56 23 18 6 13 22 51 26 60 25 28 19 4 10 15 54 32 43 44 17 31 35 2 38 24 62 61 30 48 55 37 46 59 1 63 9 40 50 8 21 3 45 57 52
59 23 64 16 38 15 61 3 56 34 18 35 21 4 60 39 32 17 54 27 43 2 25 24 45 52 5 10 19 14 55 30 7 12 63 40 44 36 58 49 37 53 50 46 51 11 48 62 29 57 42 41 1 22 6 13 47 9 33 28 31 8 20 26
14 11 21 5 61 20 41 7 59 1 23 17 50 53 34 58 13 46 25 55 15 33 40 52 49 18 36 31 4 42 6 44 48 9 3 2 28 37 47 35 26 62 54 57 30 63 43 60 56 12 45 10 32 29 39 22 38 16 64 8 19 51 27 24
19 63 14 48 32 16 46 53 13 54 28 43 39 64 29 31 40 37 34 44 2 58 52 18 59 6 38 60 12 47 36 33 56 25 30 1 50 3 61 51 7 8 57 41 62 20 55 9 49 4 15 27 11 10 23 5 45 42 26 22 17 35 24 21
20 51 8 43 17 45 37 22 40 58 21 6 30 14 50 61 54 3 19 15 23 16 1 33 18 25 48 35 44 34 7 63 27 62 29 59 31 39 64 38 46 42 52 28 13 4 60 53 9 47 12 36 49 55 26 41 11 24 5 56 2 57 10 32
35 25 58 26 51 2 47 5 55 7 45 15 60 48 19 52 44 61 6 36 4 32 21 56 30 28 12 64 63 50 29 40 38 49 24 62 9 41 22 11 13 34 20 42 53 31 23 57 1 8 3 43 18 54 17 59 33 14 27 39 10 37 16 46
40 26 42 36 52 29 45 51 2 25 8 55 38 22 41 43 17 48 53 64 27 59 50 44 46 4 47 33 32 6 11 13 54 30 7 31 61 62 16 57 19 37 15 23 14 3 9 24 21 34 60 12 39 63 28 56 58 20 1 5 35 10 18 49
21 4 12 29 48 40 16 13 37 47 5 11 19 41 36 1 3 10 26 39 58 43 49 63 57 34 33 14 56 23 60 9 17 24 55 50 27 44 20 61 53 6 42 51 7 2 30 25 64 59 38 32 45 46 18 35 31 22 62 52 28 54 15 8
19 33 45 21 28 54 15 1 64 49 44 12 22 42 59 37 4 7 61 9 51 26 32 36 6 11 31 38 23 56 18 3 10 29 52 43 17 48 60 55 25 47 62 53 27 57 16 35 63 50 8 13 24 2 30 58 5 39 20 41 40 14 46 34
34 37 31 1 10 46 32 57 11 28 59 23 62 36 45 25 53 54 56 35 55 14 43 26 20 42 60 47 22 39 44 49 52 41 58 3 12 64 17 63 15 4 7 24 33 51 27 29 5 40 13 18 38 8 48 21 6 61 30 16 9 19 50 2
32 57 3 34 33 10 50 55 27 35 13 16 4 56 63 59 61 15 29 51 39 9 14 46 31 41 52 21 25 53 30 38 20 1 19 24 37 17 49 5 6 23 18 62 48 22 47 26 11 54 7 8 60 12 64 2 45 40 28 43 44 58 42 36
33 40 25 27 13 11 5 44 8 26 29 46 43 55 35 4 62 64 12 56 9 38 45 54 36 21 23 18 47 59 14 32 58 31 48 53 7 1 50 22 2 20 51 39 37 6 28 61 19 17 41 52 15 24 42 57 34 16 10 63 49 3 30 60
50 22 1 20 15 12 62 14 5 4 46 18 27 7 2 23 31 52 19 17 30 54 60 37 8 38 63 3 26 51 24 53 61 64 47 34 39 33 42 9 35 49 56 55 58 41 21 11 48 13 25 59 57 44 32 29 16 6 45 10 43 36 40 28
4 46 30 31 42 17 49 35 12 15 48 36 23 38 9 2 29 39 22 5 44 20 28 10 50 60 53 27 24 45 52 43 37 62 56 21 8 13 19 32 33 64 55 61 6 7 1 51 26 57 63 16 34 18 25 11 40 54 14 3 47 59 58 41
51 50 54 2 63 3 37 23 36 43 47 52 12 24 27 17 21 19 45 25 20 61 6 55 64 44 10 58 59 38 4 18 28 30 62 14 35 46 32 34 48 41 33 40 9 8 26 39 7 5 31 60 53 42 56 1 49 11 15 57 22 13 29 16
27 55 61 51 8 58 53 41 60 33 37 28 59 30 26 36 23 22 17 34 31 18 5 39 11 48 50 52 42 19 32 25 2 15 13 44 16 10 3 14 9 57 40 46 12 43 38 45 56 1 49 7 63 4 62 54 35 24 6 20 21 64 47 29
53 42 48 10 16 61 21 47 3 24 58 27 9 23 33 28 34 49 31 40 54 15 18 25 5 43 39 59 13 22 57 35 50 6 14 30 36 4 52 56 45 63 11 44 2 38 62 17 29 55 46 26 41 1 20 12 37 64 60 7 8 32 19 51
17 18 13 64 53 7 46 15 50 59 31 39 54 33 56 57 38 5 20 48 19 3 63 28 1 6 2 9 61 21 34 11 32 47 40 4 44 14 8 58 10 22 49 27 23 26 35 52 24 16 37 62 45 36 51 42 43 60 41 55 30 29 25 12
30 35 33 62 24 22 59 32 10 42 51 63 17 47 16 12 8 36 64 50 60 7 20 45 4 40 13 54 5 2 3 56 46 43 15 18 38 27 34 48 37 6 26 57 25 58 52 49 44 28 14 1 55 29 11 39 31 21 9 53 41 61 23 19
37 7 14 11 9 52 56 48 54 63 19 26 35 31 15 51 3 28 55 53 57 5 41 1 12 46 18 4 30 29 21 6 13 2 43 23 64 20 36 60 61 45 16 10 8 62 42 38 40 33 17 47 59 22 27 44 25 32 39 34 58 50 49 24
26 59 49 25 5 51 48 58 35 22 36 2 41 61 38 10 11 60 16 30 33 17 64 32 52 34 8 1 14 7 63 45 27 57 18 39 42 23 24 29 44 56 47 3 54 19 37 4 20 9 50 15 12 31 13 40 46 55 43 21 53 62 28 6
62 28 64 13 21 45 44 6 42 27 39 54 34 2 52 40 31 58 59 20 12 33 26 15 30 56 60 19 51 32 35 61 49 22 10 63 5 18 1 4 41 11 25 29 16 17 50 7 3 46 23 9 8 55 43 36 47 14 38 24 57 37 48 53
43 58 55 35 48 33 34 21 31 8 40 7 2 14 47 1 32 30 4 24 25 45 23 20 44 63 51 64 11 15 49 19 56 16 26 3 57 42 62 37 46 13 36 54 61 39 59 10 22 52 9 50 38 60 41 17 6 28 29 18 12 5 53 27
59 64 35 60 31 32 16 42 1 29 49 38 7 10 55 24 33 2 21 26 41 58 9 3 61 15 23 14 22 13 48 39 17 25 5 20 40 30 44 27 18 62 57 47 11 53 56 12 43 37 28 46 6 45 19 51 8 50 54 36 34 63 4 52
41 27 50 40 38 48 13 10 7 14 25 57 11 6 43 56 62 46 63 2 34 35 53 59 55 9 31 3 36 49 37 20 30 23 54 17 60 47 39 52 21 44 4 26 15 1 19 64 42 61 24 29 28 16 8 18 33 5 12 22 45 58 51 32
28 10 32 41 17 14 8 3 43 57 42 5 25 40 39 30 36 37 24 31 48 2 47 11 64 18 52 9 19 46 60 21 38 49 44 16 27 15 6 33 53 35 63 4 29 54 12 13 59 7 34 55 50 51 58 45 23 26 62 20 61 22 56 1
25 8 3 63 32 22 41 45 29 34 33 24 47 59 53 16 23 12 46 7 28 20 27 36 50 52 21 60 5 9 61 48 4 35 17 62 10 56 64 15 6 19 2 31 26 55 39 42 51 44 43 40 18 37 54 49 1 58 13 30 11 14 57 38
39 44 20 12 15 40 45 38 41 53 10 29 62 64 21 32 54 8 42 59 63 26 13 60 18 22 11 35 56 25 9 16 48 61 24 50 33 31 28 3 23 43 27 34 6 30 14 2 17 36 55 37 49 5 52 46 58 7 51 47 19 57 1 4
56 60 31 59 51 15 61 52 49 10 18 1 30 16 37 42 27 57 36 22 20 23 25 26 43 55 48 58 3 14 2 34 45 17 29 13 32 63 46 8 19 39 50 38 24 4 6 62 35 64 44 21 47 11 33 7 5 9 41 53 28 54 12 40
49 19 43 9 53 29 42 8 39 32 57 30 22 62 5 15 44 27 6 58 41 11 38 24 34 1 45 7 13 4 54 46 63 37 33 12 50 52 59 2 36 40 31 28 48 61 20 25 10 21 16 60 14 3 55 35 17 47 64 56 51 18 26 23
7 36 58 39 49 16 24 4 14 41 45 22 8 26 17 35 53 44 62 21 40 63 56 28 31 33 57 52 43 27 23 55 54 10 9 1 29 25 37 6 3 46 5 18 47 50 15 48 32 2 19 51 42 13 34 59 38 20 30 12 60 11 64 61
6 18 5 16 61 24 4 54 50 62 17 2 56 1 22 33 45 31 47 39 60 43 15 63 20 29 59 53 26 42 51 10 40 12 38 19 58 9 57 35 13 52 46 41 23 3 48 30 27 32 64 44 11 14 37 25 55 36 28 8 49 21 7 34
42 6 10 61 29 7 19 62 23 52 41 63 2 13 60 39 40 16 34 64 22 37 49 25 24 20 1 47 51 5 44 12 33 48 21 57 11 35 56 38 50 15 14 58 18 31 55 27 53 26 4 32 46 54 30 9 43 8 36 17 3 45 28 59
14 13 8 56 27 54 51 12 5 58 20 39 16 57 19 21 7 11 25 44 47 42 48 6 10 38 64 41 15 63 1 49 28 33 61 59 53 60 18 37 31 34 17 43 3 24 30 26 46 22 45 36 32 62 40 55 52 4 9 29 35 50 23 2
63 61 45 64 14 52 50 1 15 46 30 7 60 41 58 18 4 48 26 55 57 32 22 29 6 13 27 38 23 31 34 17 12 24 51 10 28 42 9 5 49 21 54 53 2 36 40 35 25 47 62 3 56 33 39 37 11 59 44 16 43 19 20 8
61 38 34 57 28 56 6 36 59 13 5 42 23 12 40 14 30 18 48 47 39 16 1 32 8 10 50 2 11 3 45 22 19 9 55 53 17 37 58 51 25 54 52 24 64 21 29 49 43 27 15 7 4 41 63 33 26 46 20 31 62 35 60 44
5 32 6 1 25 17 27 33 21 36 23 19 9 2 29 48 15 63 64 14 16 34 60 18 59 28 53 31 24 47 22 30 20 26 49 54 52 57 35 62 38 8 13 55 10 11 43 50 39 12 42 4 40 46 45 56 61 44 58 7 41 51 3 37
43 51 23 29 55 50 5 32 28 54 31 16 19 22 48 11 59 10 49 53 45 46 14 30 27 12 13 37 25 2 47 52 18 4 36 40 9 21 26 7 34 20 42 62 58 63 61 1 64 44 8 35 24 38 6 41 15 56 33 39 17 3 57 60
8 4 59 13 9 46 32 53 60 1 27 28 41 54 30 57 25 47 20 19 58 14 6 52 45 64 33 11 34 23 55 3 10 43 48 31 15 44 40 17 16 37 56 21 7 2 12 36 24 35 38 62 39 63 51 22 49 42 61 5 26 29 50 18
6 7 12 43 35 51 17 55 57 63 16 5 3 36 21 58 9 54 56 50 53 18 59 37 40 45 38 33 44 29 32 60 25 39 30 46 4 64 2 49 28 23 62 61 22 14 27 24 1 11 13 8 31 10 41 19 20 52 48 34 47 26 15 42
10 9 13 14 46 1 62 23 8 59 44 26 4 48 15 54 17 5 30 27 63 22 40 55 33 41 2 18 61 32 52 21 50 58 3 34 37 35 31 6 7 47 19 51 38 20 36 57 49 28 25 39 16 29 11 42 56 12 60 43 53 64 24 45
3 29 53 49 18 10 15 59 37 28 48 24 55 43 4 46 13 34 54 21 56 62 5 23 51 25 36 30 47 50 6 9 7 2 58 22 38 63 57 33 26 14 20 39 27 40 42 52 32 19 61 16 1 8 64 60 31 35 45 41 11 44 12 17
36 50 40 63 10 2 46 26 55 41 34 52 43 32 62 25 21 17 33 15 30 38 28 19 57 14 42 54 60 56 18 27 58 5 47 24 31 23 22 44 37 1 7 35 51 64 16 53 48 9 49 59 20 11 13 45 6 39 29 3 4 8 61 12
28 44 45 34 37 27 59 57 52 29 19 23 11 56 49 31 61 3 24 16 55 9 63 1 7 42 47 26 38 6 30 53 2 40 13 43 46 20 17 64 10 12 51 54 62 25 60 14 5 4 50 41 48 35 18 39 58 22 15 33 8 36 32 21
17 35 16 11 40 32 53 22 64 47 33 54 49 42 25 24 29 15 43 2 19 55 50 39 36 63 62 27 46 7 31 44 60 1 45 38 41 18 12 4 9 13 10 57 8 59 52 23 20 56 3 14 37 5 48 58 34 28 6 21 30 61 51 26
34 8 32 20 52 33 49 13 56 57 37 58 48 30 5 28 1 40 19 17 12 3 43 44 25 45 15 21 42 22 24 38 62 64 53 23 39 47 50 60 41 4 63 27 9 6 10 11 35 61 7 18 29 14 26 51 16 2 54 46 55 59 31 36
63 14 25 21 8 20 36 41 43 15 45 18 34 23 2 22 39 64 4 24 27 59 9 54 5 6 11 50 30 26 3 28 32 35 56 16 44 48 61 29 42 53 49 31 33 57 38 12 51 37 19 47 7 60 62 17 55 13 1 52 40 10 58 46
50 62 21 26 30 16 24 15 13 22 8 64 35 3 37 12 38 7 53 36 31 48 20 58 32 33 63 56 14 34 4 5 23 6 39 19 42 27 40 61 2 18 57 29 55 11 47 51 59 46 41 52 9 45 54 1 25 60 43 10 44 17 49 28
56 59 41 24 32 6 34 21 33 8 42 45 50 31 17 43 16 62 38 5 25 36 23 10 19 15 49 61 18 9 57 40 52 47 63 4 64 3 35 58 48 22 55 7 11 54 26 60 27 2 37 30 1 51 20 44 46 29 39 28 12 13 53 14
23 37 42 48 4 11 9 7 50 25 41 36 26 33 38 47 34 52 29 58 28 54 27 56 49 60 12 10 20 39 40 63 16 15 43 18 5 30 6 55 61 35 59 44 14 51 62 46 3 21 22 1 53 2 17 13 45 64 8 24 57 32 19 31
14 23 49 35 42 61 2 45 29 58 51 30 39 55 43 37 3 28 31 33 7 5 47 20 1 9 10 59 63 38 25 32 13 24 40 41 12 15 8 56 46 64 54 4 21 52 6 18 17 36 44 26 60 22 57 62 53 50 27 48 34 11 16 19
37 28 1 12 33 58 57 5 54 42 21 29 6 47 56 23 8 49 17 55 9 7 64 45 3 43 19 36 59 27 11 48 15 31 52 63 13 62 20 53 44 14 18 46 30 26 35 39 60 32 24 50 40 41 34 2 38 61 10 16 22 25 4 51
59 49 58 41 5 12 56 14 3 35 17 6 38 61 22 51 43 2 63 31 48 53 18 47 46 52 39 54 32 21 28 11 37 10 15 20 7 4 16 9 50 42 8 64 57 62 19 13 44 34 60 27 24 33 25 40 23 1 26 55 36 45 30 29
25 64 17 31 24 62 61 47 40 43 59 27 54 38 53 52 10 16 21 7 51 45 41 33 4 46 6 35 23 13 63 20 22 12 55 50 57 9 34 48 18 19 2 3 37 36 1 8 29 26 28 15 30 44 32 60 11 58 42 14 39 5 56 49
41 22 10 51 63 39 45 35 11 49 28 46 27 4 50 1 30 3 6 48 44 61 32 2 40 34 5 52 64 53 29 16 12 14 19 17 8 33 42 20 38 60 26 23 13 21 59 7 9 47 62 43 56 24 58 55 37 36 18 57 31 54 25 15
49 42 62 60 16 3 1 58 35 32 29 9 37 24 36 61 38 19 26 20 23 39 22 15 33 4 8 30 12 46 21 25 17 57 18 10 27 14 47 34 6 44 51 55 53 40 28 2 45 52 43 13 11 31 56 54 5 59 7 48 63 50 64 41
3 27 61 46 21 5 64 33 41 26 57 55 29 7 47 35 45 39 22 14 2 4 53 17 6 44 18 19 11 63 36 43 49 58 51 12 31 13 60 32 34 8 52 62 25 20 37 42 56 50 16 40 15 54 23 59 1 10 38 30 9 24 48 28
53 10 30 40 13 24 8 6 7 36 23 57 17 20 39 4 35 12 48 59 16 15 28 11 27 22 33 64 5 42 51 18 19 26 60 21 38 31 56 3 49 52 62 34 54 41 58 29 25 1 9 55 50 46 45 43 61 32 14 63 2 37 47 44
8 36 64 16 7 30 35 44 10 27 13 38 32 53 40 2 11 41 34 22 6 63 26 4 59 18 57 5 51 3 45 19 60 23 62 39 49 52 58 15 25 56 20 9 12 14 55 50 42 54 31 29 48 1 28 33 43 24 17 47 61 21 46 37
61 25 60 2 48 40 13 51 27 10 49 11 59 5 9 21 32 44 46 64 38 19 52 20 8 29 50 57 24 14 17 34 55 62 26 22 16 56 28 63 3 54 15 47 39 18 30 4 1 7 23 33 42 36 43 37 41 6 12 31 58 35 45 53
26 33 43 36 17 14 48 54 31 52 46 19 12 41 55 59 22 51 42 39 15 6 38 23 28 21 27 37 60 49 7 56 58 16 44 40 47 25 13 8 53 1 4 24 61 2 50 9 11 64 63 10 20 62 30 29 35 57 5 18 45 3 34 32
42 55 50 62 25 45 44 48 14 53 30 24 7 23 19 17 59 34 47 51 43 38 56 46 11 28 39 9 29 31 2 6 54 41 58 57 35 1 37 52 15 49 36 10 26 63 40 61 22 16 64 12 32 3 4 18 33 5 60 13 21 20 27 8
62 63 8 57 28 39 41 36 49 46 40 51 23 53 58 32 37 1 59 26 54 17 45 48 50 56 60 4 43 15 34 33 61 55 5 2 30 10 52 22 11 6 27 42 29 25 14 35 64 38 47 9 16 13 7 12 31 21 20 3 19 44 18 24
7 26 34 64 3 20 37 59 42 28 58 22 47 48 52 33 4 61 62 50 45 57 23 56 24 10 15 38 19 51 60 30 46 9 54 1 13 17 49 2 16 21 14 41 53 43 32 36 40 35 55 5 31 18 27 11 8 44 39 12 63 25 29 6
25 11 6 41 31 2 15 42 12 14 10 39 32 59 45 52 54 17 64 47 33 55 18 30 51 40 48 20 38 58 23 56 63 61 53 62 36 50 44 27 21 43 5 8 3 24 28 9 7 22 34 46 4 37 19 35 29 26 13 57 49 16 1 60
52 57 6 20 29 51 21 1 49 62 47 28 30 42 7 25 13 8 56 2 34 53 32 15 12 14 31 36 46 5 3 39 40 33 44 54 58 37 9 35 19 11 50 43 38 22 59 23 10 27 45 18 24 4 63 26 17 60 48 41 55 64 16 61
27 58 31 29 30 32 47 53 37 4 22 24 48 41 25 40 3 10 54 34 39 7 6 28 43 55 36 59 38 45 44 52 20 17 9 46 12 60 2 11 35 18 63 51 21 50 23 14 26 33 64 13 15 16 42 5 57 8 1 56 62 19 61 49
36 23 5 10 18 56 50 4 48 34 20 6 38 32 52 17 33 28 55 35 44 14 47 3 57 11 21 2 61 19 30 9 15 43 49 31 41 25 8 54 16 13 42 45 24 64 29 1 39 59 63 37 40 12 27 58 26 46 62 53 22 7 60 51
23 19 55 9 51 50 37 52 39 16 28 12 49 7 26 48 25 18 17 27 30 22 1 33 45 40 42 21 34 13 24 36 38 29 58 3 35 41 20 32 31 6 14 10 15 2 61 60 11 5 47 44 43 8 64 62 53 57 54 46 4 63 56 59
51 50 25 63 14 27 42 36 52 24 10 15 19 56 30 11 31 54 43 44 34 2 21 46 20 12 53 38 22 4 5 28 9 16 17 23 47 18 13 33 48 40 8 41 26 7 1 61 64 32 60 59 37 3 55 57 6 39 58 29 35 62 49 45
28 6 32 39 35 5 27 17 15 54 21 22 41 24 16 14 19 11 49 34 8 33 50 18 12 20 23 58 47 56 29 48 25 40 10 44 7 9 36 52 45 1 31 4 13 59 42 64 53 38 55 62 30 63 57 2 37 26 43 3 60 61 51 46
10 11 33 27 8 54 46 57 42 13 39 18 29 6 34 16 23 51 20 26 9 3 15 17 60 55 5 31 25 2 14 12 28 4 38 59 40 1 22 48 44 63 36 53 47 19 21 7 24 64 43 30 32 62 37 49 35 56 61 52 45 58 50 41
30 49 40 35 17 12 16 59 11 46 18 19 39 22 43 31 29 47 36 51 15 37 24 6 10 14 8 27 26 25 28 13 23 5 3 1 33 63 32 2 53 4 7 54 62 64 56 34 21 44 61 50 20 60 48 9 58 52 45 55 41 57 42 38
35 29 20 25 42 45 41 26 28 24 5 16 17 30 7 10 8 27 12 31 60 48 14 32 11 43 6 53 3 21 2 22 13 1 15 54 61 23 18 57 37 62 4 46 64 58 40 38 63 36 50 9 49 44 52 56 47 55 33 39 51 59 34 19
7 44 23 31 27 17 2 12 14 35 16 63 8 40 19 59 4 15 30 24 54 5 41 47 13 9 10 1 28 45 18 3 37 25 36 43 11 42 49 22 58 57 56 64 6 53 20 62 48 61 38 52 60 55 39 46 29 50 26 33 34 51 32 21
26 55 17 12 10 22 21 15 29 49 27 7 43 4 35 23 53 34 16 25 58 57 5 44 3 63 1 33 20 19 11 6 18 61 54 62 60 37 59 8 50 64 13 24 2 38 52 39 9 56 14 41 46 42 32 45 31 47 51 28 40 48 30 36
42 19 34 60 24 41 51 22 12 16 25 23 7 3 48 30 27 2 21 47 4 17 20 58 28 13 45 9 59 15 1 10 56 55 63 14 50 57 62 64 11 37 54 26 61 43 6 53 46 35 49 5 18 38 33 29 52 40 44 8 39 36 31 32
14 57 8 51 5 58 48 3 54 7 47 35 27 12 26 37 15 60 31 30 23 11 25 1 45 21 59 4 32 6 55 38 61 2 56 13 52 10 64 62 33 53 50 18 9 63 16 49 19 22 46 43 39 24 40 41 17 20 42 36 28 44 29 34
39 38 35 5 52 15 44 23 3 53 34 30 6 43 4 46 22 40 62 33 7 18 13 24 1 25 27 37 63 59 9 61 54 49 57 2 64 48 19 56 41 12 10 42 58 55 50 17 60 11 45 16 47 31 51 21 32 14 8 20 36 29 28 26
6 26 5 48 40 10 19 42 43 14 36 2 37 16 50 32 54 1 47 7 33 38 9 59 25 56 64 61 15 27 21 55 58 31 52 63 8 62 3 53 23 46 49 45 57 39 60 24 20 13 17 51 4 41 18 35 11 44 28 34 30 22 12 29
20 61 43 64 21 46 57 54 59 4 48 58 12 38 29 33 44 36 25 16 56 62 40 55 52 1 19 14 60 47 63 32 10 9 13 53 17 50 24 11 26 45 5 23 51 6 41 2 22 28 15 3 34 37 30 39 49 35 7 18 31 42 27 8
63 32 50 36 37 3 49 13 40 34 46 51 56 1 62 39 59 22 64 55 45 9 38 54 61 10 2 23 42 58 31 11 7 41 5 17 57 4 53 60 21 15 27 8 16 52 48 47 43 19 44 12 29 35 6 26 33 28 30 24 25 20 18 14
59 51 3 62 33 14 4 38 23 32 40 1 54 2 55 58 21 61 24 9 43 6 56 29 34 42 63 50 41 53 7 60 45 64 48 57 46 17 52 20 15 49 47 28 37 30 39 10 44 16 12 35 31 18 13 25 8 5 36 22 11 19 26 27
53 60 14 56 19 62 6 8 1 43 51 54 3 26 49 18 61 48 33 35 55 34 59 63 31 64 13 11 30 23 22 45 2 57 47 20 42 39 37 44 9 41 46 58 27 50 38 52 40 5 4 32 28 12 25 36 15 21 29 17 10 16 7 24
4 28 49 34 7 48 47 55 64 1 59 29 60 54 58 41 37 63 6 15 57 43 45 2 51 52 38 26 56 50 61 53 62 33 39 40 44 36 46 9 35 20 17 3 8 31 19 30 32 12 24 10 11 13 23 22 5 42 27 16 21 14 25 18
37 46 1 49 55 29 59 32 31 54 30 57 47 61 60 36 43 64 63 21 20 58 53 52 41 11 62 56 19 38 6 17 50 48 45 24 39 34 44 51 28 23 16 40 10 3 35 13 7 27 42 14 9 33 8 18 25 22 5 12 2 26 4 15
43 35 45 1 49 52 53 62 2 42 58 61 59 55 63 28 36 57 54 56 51 40 64 39 24 60 47 41 44 31 34 33 48 37 30 50 32 46 9 14 13 11 18 6 23 25 15 27 29 4 8 26 16 22 20 12 38 7 10 21 19 5 3 17
41 63 58 61 13 64 50 48 56 62 55 42 25 57 53 54 1 49 59 19 22 32 60 45 44 28 52 18 36 51 47 27 33 30 40 38 10 20 31 35 46 43 2 39 29 24 37 8 17 9 34 21 6 16 7 5 26 4 15 14 3 11 23 12
5 58 59 57 63 61 62 1 60 52 31 64 55 36 56 42 39 37 45 53 40 16 43 23 50 48 51 47 29 49 54 46 30 24 21 41 28 44 2 27 19 34 25 38 22 17 32 35 26 33 3 15 14 10 4 11 20 12 18 7 9 8 13 6
62 33 53 59 61 1 56 41 55 58 57 52 16 47 45 51 40 31 42 50 48 46 63 37 64 38 49 60 43 5 25 44 32 39 24 34 29 15 26 54 36 21 11 35 30 22 14 18 10 17 28 27 12 4 19 7 23 9 6 13 8 3 20 2
