0.18923065188773397 0.12352019852839931 0.10800049515524686 0.09094394049175046 0.06490322841294112 0.054899506423585404 0.04594279251654467 0.057289708720382 0.05336255885064278 0.04248256211439429 0.03866284200942207 0.02852713022573744 0.024759118114672452 0.023820972915260037 0.016072071123694933 0.012976337632619565 0.01008126808343847 0.005875563307223868 0.005717377227731322 0.0029316762585789888
7 5 2 1 3 6 4
2 1 7 3 6 4 5
5 2 1 4 7 3 6
3 4 5 6 1 7 2
1 6 4 7 2 5 3
4 3 6 2 5 1 7
6 7 3 5 4 2 1
7 3 1 4 6 5 2
7 4 5 3 2 1 6
4 1 2 5 3 6 7
5 7 4 3 1 2 6
1 2 3 4 6 7 5
7 1 4 6 5 3 2
2 6 7 4 1 5 3
4 2 6 1 3 7 5
2 4 1 3 7 6 5
1 2 7 5 6 3 4
1 3 2 7 5 4 6
6 7 3 1 2 4 5
4 5 1 7 6 2 3
