0.33671346989550666 0.12599222675104768 0.07645699660550338 0.07632564385150714 0.02721617309911601 0.08058879143469065 0.054643116125417335 0.020623713530195525 0.04781981290598287 0.0478430087088126 0.022930414976681666 0.02146118338385768 0.019002877787314305 0.02927306705644139 0.006770269358356762 0.0063392345295684
6 1 7 5 2 4 3
7 4 2 3 5 1 6
4 7 1 6 5 2 3
5 3 2 7 1 6 4
1 5 6 4 3 7 2
7 6 1 3 5 4 2
1 6 7 4 5 2 3
7 5 2 1 3 4 6
7 4 6 1 5 2 3
1 3 2 6 5 7 4
5 7 1 4 2 6 3
7 4 1 5 3 2 6
6 1 2 7 5 4 3
7 5 2 3 1 4 6
1 4 7 3 5 6 2
5 7 2 1 3 4 0
