22657 14866 11630 11630 8219 6006 5864 3644 3120 3120 2213 1504 980 992 907 709 709 283 198 183 116 82 73 85 56 37 34 22 18 15 8 6 4 3 2 2 1 1 1
1 10 6 5 9 2 8 11 7 4 3
11 6 5 3 4 10 1 8 9 2 7
11 1 3 5 10 4 9 2 7 6 8
11 4 1 9 3 10 6 2 8 5 7
3 9 6 1 7 11 5 10 2 4 8
7 5 11 10 4 6 8 3 9 2 1
4 9 11 3 10 1 5 8 2 7 6
3 9 10 8 11 4 6 5 2 1 7
6 8 3 5 10 11 9 1 4 2 7
11 5 6 10 8 2 7 3 9 4 1
4 3 1 9 11 6 8 10 7 5 2
3 8 10 5 7 11 9 2 4 6 1
11 4 3 8 10 2 6 5 9 1 7
7 4 10 3 11 8 6 5 9 1 2
4 8 1 5 3 6 9 11 2 10 7
7 2 3 4 10 11 5 8 9 6 1
11 3 10 1 7 4 8 2 6 5 9
7 3 11 4 10 2 6 8 9 5 1
3 8 6 1 10 11 9 5 2 4 7
3 2 10 5 11 4 6 8 9 1 7
7 4 1 5 3 2 8 11 6 10 9
4 2 11 3 10 1 8 5 6 7 9
7 8 11 3 10 2 9 5 6 4 1
3 4 6 10 8 11 7 1 2 5 9
4 2 10 3 7 8 5 11 6 1 9
6 8 3 4 11 1 9 5 2 10 7
11 2 5 4 3 8 1 10 6 7 9
6 4 5 3 11 2 1 8 9 10 7
6 8 11 4 3 2 5 10 9 7 1
11 2 3 5 10 1 6 8 9 4 7
3 4 6 5 10 11 9 8 2 1 7
11 4 10 5 3 2 9 8 6 7 1
6 4 11 3 10 1 9 8 2 5 7
6 8 3 5 11 2 1 10 9 4 7
4 2 10 3 11 1 9 8 6 5 7
4 8 5 3 10 2 9 11 6 7 1
3 2 10 5 11 1 9 8 6 4 7
3 8 5 4 10 2 9 11 6 1 7
6 8 11 5 3 1 9 10 2 4 7
