9926 9926 7784 6565 6423 6280 6006 6247 5220 4487 3760 3118 2609 2906 1999 1685 1776 1686 1351 1438 904 933 981 641 747 663 560 487 377 274 315 222 206 189 161 131 128 121 94 99 80 70 61 51 46 40 31 33 27 22 13 14 13 10 10 8 6 6 5 5 4 3 3 2 2 2 1 1 1 1 1 1 1 1
7 4 13 3 2 6 10 1 8 9 11 12 5
4 8 7 2 13 3 6 10 9 12 5 11 1
13 10 1 9 11 2 4 5 3 6 12 7 8
2 1 6 10 7 8 12 9 5 11 13 3 4
12 7 5 13 4 1 9 3 11 8 6 10 2
5 11 4 1 10 9 3 6 12 2 7 8 13
11 2 3 12 8 10 7 4 1 13 9 6 5
10 3 9 6 11 4 2 12 13 1 8 5 7
1 6 12 7 5 13 8 11 2 10 4 9 3
9 5 2 4 3 12 11 13 8 7 10 1 6
7 13 8 5 6 9 1 2 10 3 11 4 12
6 12 10 8 1 5 3 7 4 11 2 13 9
8 9 11 2 12 7 13 1 6 5 3 4 10
3 12 13 10 1 2 9 8 11 6 5 7 4
8 13 1 12 9 11 10 7 5 4 6 2 3
4 9 6 8 13 12 5 2 7 1 3 11 10
2 5 8 6 4 7 1 9 12 3 13 10 11
4 6 7 9 3 10 12 11 5 2 1 13 8
13 11 5 1 12 6 10 8 7 4 9 3 2
6 2 11 4 9 5 8 13 3 7 12 1 10
2 1 4 11 6 8 5 3 12 13 10 7 9
5 3 10 7 8 1 13 12 4 11 2 9 6
12 9 3 13 5 11 7 4 6 2 8 10 1
7 4 2 5 1 10 11 3 9 8 6 13 12
7 3 12 11 10 8 9 6 1 13 4 2 5
8 12 3 9 2 13 1 7 11 10 5 6 4
9 11 2 4 13 10 12 5 3 1 7 8 6
12 1 13 8 6 7 4 2 10 5 3 11 9
2 13 10 1 4 6 11 5 9 8 7 3 12
13 2 4 5 8 1 6 12 7 3 10 9 11
8 13 7 1 12 11 10 9 6 4 5 3 2
2 4 10 7 3 12 13 6 1 11 8 5 9
9 6 4 2 11 1 8 7 10 3 12 13 5
5 4 13 12 10 8 2 3 7 11 9 1 6
13 9 2 4 3 7 5 10 11 12 6 8 1
4 1 11 5 6 12 10 2 3 8 13 9 7
6 12 13 9 5 11 8 7 3 1 2 4 10
10 1 4 13 3 9 6 2 5 7 8 12 11
13 5 10 7 11 1 12 8 9 2 4 6 3
5 9 11 12 8 6 13 3 2 10 1 7 4
7 13 9 1 10 11 4 12 5 3 6 2 8
9 8 2 3 4 7 5 10 11 6 13 1 12
2 3 8 7 12 1 9 6 10 4 5 13 11
12 6 3 8 13 2 4 5 9 1 10 11 7
6 11 8 10 5 9 2 4 7 13 12 3 1
13 12 7 8 6 5 11 9 1 3 4 10 2
9 3 4 11 13 6 1 12 7 8 2 5 10
4 8 10 13 2 12 11 6 3 7 9 1 5
12 11 3 9 6 4 1 2 10 5 13 7 8
2 5 13 3 4 9 12 8 1 6 10 11 7
6 4 9 1 12 8 2 7 11 10 5 13 3
7 12 8 5 10 11 13 3 9 2 1 6 4
9 1 10 4 12 7 6 13 3 8 2 5 11
4 13 7 3 10 6 5 8 9 11 12 2 1
12 4 11 5 2 1 9 7 3 10 6 13 8
13 3 2 11 12 8 4 5 7 6 9 10 1
7 6 9 1 3 2 12 5 11 13 4 8 10
6 9 8 10 4 12 13 2 1 11 5 7 3
10 8 4 7 5 6 12 3 9 13 1 11 2
9 6 7 8 12 1 4 13 3 2 5 11 10
12 5 3 1 6 7 9 4 10 11 8 13 2
13 11 9 3 5 2 6 10 7 8 12 1 4
4 13 10 11 3 6 5 9 2 8 12 7 1
9 3 11 12 6 8 10 7 1 13 2 5 4
2 1 13 4 5 7 12 6 11 10 9 8 3
8 13 11 7 3 12 10 5 9 2 6 1 4
7 11 8 9 5 4 12 2 1 13 10 6 3
6 9 7 13 8 4 11 12 2 3 10 5 1
7 8 9 10 12 2 5 6 3 11 1 13 4
13 5 9 3 2 8 12 4 7 11 6 10 1
4 3 13 11 8 12 9 2 1 6 5 7 10
9 1 8 12 5 4 11 7 10 3 13 6 2
12 9 3 8 4 6 1 5 11 13 10 2 7
8 11 4 1 12 7 6 13 9 10 2 5 3
