25286 25815 24576 25020 24182 23030 23315 23257 22787 22726 22157 21676 22005 21825 20706 19897 20409 20236 20019 20526 19701 19719 19677 18706 18909 18877 18443 18543 18283 17583 17719 17255 17544 17021 16794 16223 16410 15794 15438 14866 14515 13121 13708 13395 13416 11794 9983 4128 2766 3151 3393 2978 2932 2621 2644 2494 2744 2441 2234 2374 2303 2244 2156 2040 2128 1995 1962 1848 1875 1777 1841 1759 1572 1498 1605 1561 1478 1470 1484 1467 1392 1348 1311 1227 1200 1052 1113 977 1030 985 905 927 859 789 638 665 603 560 547 512 542 516 483 485 470 442 421 415 422 395 383 365 360 362 352 345 326 293 297 292 284 264 268 264 253 234 236 217 213 212 195 190 199 175 178 169 158 129 132 132 117 105 119 110 103 97 94 95 89 87 80 83 78 78 74 69 71 67 65 65 58 58 58 58 53 50 52 51 50 47 48 43 40 38 39 37 36 36 32 33 32 27 29 27 24 25 22 21 21 18 20 18 18 17 16 17 16 14 15 14 14 13 13 13 12 12 11 11 11 10 10 9 9 9 8 8 8 7 7 6 7 6 6 6 6 5 5 5 5 5 4 4 4 4 4 4 4 3 3 3 3 3 3 3 3 2 2 2 2 2 2 2 2 2 2 2 2 2 2 1 1 1 1 1 1 1 1 1 1 1 1 1 1 1 1 1 1 1 1 1 1 1 1 1 1 1 1 1 1 1
38 44 12 36 7 30 28 45 14 47 19 16 1 4 32 48 26 29 22 42 31 18 40 24 35 13 5 33 39 15 46 17 20 34 3 11 2 27 21 43 41 23 10 6 25 9 37 8
34 1 24 7 2 32 30 8 46 16 42 13 11 37 25 31 3 14 38 22 6 12 43 28 26 18 35 19 36 45 47 48 17 15 23 44 41 29 27 20 4 5 21 9 33 39 40 10
16 48 2 24 27 1 43 37 31 19 35 7 46 40 47 23 39 33 14 45 15 10 30 29 38 9 25 12 34 36 22 11 13 21 5 28 42 3 8 32 18 17 20 26 41 4 6 44
2 11 17 1 19 40 10 48 38 3 47 36 33 13 43 27 9 23 12 46 44 34 18 30 42 21 45 29 20 28 14 35 37 6 7 22 39 31 41 25 8 26 5 4 15 16 24 32
21 45 27 47 20 48 24 9 12 10 4 22 23 17 18 33 34 46 5 35 13 3 19 40 16 26 15 28 6 11 7 25 30 42 14 36 32 39 31 29 1 41 38 37 2 44 8 43
32 30 11 45 18 16 4 35 25 39 10 12 14 23 28 20 41 21 17 48 34 46 47 3 15 24 26 8 19 38 29 13 5 43 22 6 31 36 7 9 27 44 42 33 40 1 2 37
43 27 15 16 45 21 41 11 36 4 5 32 7 29 12 13 28 22 3 31 40 23 1 25 6 39 33 42 10 44 9 14 34 37 35 26 48 8 19 30 38 2 47 46 20 17 18 24
6 24 43 38 39 18 27 34 8 42 9 17 32 1 7 2 44 16 19 20 22 5 45 37 47 36 23 35 12 46 4 31 21 28 40 33 11 13 25 48 29 30 15 10 14 3 26 41
47 38 1 33 21 15 35 20 10 5 28 46 27 44 22 37 31 42 6 13 17 24 23 41 34 25 40 45 8 12 39 9 7 29 16 48 18 4 3 36 14 19 43 32 11 26 30 2
4 14 28 25 22 37 16 13 15 20 39 1 19 30 9 36 32 5 24 3 12 42 31 44 18 35 43 11 41 23 34 46 27 26 17 45 8 47 6 40 10 38 33 2 7 29 48 21
11 10 22 31 38 2 18 4 47 36 12 27 20 19 29 43 8 13 40 7 37 45 48 26 17 5 3 1 14 30 42 44 15 32 33 39 28 23 34 6 24 16 9 35 21 41 25 46
8 2 34 20 46 9 45 36 39 14 25 37 42 21 19 32 23 15 28 5 47 35 26 4 30 6 10 41 27 7 11 12 33 38 31 1 43 44 13 16 40 29 48 17 24 18 3 22
14 42 9 13 29 25 38 1 27 30 3 40 12 39 6 10 24 2 47 41 21 33 32 20 23 7 4 26 43 19 44 45 35 8 48 5 17 16 28 31 22 37 46 15 18 34 11 36
30 26 4 46 3 36 20 41 17 45 8 9 43 16 10 5 25 35 13 21 38 37 11 33 19 14 1 24 44 6 18 42 2 31 47 23 40 32 15 12 28 22 39 34 48 7 27 29
48 40 35 27 10 45 21 43 34 23 24 4 8 31 38 26 15 36 20 9 7 13 17 22 29 42 6 44 25 32 28 39 46 2 12 16 33 37 18 41 19 1 11 5 47 30 14 3
9 6 5 44 15 38 14 17 11 41 23 30 31 28 36 39 22 18 4 10 25 2 8 45 46 27 16 21 24 26 19 33 1 48 29 12 47 7 32 34 42 3 37 40 35 20 43 13
46 12 48 32 24 28 13 10 41 22 33 3 29 45 40 11 6 20 7 15 42 26 44 2 21 16 34 36 9 39 35 27 19 25 8 31 14 1 4 18 17 47 30 43 37 5 23 38
20 47 16 37 42 23 2 19 43 25 29 11 18 10 4 40 7 24 41 34 1 30 3 8 39 45 21 6 5 31 15 22 48 44 28 9 13 12 26 38 33 35 36 14 27 46 32 17
18 13 39 28 44 35 33 2 3 43 11 5 22 46 1 15 38 26 9 32 36 40 7 27 8 47 20 31 17 4 16 34 6 12 45 24 37 48 29 10 23 14 25 21 30 19 41 42
44 19 42 5 17 11 37 12 32 27 45 29 3 15 20 1 36 47 35 25 14 43 10 7 31 28 22 48 16 9 24 6 26 4 41 38 21 18 23 2 46 33 34 39 8 40 13 30
35 17 36 48 40 8 5 29 16 21 46 38 47 32 41 19 30 11 37 12 28 31 9 15 25 1 18 14 45 42 43 23 44 3 13 4 20 26 22 33 34 27 7 24 6 2 10 39
36 16 20 34 6 44 7 24 4 2 48 47 30 8 42 38 21 27 1 40 29 32 28 12 45 31 19 22 13 10 3 26 23 9 43 17 35 14 33 37 5 15 18 41 46 11 39 25
37 8 47 2 31 46 39 14 9 17 1 24 41 6 35 22 29 34 44 4 11 38 15 23 28 40 36 3 48 21 5 30 16 19 42 20 25 10 12 26 45 18 27 13 43 32 7 33
5 23 37 41 43 14 22 28 40 7 26 25 17 12 46 29 4 9 21 19 16 48 20 32 3 10 30 34 11 2 27 18 8 33 24 13 45 35 47 39 36 31 1 44 38 15 42 6
24 32 10 14 48 13 15 42 23 44 27 19 25 11 26 34 46 17 33 36 4 29 21 6 7 30 2 43 22 18 40 38 9 16 39 37 5 41 20 8 3 45 31 1 12 35 47 28
45 25 46 4 28 39 6 3 2 37 22 23 34 41 14 8 40 1 16 43 48 47 33 19 24 32 44 18 29 35 12 36 38 11 21 15 7 5 10 13 30 9 26 27 17 42 31 20
31 15 8 26 5 29 34 18 21 24 16 20 45 35 13 9 47 10 2 37 19 41 27 11 44 4 42 30 23 43 36 7 40 17 25 3 38 46 39 28 6 32 12 48 22 33 1 14
23 46 32 19 30 24 29 44 20 40 37 31 13 25 33 28 43 41 42 18 26 11 14 10 27 48 47 39 3 22 6 4 45 1 2 35 9 34 36 17 21 7 16 8 5 12 38 15
25 43 13 30 8 19 44 33 6 35 41 28 10 26 15 18 14 37 48 1 39 9 38 42 22 23 31 47 4 17 2 29 12 45 32 21 16 20 40 27 7 46 24 3 34 36 5 11
33 39 7 3 11 43 1 22 42 46 13 44 15 24 30 21 27 32 29 26 20 16 5 47 37 19 28 2 18 25 31 8 4 41 9 14 10 17 38 45 35 36 40 12 23 6 34 48
29 20 31 18 32 47 3 38 22 8 30 43 24 14 17 6 11 4 39 23 35 21 36 48 5 33 9 46 7 37 26 40 28 10 34 19 1 15 2 42 13 12 41 45 25 27 44 16
27 9 6 15 47 7 17 5 30 28 40 21 37 2 16 41 13 45 34 44 10 14 35 18 12 43 38 32 1 48 8 3 11 23 46 29 4 33 42 24 39 20 19 22 26 25 36 31
1 41 40 10 26 12 25 21 48 29 2 33 6 9 5 46 35 44 23 8 43 15 34 39 13 3 24 4 42 14 38 47 22 36 20 27 30 19 37 7 32 11 28 16 31 45 17 18
41 29 25 8 4 22 23 40 19 12 15 34 39 38 37 44 10 43 31 28 2 36 46 9 11 17 27 16 33 3 21 5 24 30 18 32 6 42 48 14 20 13 35 7 1 47 45 26
28 7 33 11 9 26 40 47 35 18 38 6 21 48 23 24 16 19 15 17 32 44 39 5 2 12 46 13 31 8 30 20 42 27 1 41 22 25 14 3 43 34 45 36 10 37 29 4
10 18 14 35 36 34 48 31 24 13 6 8 16 5 39 30 33 3 26 11 27 25 37 1 9 22 29 15 2 47 20 43 41 46 38 7 44 45 17 4 12 21 32 23 42 28 19 40
19 36 44 6 41 20 32 30 26 48 17 35 38 33 45 3 12 39 27 2 5 28 42 16 4 8 14 10 21 40 13 15 25 7 37 18 34 43 46 47 9 24 23 11 29 31 22 1
15 3 26 21 1 6 12 32 44 33 14 18 48 34 11 35 2 8 36 29 9 22 4 17 20 38 37 7 46 41 45 24 10 40 30 42 27 28 5 19 25 43 13 31 39 23 16 47
12 5 45 40 33 17 26 15 1 31 43 2 9 20 3 47 42 30 10 24 46 7 22 36 41 44 13 37 35 27 23 28 32 14 19 25 29 38 11 21 48 39 6 18 16 8 4 34
39 4 21 12 34 27 11 6 29 38 44 48 5 43 2 42 19 31 30 16 24 20 13 46 36 41 8 17 26 33 32 37 18 35 10 47 23 9 45 1 15 40 22 25 3 14 28 7
22 28 41 39 35 4 31 46 37 32 36 42 44 7 21 17 18 38 25 47 45 6 12 34 14 15 48 5 40 16 1 2 29 13 26 8 19 30 24 23 11 10 3 20 9 43 33 27
13 35 23 29 12 41 9 16 5 1 18 26 28 42 48 45 20 7 43 6 3 27 2 21 40 11 17 25 37 34 33 10 31 39 4 30 36 22 44 46 47 8 14 38 32 24 15 19
17 37 30 42 16 5 47 27 18 6 34 14 35 3 31 12 1 25 8 33 41 39 29 38 43 2 7 23 32 20 10 21 36 22 44 40 15 24 9 11 26 48 4 19 28 13 46 45
7 31 18 22 23 10 42 25 33 11 32 39 36 27 34 14 17 40 46 38 30 8 16 13 1 37 41 20 47 29 48 19 3 24 15 43 26 6 35 5 44 4 2 28 45 21 12 9
42 34 3 23 37 31 8 7 13 26 21 15 2 22 24 4 45 28 32 27 18 19 25 14 33 20 12 38 30 5 41 1 39 47 11 10 46 40 43 44 16 6 17 29 36 48 9 35
40 21 19 43 13 33 46 39 45 9 31 10 26 47 8 7 48 6 18 30 23 17 24 35 32 29 11 27 15 1 25 41 14 5 36 34 3 2 16 22 37 28 44 42 4 38 20 12
26 33 38 9 25 3 19 23 7 15 20 41 4 36 44 16 37 48 45 14 8 1 6 31 10 34 39 40 28 24 17 32 43 18 27 46 12 11 30 35 2 42 29 47 13 22 21 5
3 22 29 17 14 42 36 26 28 34 19 45 40 18 27 7 5 12 11 39 33 4 41 43 48 46 32 9 38 13 37 16 47 20 6 2 24 21 1 15 31 25 8 30 44 10 35 23
3 22 29 17 14 42 36 26 28 34 7 45 40 18 27 25 5 12 11 39 33 4 41 43 48 46 32 9 38 13 37 16 47 20 6 2 24 21 1 15 31 44 8 30 19 10 35 23
3 22 29 17 27 30 36 26 28 19 7 45 40 34 32 25 5 12 11 42 15 4 41 43 48 18 39 9 38 13 46 16 47 20 6 2 24 21 1 35 31 8 14 33 44 10 37 23
38 1 12 17 14 42 28 23 46 34 7 4 40 3 47 16 5 29 45 39 31 18 41 43 26 13 32 9 19 36 37 21 20 48 6 11 24 10 27 15 2 25 8 30 33 22 35 44
34 33 11 45 13 3 30 8 7 39 18 16 1 31 28 25 26 12 4 42 6 2 24 21 32 9 43 40 17 15 46 48 20 5 14 36 10 27 19 22 41 23 29 47 44 38 37 35
18 22 15 20 7 1 43 16 5 47 34 39 28 10 12 25 44 33 11 48 17 46 30 35 40 36 26 41 38 8 37 32 14 4 27 2 3 29 24 45 31 42 13 6 19 9 21 23
11 44 14 1 12 5 47 37 24 16 21 27 35 28 25 48 4 18 20 42 40 23 6 38 10 46 32 33 29 7 19 41 31 2 36 34 13 3 30 8 17 9 22 26 15 39 43 45
13 35 38 36 23 41 27 17 43 1 32 45 20 42 44 25 22 40 30 46 29 34 16 31 48 11 15 8 24 28 33 10 47 39 5 26 14 7 21 18 4 3 6 12 19 9 2 37
32 21 23 9 19 42 30 5 28 4 20 12 1 37 18 45 26 46 43 13 44 3 2 34 38 39 25 11 47 16 41 8 29 22 7 48 33 36 35 17 27 10 31 14 15 24 6 40
46 11 27 43 35 30 19 32 38 34 39 16 4 7 22 23 18 2 31 41 36 5 6 13 26 29 33 42 12 40 17 28 37 15 3 47 48 14 8 10 1 25 45 24 44 21 20 9
48 28 31 47 25 32 9 29 33 5 44 14 40 46 17 16 41 23 21 39 8 27 20 43 15 26 1 19 34 4 11 2 18 24 22 30 12 35 45 36 42 6 3 38 13 10 37 7
3 30 45 40 34 15 36 31 4 19 23 20 27 5 25 33 37 22 8 10 7 1 29 16 35 24 41 12 18 46 39 11 32 9 38 17 43 21 6 28 47 26 42 44 2 13 48 14
22 27 17 33 14 16 24 45 42 3 6 8 46 47 36 48 28 5 29 30 10 9 25 1 43 38 26 21 11 12 32 7 39 34 23 13 4 44 18 15 19 31 37 40 41 20 35 2
2 1 30 27 16 40 11 18 9 36 35 26 44 43 32 39 34 13 17 20 42 33 38 5 14 22 4 31 48 15 45 25 46 12 29 6 47 37 7 41 23 24 28 21 19 3 10 8
8 5 2 28 39 38 4 34 12 20 29 6 23 36 7 9 16 21 25 42 37 48 17 22 26 46 10 1 30 14 43 18 3 47 11 33 31 27 44 13 35 32 24 45 40 41 15 19
9 34 21 29 37 2 41 11 15 32 24 30 26 8 45 27 23 20 7 31 13 39 5 18 33 10 40 25 22 47 46 16 36 17 44 4 38 48 3 35 6 1 19 43 28 14 42 12
28 48 43 44 45 33 8 10 46 9 36 17 16 23 39 29 21 25 34 22 15 32 27 3 6 41 11 14 13 26 20 38 19 35 4 31 42 18 5 37 24 40 7 30 2 1 12 47
20 6 33 46 2 48 17 26 45 23 31 41 19 21 13 24 3 14 37 29 34 18 7 30 36 42 25 38 9 11 8 5 43 10 28 12 32 22 1 39 40 47 35 27 15 44 16 4
31 18 6 37 33 3 40 44 29 42 43 2 36 19 16 14 10 9 11 4 47 24 30 46 41 8 5 45 23 39 22 12 1 38 17 35 34 20 25 27 7 28 15 13 32 26 21 48
14 33 22 24 15 21 30 43 20 41 25 42 18 35 27 31 1 45 19 38 12 34 13 4 48 26 6 2 36 3 7 37 47 40 10 8 9 23 29 46 11 39 32 16 44 17 28 5
16 3 13 14 1 6 27 39 35 7 47 37 42 38 43 26 33 31 18 19 25 46 8 32 4 21 17 34 41 24 28 29 10 44 15 9 45 12 11 5 22 2 36 48 40 30 23 20
27 2 19 18 10 29 20 41 39 14 48 35 33 32 8 43 47 26 46 5 45 31 21 11 1 44 15 36 28 30 23 24 9 3 12 22 6 4 42 38 37 17 40 25 13 16 7 34
33 4 29 23 47 37 14 22 21 15 46 18 5 39 11 35 42 38 45 16 6 12 9 10 40 2 3 26 25 44 27 20 48 13 30 7 17 34 32 24 36 19 1 8 41 28 31 43
39 29 37 35 11 10 42 28 6 22 4 1 14 12 5 47 9 7 27 45 3 43 19 20 2 15 31 18 32 48 24 36 33 8 40 46 44 17 13 34 30 21 23 26 16 38 25 41
29 21 41 32 25 14 19 2 23 33 10 38 31 24 4 8 15 3 48 7 28 13 12 36 5 6 18 44 40 17 42 39 27 43 9 1 37 26 20 11 34 35 30 46 45 22 47 16
4 44 7 48 21 42 12 36 11 13 14 31 2 18 30 25 35 10 9 32 16 29 22 45 15 5 39 40 27 41 1 33 6 37 24 28 20 3 26 43 8 34 47 17 19 23 38 46
40 7 5 25 48 20 10 38 36 31 11 9 28 2 37 19 13 32 44 15 24 6 35 14 3 27 8 47 45 21 12 23 30 29 18 39 16 1 4 26 41 42 43 22 33 34 46 17
6 11 10 7 4 28 32 37 44 21 38 46 29 14 19 12 2 24 41 9 23 16 3 35 17 48 26 22 33 36 18 40 8 25 43 20 1 39 47 42 5 45 27 34 15 31 30 13
45 35 24 21 17 15 1 20 7 16 12 47 10 11 23 18 43 39 36 6 41 37 28 48 46 32 29 30 2 34 25 13 4 5 8 44 22 42 27 40 3 14 33 9 38 19 26 31
30 37 40 19 46 17 21 24 16 10 34 36 12 4 25 38 31 15 32 11 22 3 39 41 42 7 9 5 8 23 29 43 44 1 33 26 28 47 14 48 13 27 2 6 20 18 45 35
41 45 48 22 42 13 43 15 25 38 27 34 7 40 14 20 11 8 5 12 32 30 44 39 21 4 28 17 35 31 3 47 24 26 37 19 36 2 9 6 33 18 16 1 10 46 29 23
47 39 15 16 43 34 26 42 22 30 40 19 17 20 38 45 29 4 10 3 14 23 41 2 32 9 21 35 1 37 6 44 25 31 27 24 5 13 28 33 46 48 12 18 11 7 8 36
1 9 25 8 24 36 31 30 3 44 5 32 26 33 46 40 39 16 12 28 27 22 10 21 35 37 20 48 42 13 47 34 23 45 19 43 41 11 17 4 15 29 18 7 2 6 14 38
24 30 32 39 22 35 46 23 40 12 33 28 47 17 26 4 20 36 42 37 1 10 48 44 9 19 14 16 15 38 13 27 41 11 5 29 21 7 34 2 45 43 25 31 3 8 6 18
21 36 34 9 32 22 23 33 41 39 19 11 8 30 18 17 7 43 6 2 35 45 25 47 26 12 38 3 16 27 31 46 28 48 1 40 15 5 10 44 20 37 14 29 42 4 13 24
43 32 8 10 27 30 47 13 34 24 42 44 45 1 40 28 46 19 2 35 20 26 33 17 12 16 7 39 37 25 15 3 38 23 48 14 11 31 22 21 18 4 41 5 36 29 9 6
7 23 12 6 19 31 48 40 27 37 28 21 22 44 10 3 8 30 39 36 2 17 43 33 38 11 13 24 5 35 16 4 34 42 20 25 18 45 15 1 14 41 46 47 29 9 32 26
26 20 36 31 41 8 25 46 37 18 22 48 27 16 33 44 40 28 1 47 9 7 4 6 11 17 23 29 43 45 30 15 5 19 13 32 35 21 38 3 39 12 10 2 14 24 34 42
38 27 20 41 18 4 28 47 17 43 2 5 46 6 42 34 12 29 24 14 33 8 26 25 7 39 45 19 3 10 37 22 11 16 36 21 23 40 30 31 44 13 48 15 9 35 1 32
37 5 1 4 7 47 29 12 13 28 16 10 43 45 35 41 36 46 15 34 48 40 42 9 22 30 44 6 31 18 38 19 2 33 3 11 26 25 39 14 32 20 8 23 24 21 17 27
5 48 11 38 36 43 13 1 19 47 21 29 9 25 12 2 6 17 3 33 31 35 40 23 34 18 30 20 4 22 26 42 15 14 45 37 24 46 16 7 28 8 44 41 32 39 27 10
10 17 44 12 9 23 18 19 32 25 13 33 38 42 20 1 48 37 40 46 5 47 16 8 30 31 24 28 7 2 35 6 14 41 21 27 3 36 43 15 29 26 4 39 34 45 22 11
12 31 28 13 5 24 22 25 30 34 18 23 35 48 44 11 14 1 16 17 4 38 37 19 27 45 47 43 39 42 21 9 20 7 26 41 40 8 2 46 10 36 6 3 15 32 33 29
35 13 45 1 12 46 36 16 48 8 7 15 24 9 21 30 17 42 33 18 11 4 14 27 44 28 40 23 10 43 34 26 31 20 6 3 29 32 19 25 2 5 38 37 39 47 41 22
17 14 39 42 44 7 9 6 2 29 8 3 34 41 16 10 5 12 38 48 40 25 36 26 13 24 32 37 20 33 19 45 22 47 31 18 30 35 21 23 27 11 15 46 28 43 4 1
23 28 47 36 20 1 7 14 31 17 9 43 39 27 6 21 45 44 26 8 38 42 24 34 10 15 41 33 19 32 4 48 13 2 16 5 25 29 40 30 46 22 11 35 12 3 18 37
36 12 9 30 31 18 8 4 1 5 37 24 23 22 43 13 38 27 35 44 15 20 2 40 29 25 42 7 14 16 10 41 45 32 34 48 39 6 3 47 21 33 26 11 17 46 19 28
42 41 35 26 8 19 4 48 10 45 3 13 6 47 46 22 24 31 28 40 21 14 29 38 37 1 16 11 44 9 36 25 12 27 32 23 7 15 33 20 43 30 34 17 18 2 5 39
34 40 38 17 23 44 41 9 15 3 45 25 21 37 39 6 26 11 14 24 19 2 20 12 31 43 27 32 18 1 5 30 29 28 7 42 8 33 4 35 47 16 36 10 22 13 48 46
44 10 4 45 28 9 11 7 36 46 23 40 32 26 17 5 27 15 20 1 39 41 38 29 24 47 22 8 6 19 2 31 42 30 35 34 12 16 37 18 25 13 14 48 43 33 3 21
38 24 23 47 35 39 34 17 8 27 32 26 13 29 1 15 19 40 30 25 46 31 6 42 18 33 2 10 21 20 48 16 37 9 22 45 43 41 14 28 36 7 3 12 4 5 11 44
5 26 2 34 30 41 38 3 47 9 1 46 48 15 29 33 32 21 25 43 7 11 27 28 39 20 36 13 17 6 44 35 40 24 42 14 19 4 23 12 16 8 18 22 31 10 37 45
42 1 43 11 34 27 16 4 13 48 17 22 36 46 8 32 44 18 23 21 24 6 9 7 28 14 10 15 5 29 40 38 26 35 41 30 47 19 45 37 12 20 39 31 33 25 2 3
3 22 26 20 13 45 6 27 17 1 30 12 40 5 11 16 31 28 8 10 14 44 34 37 19 46 15 4 47 7 39 32 48 36 29 38 2 24 18 9 42 25 43 21 23 41 35 33
15 47 10 3 6 12 44 35 14 19 26 7 5 38 45 48 30 22 21 20 8 46 11 16 43 13 4 9 24 28 33 2 42 34 23 36 31 1 32 17 37 18 29 40 41 27 39 25
25 34 21 43 39 40 3 38 6 35 31 5 33 18 24 23 46 20 36 26 22 19 45 42 8 2 37 27 4 48 41 11 32 29 47 16 9 17 12 13 14 15 10 1 7 28 44 30
48 25 24 13 40 4 2 21 11 32 20 27 37 35 34 36 6 33 43 31 28 8 30 3 16 5 1 41 45 39 9 29 7 38 15 47 42 23 10 22 26 14 19 18 44 12 46 17
2 28 5 29 16 48 13 36 31 43 35 45 11 24 27 39 25 47 46 40 44 38 8 14 33 21 19 12 34 26 20 37 3 22 18 42 7 30 9 41 23 4 32 6 1 17 15 10
9 34 30 5 8 2 28 1 7 4 15 25 19 3 32 29 12 23 44 24 33 10 46 43 20 36 35 42 48 21 14 22 39 18 11 31 6 37 13 16 17 27 45 41 40 26 38 47
7 6 20 2 15 25 24 3 26 18 13 40 16 19 5 46 43 9 32 29 17 21 28 33 41 27 8 10 31 47 11 14 37 44 38 34 4 48 35 36 22 12 42 23 45 30 1 39
8 10 6 48 34 16 30 24 18 47 41 39 44 28 15 22 26 5 1 42 38 17 21 23 37 35 14 12 7 31 4 46 29 40 43 2 13 27 11 45 25 3 9 36 19 20 33 32
10 13 17 40 35 38 37 47 30 41 14 31 28 26 36 27 8 32 6 15 11 29 4 7 16 3 43 21 1 44 46 42 18 12 39 24 33 20 25 5 19 2 23 9 48 34 22 45
32 26 14 15 12 33 4 5 40 20 44 24 42 2 7 34 21 36 9 1 43 27 22 38 25 6 39 23 41 10 45 30 19 31 46 29 48 18 47 8 28 17 35 16 13 37 11 3
31 12 42 38 48 32 43 6 2 28 46 29 25 39 14 16 33 41 40 13 21 7 5 34 23 4 17 11 37 15 36 8 10 30 24 9 27 44 20 19 35 45 22 47 26 1 3 18
34 2 36 26 45 19 14 9 32 31 43 33 20 4 22 37 27 25 24 21 29 47 35 18 13 40 28 7 15 30 10 16 12 1 42 11 17 3 46 39 41 23 8 44 6 38 5 48
28 40 48 42 46 9 1 35 27 24 36 15 3 21 4 11 19 2 47 16 32 39 10 5 6 41 20 25 26 13 23 18 22 17 7 45 14 12 29 38 8 30 33 34 37 44 43 31
6 47 33 4 26 31 3 20 22 23 29 10 18 7 12 30 37 17 13 25 41 45 42 40 14 48 16 28 46 36 21 24 9 15 35 32 38 34 27 43 11 39 1 8 5 2 19 44
11 1 18 46 16 5 34 19 24 36 48 13 14 12 47 43 40 10 3 39 42 28 29 8 15 44 7 9 27 17 22 25 45 37 4 21 23 38 26 30 31 32 2 35 20 33 41 6
20 41 8 30 31 3 17 7 19 10 45 21 1 14 37 26 35 38 25 33 27 4 13 29 39 23 42 24 12 22 28 36 6 43 9 46 32 47 5 48 40 34 44 15 16 18 2 11
4 24 2 33 38 23 10 15 25 13 1 3 16 8 34 21 47 19 48 36 37 42 44 12 46 9 5 32 40 41 17 20 11 39 45 28 18 26 30 27 6 29 7 43 14 31 35 22
3 18 1 12 28 11 27 17 21 14 37 48 31 32 42 9 15 34 22 5 47 2 7 46 29 8 38 33 35 24 44 4 36 10 41 39 45 43 6 16 13 26 40 30 19 25 23 20
33 19 15 10 30 21 12 41 37 45 28 23 2 36 9 4 38 39 18 14 20 35 17 31 24 32 11 6 8 27 1 5 46 13 40 3 29 22 7 26 47 43 48 25 44 16 34 42
29 42 7 1 5 27 46 48 44 39 34 36 21 23 13 2 20 45 41 4 6 22 15 17 19 18 33 8 3 38 9 43 47 14 30 40 10 16 28 32 24 35 12 37 26 11 31 25
25 29 35 3 21 20 22 16 46 40 27 37 4 43 41 6 9 8 30 18 45 26 48 32 44 28 13 15 36 42 5 33 1 2 17 23 39 31 38 10 34 19 47 11 7 12 14 24
23 43 41 44 2 39 40 12 34 15 3 28 19 37 10 8 24 13 29 30 36 11 9 25 48 17 6 27 33 45 31 7 26 35 22 16 46 14 1 20 18 42 5 38 32 47 4 21
43 31 11 22 15 18 20 33 29 38 21 8 32 6 30 35 13 24 5 17 39 48 40 4 36 7 9 19 44 23 37 27 14 25 34 26 12 2 45 47 16 41 46 28 10 3 42 1
46 25 31 27 44 12 2 8 3 35 17 26 11 20 28 13 7 48 45 23 5 41 1 6 18 38 22 42 39 34 32 15 43 33 47 4 19 40 16 14 30 9 37 10 36 21 24 29
1 4 22 34 23 41 16 14 10 21 39 17 36 13 25 5 29 37 38 26 18 44 12 47 40 11 46 2 9 19 43 35 31 8 6 30 20 32 15 24 33 48 3 45 28 42 27 7
36 33 23 41 46 8 31 25 5 12 22 11 39 40 38 18 3 42 15 6 16 43 26 45 47 1 29 37 21 32 35 19 34 27 44 20 30 7 48 9 10 28 24 2 4 14 17 13
24 22 12 45 20 14 44 11 48 29 23 34 37 42 1 15 16 4 10 47 7 13 33 26 8 31 21 41 30 9 38 6 28 3 36 5 25 19 17 35 2 40 27 39 46 32 18 43
35 8 27 31 43 6 11 13 16 3 26 9 14 22 44 28 5 30 42 19 25 40 18 48 10 39 45 29 23 46 2 1 24 41 32 17 47 33 34 7 12 37 20 21 38 4 15 36
26 17 32 6 35 25 21 37 45 42 19 41 10 47 14 20 44 43 34 8 48 24 16 36 4 30 3 39 2 33 40 12 38 7 46 18 15 13 22 31 9 1 11 29 23 5 28 27
47 3 37 17 24 43 32 42 4 9 6 18 48 11 40 31 23 26 33 38 2 14 39 19 22 25 27 36 29 7 8 10 46 28 20 35 1 45 44 12 21 16 34 5 41 30 13 15
40 5 34 21 36 15 35 39 46 7 33 47 29 1 18 10 17 3 23 22 12 9 41 27 28 19 25 43 6 16 48 2 13 26 14 44 11 30 42 4 20 31 38 24 45 8 32 37
21 48 13 19 27 1 29 40 20 34 38 2 23 35 24 14 10 6 12 44 4 32 43 37 7 26 31 47 11 18 30 39 15 42 8 41 36 17 46 25 5 33 9 3 22 45 16 28
12 44 4 11 18 47 14 43 39 25 40 7 13 33 45 38 2 24 26 28 19 1 23 10 34 22 30 20 32 5 15 17 3 9 31 37 8 42 35 6 36 21 16 27 48 29 46 41
27 20 29 8 9 44 18 22 41 19 7 38 25 3 15 17 14 11 39 48 31 23 34 16 30 47 2 4 42 1 12 46 40 45 10 43 28 21 36 33 32 24 13 26 6 35 37 5
37 46 26 39 14 7 48 31 35 18 30 25 38 9 33 32 45 21 28 43 1 12 3 41 20 29 36 17 22 2 34 47 27 16 15 19 24 11 8 23 44 5 4 13 42 10 6 40
16 36 40 47 41 45 24 18 1 33 32 43 6 46 17 12 11 29 37 34 23 30 2 9 25 3 26 31 28 8 19 14 4 5 13 27 21 48 39 42 15 10 35 7 20 22 44 38
44 7 46 14 34 24 47 27 23 31 5 30 8 25 21 41 48 4 11 36 9 18 37 2 38 33 12 13 43 20 26 3 42 19 16 1 40 39 6 15 45 22 28 32 29 17 10 35
45 27 38 46 39 10 7 29 28 24 2 4 31 17 19 47 15 40 20 32 3 8 6 42 9 35 18 44 16 37 13 23 5 34 33 25 22 1 12 21 43 36 41 14 11 26 48 30
30 31 28 37 38 13 36 45 42 22 24 44 33 15 26 1 39 47 16 14 40 3 46 20 43 12 35 21 10 6 18 11 2 32 25 48 34 41 9 19 4 7 8 17 5 27 29 23
9 21 44 36 33 48 41 28 43 26 15 27 30 18 23 46 1 16 4 10 24 34 19 35 5 42 32 22 47 29 6 45 20 11 2 38 14 8 25 37 7 3 40 12 31 13 39 17
13 23 21 24 31 16 46 30 9 37 12 19 17 32 39 36 42 14 7 4 10 33 27 22 1 20 15 5 25 43 41 38 35 47 28 8 26 18 2 40 29 11 6 48 3 44 45 34
22 14 30 25 37 17 9 10 36 4 11 12 44 8 29 40 32 43 21 15 20 5 31 28 16 2 6 45 48 26 39 34 33 23 27 46 35 24 41 1 42 13 19 38 18 7 47 3
18 43 15 32 7 37 38 4 34 27 47 35 12 41 5 33 30 1 2 31 6 16 20 39 11 45 8 10 46 36 29 13 19 48 23 14 9 44 28 17 3 25 42 22 40 24 21 26
2 4 14 16 48 22 27 3 47 8 31 1 34 29 36 19 26 9 35 40 44 6 21 30 41 13 37 25 17 11 33 32 18 10 12 7 42 5 38 39 24 28 45 15 43 23 20 46
42 32 29 28 13 36 31 23 18 20 16 22 7 39 27 45 24 38 19 9 8 25 30 11 2 21 46 40 35 48 47 41 44 15 1 10 3 37 5 43 14 17 26 34 33 6 12 4
39 33 20 7 28 2 40 15 5 6 9 32 22 38 11 3 25 30 17 12 34 19 8 46 24 14 45 48 16 21 27 26 37 18 29 13 43 4 23 36 35 42 10 44 1 41 31 47
14 34 36 23 12 28 17 29 16 30 10 39 42 19 35 1 20 18 8 5 47 46 43 21 31 41 9 24 33 15 7 4 48 32 11 6 44 27 37 22 26 40 25 45 13 38 3 2
41 26 31 43 32 20 34 2 21 28 42 46 5 48 4 23 12 13 14 45 22 17 25 3 15 40 10 9 11 24 16 36 8 44 18 47 37 38 33 1 27 6 7 29 30 39 35 19
34 10 13 18 19 30 23 21 26 48 7 42 45 36 22 47 46 25 38 11 35 5 16 44 27 6 17 12 41 3 14 40 39 20 24 9 2 15 4 31 43 32 29 28 37 1 8 33
47 24 19 42 22 9 11 46 45 41 8 40 3 23 6 48 1 5 15 21 17 37 35 13 14 28 44 7 10 18 26 12 36 31 38 33 4 29 30 34 25 43 20 32 16 2 27 39
48 16 43 2 4 29 19 26 41 1 35 45 40 27 42 44 38 34 36 30 32 33 14 6 46 8 23 28 15 47 13 10 31 39 21 25 20 3 7 11 17 9 22 18 12 37 5 24
31 44 34 26 29 21 3 35 28 36 11 15 4 10 8 6 16 2 45 13 42 25 18 14 12 48 39 23 38 37 46 7 43 47 33 22 17 20 27 41 19 30 32 1 9 40 24 5
22 40 3 23 47 11 20 17 13 15 33 28 18 45 9 4 7 42 34 24 38 21 36 27 37 31 14 10 26 1 41 48 6 29 2 43 16 35 44 8 5 39 46 12 25 19 32 30
8 2 4 37 26 27 16 10 20 23 36 9 28 21 19 18 47 48 30 39 13 35 17 22 45 38 29 6 43 44 12 1 5 24 3 40 46 25 14 7 31 34 15 41 11 33 42 32
24 5 17 25 8 10 30 12 4 14 47 18 1 2 32 28 36 22 46 6 16 39 40 45 33 9 42 13 3 35 19 15 41 11 23 44 27 43 31 38 29 48 21 7 37 26 34 20
43 17 47 48 10 38 8 24 44 40 6 11 35 14 26 39 37 36 22 25 46 1 9 15 13 7 41 42 5 27 18 19 28 23 32 20 30 12 16 45 21 29 33 3 2 34 4 31
38 42 32 15 6 4 12 13 23 44 46 48 47 26 10 20 35 41 9 1 21 43 34 19 17 36 3 22 40 31 33 27 24 14 28 2 29 37 45 25 39 11 30 8 5 18 16 7
46 21 26 28 37 18 22 30 32 10 2 36 9 43 7 40 27 17 12 35 3 19 41 4 1 44 31 47 6 16 38 24 11 33 39 42 45 34 29 5 20 8 48 14 15 23 25 13
15 8 23 21 17 2 7 36 24 43 41 47 20 4 38 11 32 12 18 42 45 16 33 31 6 27 40 30 14 5 44 25 9 22 37 10 26 1 19 13 34 46 39 35 3 28 29 48
26 29 24 38 8 31 47 28 10 32 19 23 41 6 16 9 5 45 43 2 15 27 42 48 7 46 11 35 4 17 40 33 30 13 25 21 22 44 34 3 37 14 12 36 39 20 1 18
2 6 27 10 45 40 28 11 1 38 14 3 16 20 13 46 44 39 29 41 25 32 5 34 4 17 21 33 18 7 9 8 22 19 35 36 47 23 15 48 12 37 24 26 30 31 43 42
28 35 25 12 1 19 46 32 14 45 30 16 24 7 34 31 17 10 42 23 36 9 39 18 47 37 38 27 29 26 6 43 15 5 40 41 48 3 20 4 8 2 44 11 33 13 22 21
21 25 12 31 30 7 41 45 8 47 38 46 27 24 23 34 11 15 10 20 48 40 28 36 39 35 13 32 9 42 3 6 14 17 44 16 18 5 1 33 22 26 2 19 29 4 37 43
36 7 8 46 40 12 10 6 25 39 32 5 44 30 35 37 42 19 1 17 11 20 15 47 18 4 33 38 21 29 48 22 13 2 27 24 3 41 26 28 9 31 14 16 34 43 23 45
35 18 42 45 16 22 25 1 48 37 28 41 33 40 12 13 43 46 21 44 31 8 11 38 36 23 2 15 32 39 24 47 17 34 29 30 19 7 3 9 4 5 27 20 14 10 26 6
23 14 39 32 22 37 43 20 27 5 4 24 3 36 8 41 9 31 44 33 40 46 26 25 48 12 19 11 28 38 30 29 34 16 10 18 35 6 13 21 42 47 1 2 45 7 17 15
16 13 11 20 42 44 6 9 38 22 18 26 35 14 29 15 21 8 25 37 1 3 7 30 46 5 47 43 27 4 39 2 12 36 31 23 28 24 17 19 32 41 34 33 40 45 48 10
30 23 16 33 19 6 44 43 39 17 3 20 2 32 11 22 8 37 5 18 4 28 24 42 35 14 27 29 36 41 31 46 10 7 34 1 13 45 48 12 40 15 26 21 38 25 47 9
13 48 40 6 25 43 1 31 11 12 27 21 17 47 20 16 10 7 24 19 23 44 14 41 8 26 22 3 30 2 34 39 33 45 42 4 32 35 18 37 15 36 38 5 46 29 9 28
4 3 48 47 7 8 2 16 22 41 23 34 40 29 21 10 19 28 33 26 46 24 45 17 14 32 25 31 42 13 15 37 1 30 6 39 12 27 11 20 18 35 5 9 43 44 38 36
32 1 37 7 48 35 9 46 30 15 26 44 31 19 36 21 39 40 8 38 43 34 6 28 25 29 5 16 45 3 47 17 4 42 20 27 11 33 12 18 14 10 13 24 23 22 2 41
1 27 9 16 33 39 4 48 42 26 5 25 21 44 15 36 13 20 2 47 12 23 30 8 40 10 28 45 19 34 29 14 35 43 17 46 38 31 32 24 3 7 18 6 22 41 11 37
6 19 45 35 32 17 42 25 40 9 34 33 43 5 39 3 48 16 7 29 18 14 23 37 11 15 4 44 24 30 36 20 38 26 12 28 46 47 21 8 1 22 41 10 31 27 13 2
10 12 7 4 28 45 36 33 9 48 21 43 26 13 47 24 30 34 17 35 14 38 37 39 44 8 20 5 22 32 27 31 29 6 16 11 15 18 42 23 2 19 3 25 1 46 41 40
14 39 5 34 20 36 31 42 29 4 24 38 22 48 41 8 23 25 3 32 7 6 12 10 30 19 46 21 1 45 17 18 26 40 11 37 2 13 15 16 44 33 47 43 9 35 28 27
44 37 6 36 45 42 13 38 3 21 40 22 29 28 30 19 15 14 23 8 35 47 46 16 10 25 26 20 31 33 43 5 2 48 9 17 34 4 41 32 7 1 11 27 12 39 18 24
3 28 41 44 39 25 37 15 46 36 10 30 20 8 18 42 33 11 19 24 31 12 21 35 29 47 1 4 34 9 5 23 7 27 14 32 43 38 22 40 6 13 16 48 17 2 45 26
42 9 22 24 12 16 27 5 2 7 48 10 45 1 28 29 18 36 37 3 41 11 44 46 32 21 38 14 39 20 8 34 40 25 43 19 6 30 47 26 33 23 4 17 13 31 15 35
20 41 1 17 43 23 34 40 35 16 7 15 9 11 22 27 26 32 6 21 29 18 48 2 5 33 12 19 44 46 31 30 45 37 24 14 42 8 36 47 10 4 28 13 25 38 39 3
45 20 44 38 17 24 29 18 15 13 22 32 34 25 33 35 40 47 48 16 19 30 10 3 9 42 43 31 8 14 2 11 23 28 5 26 37 36 7 27 41 12 46 39 4 6 21 1
37 22 3 19 13 47 21 39 38 42 8 12 41 43 44 17 29 48 16 46 24 2 35 11 28 18 31 40 23 6 14 26 32 1 4 5 7 20 33 36 45 27 9 30 15 34 10 25
33 46 18 26 29 48 40 37 7 30 20 8 25 39 27 38 14 31 41 15 10 4 1 9 43 11 32 17 2 24 28 35 36 12 45 3 44 19 23 34 13 21 42 22 16 5 6 47
17 24 35 3 15 1 26 22 21 29 44 45 7 27 42 5 28 41 11 39 38 13 4 32 34 2 37 25 48 8 46 36 19 9 30 6 23 14 20 10 16 31 43 47 18 40 12 33
40 33 46 30 10 13 17 27 36 8 43 7 28 37 2 12 24 29 4 22 39 42 3 21 19 45 18 38 25 15 1 32 47 41 26 48 5 34 14 9 11 16 23 31 6 20 35 44
39 31 21 41 4 5 3 34 29 11 12 40 10 23 17 33 45 27 14 25 44 48 36 26 16 30 6 2 47 38 32 8 42 35 13 7 1 15 46 43 28 18 24 9 20 37 19 22
12 36 30 31 26 15 18 29 24 33 46 39 42 4 45 32 25 1 35 20 27 7 19 5 2 22 23 43 9 10 21 41 44 16 8 34 40 48 37 38 47 3 6 13 28 17 14 11
7 18 42 5 46 41 48 23 28 40 35 2 47 45 1 14 6 33 32 12 34 26 31 20 15 43 17 44 37 11 9 4 27 3 22 13 36 21 16 39 30 25 19 10 38 24 8 29
9 34 10 11 31 32 23 3 26 14 42 19 4 20 38 30 2 6 13 43 5 35 22 37 27 1 41 24 28 21 29 15 8 12 47 45 33 25 18 17 36 46 48 40 7 16 44 39
29 47 34 18 41 3 20 7 44 6 36 17 12 38 5 23 31 26 46 42 33 13 27 28 22 11 30 21 15 43 16 9 25 37 1 35 10 32 2 4 48 40 45 14 39 19 24 8
11 6 2 27 47 13 32 26 8 19 1 4 30 21 9 31 46 43 36 44 17 10 38 15 24 40 35 5 18 22 41 45 29 42 7 25 14 12 34 48 20 28 39 16 37 33 3 23
8 30 47 2 37 5 42 35 4 24 38 1 23 18 6 12 3 21 20 10 16 22 25 34 31 17 40 39 44 19 7 43 9 14 15 33 41 26 27 11 13 45 29 36 48 32 28 46
27 12 5 39 8 14 44 24 31 1 16 29 32 2 4 45 9 17 11 30 40 47 13 23 21 3 7 37 22 28 26 42 15 6 36 43 20 10 19 35 34 48 25 46 41 18 33 38
34 10 36 1 6 38 13 2 43 27 21 35 18 12 25 5 26 3 44 28 45 39 29 40 23 46 14 16 42 48 47 24 37 7 41 8 9 17 31 22 11 33 15 20 32 30 4 19
15 32 6 22 16 23 46 36 19 3 13 28 5 42 34 48 33 45 31 11 8 4 2 38 44 39 21 41 14 35 27 47 20 26 18 40 25 29 1 30 9 7 37 24 12 10 43 17
46 28 14 48 40 33 11 3 42 45 18 27 16 17 12 26 38 22 7 29 36 32 41 6 37 1 4 15 47 31 35 19 34 39 5 20 24 43 30 25 23 8 10 2 44 21 13 9
25 13 27 15 28 3 19 17 16 43 9 14 29 10 37 47 35 23 38 1 18 30 8 26 45 48 39 20 24 36 32 40 31 34 12 22 21 11 5 41 44 42 33 6 2 7 46 4
37 35 7 40 33 48 6 21 20 44 15 2 24 22 26 32 25 30 4 41 5 17 12 31 16 36 10 29 19 42 38 27 3 1 13 28 39 23 45 14 8 47 18 43 34 46 9 11
24 14 17 8 4 16 35 9 37 38 41 42 1 46 29 43 10 44 32 6 15 12 40 3 20 5 47 11 2 7 28 18 48 36 31 19 27 39 25 45 33 34 22 21 13 26 23 30
44 23 28 42 7 40 37 10 27 34 31 24 8 41 47 39 29 20 35 14 4 9 1 46 11 2 12 3 36 33 19 48 32 15 22 25 16 6 13 21 18 26 17 5 30 43 38 45
48 46 23 43 34 32 4 8 41 28 5 35 21 15 14 29 13 18 26 33 6 19 37 11 2 38 44 45 40 27 24 20 47 10 39 36 30 42 3 7 17 9 12 25 16 1 31 22
10 3 22 25 47 42 43 31 14 18 28 33 19 6 21 20 15 2 24 23 12 11 9 16 41 4 5 27 46 13 34 37 36 8 40 32 1 7 26 44 35 39 30 38 45 29 17 48
18 7 8 14 9 1 39 47 10 30 4 40 44 24 23 46 45 12 19 37 42 43 25 48 27 22 15 28 34 32 2 29 41 35 20 11 17 13 21 31 6 36 38 26 33 5 16 3
38 8 12 5 24 31 7 22 48 11 14 20 3 13 25 33 36 15 16 18 9 2 44 35 17 41 32 4 21 1 46 10 39 43 47 37 45 40 28 6 30 19 34 27 29 42 26 23
33 21 19 27 46 17 36 35 45 23 29 13 26 11 7 9 30 42 41 4 37 25 43 14 15 12 20 48 1 47 40 6 38 28 10 18 5 32 39 24 16 2 44 22 3 8 34 31
21 37 16 10 32 25 8 41 46 38 33 36 43 40 2 34 14 39 42 17 19 6 24 45 5 27 28 1 26 11 15 31 7 30 44 9 48 18 29 47 12 22 13 35 4 23 3 20
12 17 39 15 13 44 41 33 23 31 34 19 27 7 8 6 43 9 28 45 1 21 26 2 36 18 22 32 25 29 5 30 46 24 38 3 4 16 40 20 42 37 35 48 14 47 11 10
6 40 9 21 14 36 38 23 1 25 26 34 22 28 20 19 27 16 3 47 7 44 35 42 30 31 29 18 4 12 13 2 24 17 11 46 10 37 8 15 39 32 41 33 5 45 48 43
20 48 4 8 42 47 9 34 2 45 35 21 31 26 13 23 46 38 15 5 22 18 36 44 29 33 1 19 32 39 6 25 10 3 16 17 14 24 12 28 7 43 40 30 11 27 41 37
9 4 43 12 22 39 10 45 35 3 41 16 20 38 15 42 18 28 33 27 11 1 34 36 14 29 19 6 23 46 30 17 26 2 7 31 25 44 48 13 24 5 47 8 40 32 37 21
16 19 45 39 38 15 28 30 22 13 23 12 32 29 24 27 40 46 37 25 21 33 7 10 4 47 9 8 3 17 48 5 2 20 6 44 36 43 11 35 31 1 26 41 42 14 18 34
40 42 48 37 12 27 30 26 32 20 15 14 13 39 9 38 3 5 21 36 35 46 4 18 24 19 2 23 29 16 17 7 43 31 34 45 41 25 44 33 10 6 8 11 1 28 22 47
31 22 33 23 10 45 16 20 9 40 12 32 2 36 39 13 44 7 46 48 47 28 21 5 19 30 26 14 38 34 43 11 42 29 1 35 18 15 4 3 41 24 25 37 17 6 27 8
41 27 29 45 18 13 25 37 47 35 10 48 33 21 16 28 23 11 6 22 34 40 46 17 31 43 36 12 30 2 39 1 8 9 42 26 44 19 24 32 3 15 14 7 20 4 5 38
7 41 24 3 29 30 14 5 13 21 31 37 25 45 34 44 9 10 43 2 48 16 22 39 40 28 27 33 6 26 8 38 17 23 15 20 47 12 32 18 36 4 11 19 46 35 1 42
23 33 11 28 31 37 24 27 3 16 32 44 36 20 38 40 6 13 34 46 29 14 15 4 22 21 45 7 48 30 18 35 12 41 43 8 9 26 42 5 47 10 1 17 25 2 19 39
39 26 31 20 15 41 32 28 11 19 47 4 9 2 18 30 24 37 36 43 14 45 38 21 33 7 13 10 5 23 1 16 6 48 17 42 12 8 35 34 40 25 27 3 22 44 29 46
3 29 25 48 26 18 34 42 33 43 20 22 40 1 11 31 19 4 47 32 10 38 6 9 21 14 35 30 45 37 41 46 44 27 36 7 24 39 17 12 2 16 5 23 15 13 8 28
29 5 37 42 1 24 48 7 39 10 22 30 16 4 27 35 17 45 18 38 46 20 28 19 34 9 6 2 41 43 44 12 25 40 8 14 33 21 23 36 32 13 3 15 31 11 47 26
11 16 15 26 3 7 40 18 25 5 30 31 34 33 45 1 21 20 17 44 27 24 48 13 28 23 46 35 8 38 9 39 14 19 29 43 37 10 22 42 4 12 32 47 36 41 2 6
43 31 41 9 48 29 3 12 8 47 11 17 4 5 1 24 7 6 14 16 2 23 30 32 13 44 42 15 10 25 36 26 27 38 45 21 40 33 34 37 20 46 28 39 18 22 35 19
13 47 2 22 35 43 29 36 30 32 3 26 41 37 33 17 48 34 9 19 28 27 16 8 18 10 25 42 7 21 12 14 23 5 31 39 46 1 6 40 45 11 4 20 38 24 44 15
4 7 18 2 19 6 47 48 40 33 38 28 30 3 22 21 20 26 10 12 15 34 39 27 43 24 11 17 31 44 14 23 45 32 35 13 42 41 36 16 1 29 46 8 9 37 25 5
46 24 40 11 21 31 12 15 41 34 27 29 48 8 32 14 42 43 5 26 17 9 3 30 10 6 18 44 35 22 38 36 33 45 4 16 28 47 2 7 13 23 20 37 19 25 39 1
34 8 1 30 11 14 23 43 26 37 24 39 47 44 10 20 2 3 29 41 36 42 31 22 46 15 7 21 12 4 35 45 28 13 25 5 6 17 19 48 9 18 16 33 32 40 38 27
8 9 46 41 30 4 1 16 5 6 39 7 17 23 28 45 11 32 22 40 44 48 10 47 12 37 33 36 27 19 20 3 18 25 21 24 13 42 31 26 15 14 2 29 34 38 43 35
27 34 14 19 8 38 2 40 20 44 46 9 21 47 5 37 28 17 13 30 39 10 18 25 1 16 41 11 43 3 42 32 35 22 24 4 23 48 45 31 26 7 15 36 6 33 12 29
15 25 36 1 17 12 26 24 37 27 13 8 29 30 19 16 32 44 48 11 33 43 2 38 6 35 14 5 39 10 31 22 4 18 28 34 20 45 47 23 21 3 42 46 41 7 9 40
1 2 26 17 43 9 44 46 47 8 16 15 18 27 6 3 38 28 23 35 25 12 42 20 32 45 30 24 34 5 7 13 22 33 14 29 21 11 41 4 48 37 19 40 39 10 31 36
42 14 10 32 20 11 46 4 43 29 40 1 7 41 44 39 31 22 18 37 23 3 27 34 48 8 17 47 33 15 26 12 30 36 9 6 16 5 25 45 28 35 21 38 2 19 13 24
36 37 8 31 40 16 35 29 22 24 6 23 1 25 4 9 39 42 2 10 38 33 11 15 44 32 43 41 46 14 13 20 19 5 27 47 26 3 28 30 7 34 48 21 12 18 45 17
28 36 21 4 16 42 11 2 31 12 19 10 45 9 35 43 17 46 7 14 8 38 13 18 47 23 37 20 5 24 3 34 40 15 26 48 32 29 22 27 25 41 39 1 33 30 6 44
45 6 7 43 41 33 28 31 19 1 2 46 12 17 30 34 8 36 20 13 3 26 5 32 9 42 44 40 38 35 15 11 29 47 37 23 39 4 21 18 24 27 22 10 48 16 14 25
2 17 33 16 6 3 37 8 48 14 36 43 24 22 42 4 7 39 47 28 13 35 23 31 20 40 26 25 10 9 46 19 1 12 41 11 38 27 15 5 29 21 45 30 44 34 32 18
14 48 6 18 7 21 3 39 34 26 44 41 5 11 1 40 47 15 12 33 42 28 29 4 37 25 23 45 36 31 24 38 13 32 35 27 19 30 20 22 8 9 10 2 43 17 46 16
25 20 34 7 23 48 16 9 45 28 1 27 44 32 12 11 14 5 10 42 6 37 19 41 13 24 8 39 4 22 21 26 15 40 3 30 18 31 46 33 43 36 38 35 17 29 47 2
30 22 11 44 25 1 13 32 10 4 21 45 6 46 29 35 37 38 5 3 2 40 41 17 39 33 15 16 14 20 12 18 48 19 23 9 27 36 26 43 47 28 34 24 7 8 42 31
26 5 30 40 37 19 21 12 3 47 9 42 4 10 22 48 25 2 29 15 41 23 17 44 11 46 45 13 35 6 36 1 20 38 32 28 8 34 27 39 31 24 7 14 16 43 18 33
17 1 37 14 5 35 27 38 32 7 22 34 11 15 21 46 23 47 48 20 45 18 3 36 12 44 28 9 2 40 29 33 31 25 39 10 43 4 13 19 41 8 24 6 30 42 16 26
22 46 35 25 28 32 12 33 42 19 45 38 10 24 18 36 2 40 31 29 44 20 14 5 48 26 11 1 21 8 16 15 34 23 30 37 7 6 3 41 27 17 47 43 13 39 4 9
2 21 32 47 14 22 31 19 1 33 43 15 8 5 20 24 36 30 46 17 27 11 45 13 41 10 42 38 23 18 6 9 12 29 25 40 3 7 44 28 34 48 37 16 4 26 35 39
15 40 31 2 4 5 43 6 13 11 33 32 23 12 38 26 21 27 17 39 24 46 42 14 10 3 36 20 1 28 18 7 35 8 44 48 47 37 30 25 16 19 9 41 45 22 34 29
44 25 17 21 38 8 4 11 14 5 28 31 36 48 10 19 45 18 23 24 32 39 2 3 1 15 47 35 9 7 34 43 27 41 29 46 40 30 16 12 42 13 6 26 37 20 33 22
32 13 16 22 3 45 38 5 7 14 17 12 43 19 27 2 10 9 42 47 37 24 8 40 20 6 35 29 31 36 28 23 41 44 4 34 33 48 11 15 39 1 26 25 18 21 30 46
42 27 4 43 31 20 7 3 36 32 5 17 33 13 16 12 19 21 14 18 29 44 45 48 6 47 9 15 26 25 2 35 24 39 28 22 30 23 34 8 40 10 46 11 41 1 37 38
38 28 40 15 34 4 6 21 9 13 18 43 30 42 14 33 27 16 1 8 31 7 25 19 2 41 39 12 48 23 35 5 3 11 26 36 10 29 24 44 37 45 32 17 46 47 22 20
24 44 29 4 13 36 8 37 33 35 47 22 19 14 9 1 18 12 34 6 43 21 28 42 45 31 41 10 40 26 5 48 25 16 11 2 17 20 23 38 30 39 3 7 32 46 27 15
25 43 5 35 45 29 39 18 11 34 19 30 16 3 32 13 42 33 38 23 9 1 10 6 22 21 40 8 41 44 27 46 7 20 17 4 12 24 14 47 36 2 15 48 31 37 26 28
16 34 3 25 9 47 22 27 23 38 42 45 35 43 36 8 48 11 20 1 12 6 30 39 46 7 10 18 19 41 26 37 2 24 14 21 15 13 4 32 33 40 28 44 29 31 17 5
34 41 45 42 1 37 26 28 40 36 3 20 48 18 24 31 43 14 44 12 7 19 39 16 47 9 46 33 22 11 32 10 30 35 38 25 29 2 8 21 17 4 13 27 23 5 15 6
40 35 24 14 48 6 9 47 4 12 30 39 21 33 2 18 44 41 3 8 15 45 16 11 25 22 13 28 32 38 37 29 34 27 7 17 36 31 42 20 26 46 5 19 43 23 10 1
20 33 48 1 18 10 17 25 46 44 7 21 45 28 37 29 40 8 6 4 47 34 23 2 31 38 27 3 15 43 39 24 19 13 16 26 14 11 41 36 32 12 42 9 22 35 5 30
14 31 22 11 21 7 20 1 18 27 26 8 9 23 39 38 46 13 36 5 40 16 19 35 17 30 29 43 24 37 34 4 15 28 6 47 41 45 33 42 10 32 44 3 48 25 12 2
21 18 39 19 24 31 23 15 44 29 2 10 26 6 7 5 28 4 25 14 46 8 9 27 16 36 20 32 12 30 3 41 17 34 13 33 1 42 48 37 35 43 40 22 45 38 11 47
13 29 14 26 10 24 18 30 35 20 11 4 8 44 33 23 16 7 15 38 25 17 41 31 34 39 19 21 6 2 40 27 46 43 36 5 37 47 12 9 3 22 1 32 42 28 48 45
9 39 26 10 29 13 32 20 2 6 14 36 41 40 17 21 11 25 19 22 16 5 7 30 33 28 12 37 47 46 42 8 38 31 45 35 48 3 18 34 23 15 27 43 1 4 24 44
43 47 9 41 15 18 10 36 27 7 12 13 2 4 8 28 26 19 37 16 33 21 24 25 30 11 5 17 29 3 14 32 22 48 34 44 46 38 1 35 6 42 20 23 39 45 31 40
4 16 46 28 19 12 2 10 20 31 34 24 22 26 5 30 3 37 13 35 21 27 48 9 36 25 6 7 8 15 38 44 42 33 18 23 45 14 32 17 1 41 39 47 11 40 29 43
31 19 15 5 22 27 24 7 26 16 8 41 28 38 11 17 13 10 32 30 34 14 21 46 9 35 4 48 43 42 20 39 23 45 47 29 44 1 36 40 2 33 18 12 6 3 25 37
39 26 25 8 46 15 43 40 16 17 32 28 34 37 13 44 12 23 11 48 10 2 27 45 5 29 38 19 42 21 47 3 4 22 1 18 9 41 35 24 20 31 30 7 14 33 6 36
45 32 1 12 47 42 8 26 25 10 29 5 13 30 41 27 24 48 28 36 22 46 38 21 35 19 43 44 3 4 11 31 37 15 33 16 20 34 7 14 18 6 17 39 40 2 23 9
23 3 41 33 43 38 30 34 39 8 46 26 32 47 45 14 15 1 21 11 48 18 37 20 28 16 22 31 9 17 44 36 40 6 24 13 42 27 29 10 12 25 4 5 2 7 19 35
27 2 44 37 26 40 48 46 41 30 45 29 12 25 35 6 32 9 24 18 17 38 31 10 43 42 21 4 7 34 1 16 11 47 22 19 39 33 20 3 15 5 23 13 36 28 14 8
46 12 42 45 20 17 40 48 18 37 4 35 29 9 47 43 30 27 22 36 39 28 44 8 32 31 14 23 24 7 33 6 1 10 21 3 34 26 25 13 11 16 38 15 5 41 2 19
41 44 2 30 35 9 42 22 7 40 23 48 47 14 26 10 33 8 16 12 36 24 13 18 15 37 1 25 27 38 19 31 45 17 20 6 43 21 39 32 4 29 28 3 34 46 5 11
48 9 36 35 13 11 47 34 32 1 16 46 40 5 24 18 29 44 33 15 4 6 22 21 19 14 7 2 38 12 27 30 26 37 42 31 23 39 17 28 25 3 8 45 20 43 10 41
28 14 35 34 33 16 8 4 46 42 6 37 3 15 25 47 20 26 21 13 22 7 18 40 23 44 30 9 41 24 31 17 29 10 12 32 36 5 2 38 43 39 45 48 19 27 1 11
29 20 37 30 42 14 38 2 39 24 9 27 3 7 12 13 6 15 35 23 18 16 11 5 40 26 33 10 32 8 21 36 47 28 31 45 4 19 17 43 41 22 48 1 25 44 46 34
36 8 5 20 6 22 12 37 24 15 21 34 16 18 32 28 29 30 4 3 17 19 14 27 35 7 31 45 11 26 9 2 33 1 40 13 39 10 46 47 48 23 43 41 44 42 38 25
41 10 24 6 9 32 19 16 14 12 27 38 17 30 18 3 15 13 2 29 7 8 5 26 23 28 25 4 22 31 43 33 1 35 39 11 42 44 47 20 36 46 34 21 40 37 45 48
11 4 30 23 16 41 9 31 13 3 22 14 5 8 25 6 20 7 12 24 19 35 17 15 32 21 2 28 37 47 1 10 45 27 43 48 29 26 40 36 18 34 33 46 38 39 44 42
17 24 19 38 20 5 25 23 8 18 13 22 11 28 47 16 6 12 7 10 14 42 34 36 4 9 1 27 2 39 32 15 33 3 30 46 26 21 37 48 45 40 41 44 29 35 43 31
22 7 13 12 25 23 29 17 19 30 20 16 31 3 6 26 14 4 44 33 8 5 1 10 15 40 2 36 46 18 11 48 43 47 42 28 38 24 45 37 35 27 9 39 34 32 41 21
12 21 7 17 26 29 34 45 36 28 23 6 13 24 30 42 18 3 9 40 4 1 8 11 48 16 32 44 14 10 46 2 47 20 38 43 37 19 22 41 15 5 25 27 33 31 39 35
3 2 45 13 32 17 40 22 11 26 4 7 29 12 9 14 8 42 24 1 15 47 6 41 44 43 10 39 18 16 48 46 5 25 37 19 20 33 38 23 27 21 35 31 36 30 34 28
33 23 6 31 8 37 7 4 42 36 29 2 18 22 19 10 9 11 48 47 1 44 46 13 12 38 43 24 15 20 41 45 40 30 21 14 28 39 3 26 25 35 16 17 5 34 32 27
37 18 2 16 11 33 27 28 23 1 10 40 7 32 21 24 43 14 22 42 12 4 38 48 46 3 13 47 45 5 6 9 44 8 41 39 35 20 15 31 34 29 17 36 30 26 19 25
10 33 28 18 12 36 39 8 30 37 40 35 6 2 4 20 46 1 38 27 47 48 43 23 7 45 3 41 5 9 44 16 14 15 22 42 17 34 29 21 11 32 24 25 31 19 13 26
29 40 31 9 41 3 30 18 4 10 43 5 35 45 1 34 33 39 47 46 48 22 36 14 8 12 27 42 17 44 15 38 37 2 11 20 6 7 21 16 32 26 13 19 25 23 28 24
24 6 3 37 18 8 36 26 35 39 46 42 12 21 38 1 48 28 20 17 45 43 44 34 47 19 29 2 40 41 7 30 10 9 33 4 5 15 31 13 14 25 11 16 32 22 27 23
23 32 41 3 5 47 22 2 25 42 38 9 48 1 28 8 24 33 36 31 43 17 29 6 45 10 46 18 44 35 30 37 39 14 7 40 34 13 4 27 12 16 15 11 20 21 26 19
27 34 33 32 35 38 28 42 9 45 31 19 1 47 15 29 44 48 16 41 46 10 37 2 43 5 22 8 39 40 17 4 6 13 20 3 11 36 7 25 26 12 21 30 23 24 14 18
28 42 32 33 38 35 47 29 34 44 36 1 20 48 37 39 40 46 43 45 23 26 31 22 41 4 21 30 12 17 16 6 7 18 15 9 24 27 25 8 19 11 3 10 13 14 2 5
6 41 21 7 42 40 31 35 43 38 1 48 10 25 26 32 45 47 46 44 11 30 3 39 24 36 14 5 33 4 28 34 9 16 27 37 12 18 19 15 13 8 29 2 22 20 23 17
46 31 29 4 30 25 35 38 1 8 48 26 44 43 23 47 39 18 28 6 36 45 12 20 21 42 41 40 34 37 5 7 11 24 9 27 32 10 2 3 33 14 19 22 15 13 17 16
8 36 18 39 43 44 1 48 31 35 15 47 32 27 45 46 42 41 37 25 40 11 4 38 29 22 33 23 3 34 26 20 28 12 5 24 7 17 13 14 30 9 2 6 19 16 21 10
18 3 34 48 1 21 26 47 45 43 44 46 24 20 36 31 38 22 41 32 35 39 13 42 28 27 40 25 30 33 37 17 29 6 10 7 4 12 14 19 8 2 23 5 9 11 16 15
30 43 48 47 45 1 42 46 41 27 39 44 25 17 35 38 32 40 26 20 28 34 10 3 37 15 18 11 19 14 33 29 31 36 24 16 23 5 8 6 21 4 22 13 7 2 12 9
45 35 1 44 48 39 46 27 33 34 47 37 40 41 42 43 30 36 31 28 9 20 15 32 19 13 24 38 25 29 18 22 26 17 8 10 21 16 23 12 4 7 5 14 2 6 11 3
1 46 42 45 33 43 48 24 44 40 35 29 47 36 41 27 28 37 34 39 38 25 22 16 18 23 30 31 21 13 19 14 20 32 17 2 15 4 5 11 10 6 12 26 3 8 9 7
48 1 44 27 47 42 41 43 40 21 45 23 19 46 34 36 31 38 33 26 39 32 28 35 22 18 25 37 16 11 29 24 13 7 14 30 2 6 20 10 17 3 4 9 12 5 15 8
