38571 12715 8460 8062 8397 4786 3535 3535 3272 2172 1817 1209 1100 700 335 305 246 151 151 112 95 53 44 49 42 39 9 10 9 7 4 4 3 1
5 2 6 4 1 7 9 3 11 10 12 8
7 12 10 4 8 2 11 1 6 3 9 5
2 3 11 9 6 8 4 1 5 10 12 7
4 11 5 6 10 7 8 9 3 1 2 12
10 2 11 3 6 8 12 4 1 5 9 7
8 11 6 5 3 1 2 10 9 12 7 4
1 4 12 9 8 3 2 6 10 7 5 11
9 7 6 5 11 1 8 3 2 10 4 12
12 10 7 8 5 3 11 2 9 1 6 4
8 12 11 2 1 5 4 7 6 9 3 10
11 2 4 6 8 12 3 5 7 10 1 9
1 11 12 7 8 5 4 2 6 9 3 10
6 4 11 2 12 3 8 7 10 1 5 9
9 12 3 6 10 1 2 4 5 7 8 11
4 11 3 6 1 7 8 9 5 10 2 12
9 12 7 6 1 5 2 4 3 10 8 11
4 10 6 5 1 8 12 9 3 7 2 11
12 11 3 9 5 1 2 4 6 10 8 7
9 10 6 8 11 1 4 2 5 7 3 12
12 4 11 6 1 3 8 2 10 9 5 7
9 12 11 8 5 1 2 3 6 7 4 10
6 11 7 5 1 8 12 4 3 10 2 9
4 11 6 5 12 1 2 9 3 10 8 7
4 11 7 5 1 8 12 3 6 10 2 9
6 11 12 5 8 1 2 9 3 7 4 10
1 4 11 6 12 3 8 2 10 9 5 7
4 11 3 6 12 1 2 9 5 7 8 10
4 10 11 6 5 8 12 9 3 1 2 7
6 11 3 8 12 1 2 9 5 10 4 7
4 10 11 8 5 1 12 3 6 7 2 9
6 11 3 5 12 8 2 9 10 1 7 4
9 11 7 6 3 1 8 2 5 12 4 10
1 11 7 5 12 8 4 2 6 9 3 10
6 11 3 8 12 1 2 9 5 7 4 10
