48797 46537 42728 39778 38680 42178 35976 32563 29010 28454 25926 25550 24355 24759 22560 22255 20763 19333 17087 17087 17087 17087 15984 14274 13433 12542 12640 11406 11574 11174 11390 10017 9615 9792 8720 8787 8307 8257 7426 7426 7301 7154 6199 5990 5721 5646 5297 5170 4695 4662 4484 4359 4252 3671 3826 3770 3349 3428 3344 2854 3004 2722 2500 2589 2487 2465 2249 2145 2286 2032 1960 1927 1786 1547 1582 1557 1622 1389 1388 1304 1328 1135 1190 1206 1144 1028 1073 1023 976 953 905 856 748 776 764 676 711 665 658 591 577 547 519 495 461 474 426 432 421 386 388 362 348 320 348 307 277 275 278 266 270 260 257 234 214 217 209 184 197 185 163 165 169 165 144 141 147 146 132 129 126 113 103 107 92 97 88 88 87 85 77 77 67 67 68 65 56 58 51 56 48 46 49 43 45 44 38 39 40 38 36 36 33 32 30 29 26 27 25 25 23 22 22 21 21 18 18 17 16 14 14 15 15 14 13 12 13 12 11 12 10 11 10 9 8 9 8 8 7 7 7 7 7 6 5 6 5 5 5 5 4 4 4 4 4 4 4 4 3 3 3 3 3 3 3 2 2 2 2 2 2 2 2 2 2 2 2 1 1 1 1 1 1 1 1 1 1 1 1 1 1 1 1 1 1 1 1 1 1 1 1 1 1 1 1 1 1
45 64 58 21 40 33 44 56 30 43 23 47 9 31 41 60 51 49 8 48 1 26 59 32 53 13 6 17 62 37 55 11 3 12 63 19 27 29 39 22 25 14 57 4 42 5 28 46 20 24 54 34 38 7 52 50 35 10 18 16 15 2 61 36
15 16 20 3 34 4 60 21 31 45 26 46 27 56 19 40 14 11 41 25 58 1 64 37 57 55 7 42 28 29 13 47 33 35 24 54 50 62 10 53 5 32 43 36 23 49 12 38 52 17 61 44 59 9 39 18 48 30 6 22 2 51 63 8
45 27 10 35 57 39 2 50 62 48 36 33 23 1 41 38 51 28 44 55 49 11 52 6 13 9 7 47 58 18 59 56 43 34 5 19 64 12 26 14 8 17 4 3 61 37 31 46 60 30 21 32 20 25 63 42 40 29 15 53 54 22 16 24
33 8 53 17 49 5 26 51 47 32 48 12 9 31 41 11 22 13 57 37 10 46 29 7 62 16 44 18 35 36 1 55 3 58 21 54 27 52 19 15 30 23 20 50 39 60 43 25 24 59 14 38 40 42 28 4 56 34 6 61 45 2 63 64
31 59 14 52 18 38 36 56 8 44 46 39 33 42 64 1 24 10 25 53 12 23 16 5 32 3 7 61 21 35 28 62 6 60 54 48 40 58 27 22 50 17 41 4 45 63 37 15 43 20 13 34 47 29 49 55 26 2 30 51 11 57 19 9
12 27 11 3 28 34 48 35 42 43 8 50 18 40 38 29 61 31 41 5 17 26 23 47 16 53 56 64 1 21 25 54 4 52 63 14 46 20 15 30 24 49 33 36 44 55 39 19 13 37 32 58 2 22 62 59 6 10 51 9 7 60 45 57
11 10 32 43 16 26 39 9 54 1 45 61 48 56 5 55 60 21 42 22 6 57 33 30 59 63 28 4 17 49 53 18 40 35 37 27 38 50 47 51 25 24 36 3 41 8 44 12 62 19 52 23 64 34 14 46 58 13 2 29 31 7 15 20
27 2 42 60 9 58 17 24 51 33 38 6 56 32 53 3 45 48 28 19 52 46 35 12 50 14 11 44 22 13 20 5 55 36 29 41 54 31 64 49 40 62 30 1 4 61 26 43 23 25 18 57 21 37 63 39 16 7 34 59 10 15 8 47
40 26 45 63 2 23 64 3 59 48 37 38 51 9 41 17 36 56 35 13 46 12 52 22 47 15 6 29 20 50 58 53 33 8 19 62 25 16 5 60 61 21 4 39 31 54 32 55 44 27 28 49 57 7 42 43 1 30 18 11 34 14 24 10
61 15 60 30 8 44 62 39 36 52 4 49 54 21 64 37 1 26 55 59 58 41 17 38 40 34 23 11 5 20 45 57 2 22 13 19 47 46 28 27 35 33 42 25 43 14 9 6 32 16 10 63 7 18 56 3 12 50 48 31 53 24 51 29
4 64 61 58 15 22 41 21 44 45 10 25 36 50 59 14 31 16 23 33 28 17 29 46 24 27 62 48 47 2 55 49 20 13 60 7 42 57 52 53 38 43 26 5 34 6 1 8 51 56 11 30 63 9 12 18 35 19 37 3 32 54 39 40
36 63 52 8 45 10 30 60 3 6 14 54 9 31 12 32 15 7 39 48 57 62 13 50 56 37 46 22 64 18 49 44 28 47 38 40 51 23 26 58 55 4 41 29 61 2 53 1 20 17 27 11 25 19 5 35 59 34 33 43 21 16 42 24
20 18 4 51 62 40 29 36 30 58 27 14 13 24 11 7 63 25 22 39 41 61 64 54 55 28 19 15 6 45 35 60 3 12 57 48 17 59 23 2 8 16 43 44 5 49 31 10 42 1 34 32 46 52 37 26 50 53 21 47 56 33 38 9
42 49 58 21 57 24 12 62 5 11 19 47 38 60 45 15 13 35 46 41 16 6 36 63 53 23 51 20 14 31 9 64 39 56 55 17 44 43 34 48 3 1 8 7 25 52 32 18 27 30 29 4 59 26 54 28 61 40 50 10 33 2 22 37
43 20 47 17 34 18 2 8 39 12 3 11 26 49 25 23 50 5 13 56 19 30 46 45 4 32 48 51 29 37 61 35 58 64 62 57 53 54 14 10 33 15 28 31 6 9 7 59 41 55 40 52 42 1 38 16 24 44 60 22 27 21 63 36
18 61 22 29 48 35 49 44 31 15 1 59 47 43 19 60 38 24 27 20 50 64 56 16 37 3 58 13 53 36 34 55 51 14 32 23 4 17 8 12 21 57 6 45 42 30 9 25 52 28 54 41 11 40 39 63 10 7 26 62 2 46 5 33
19 39 36 61 60 23 35 51 12 49 26 33 32 11 3 50 6 30 8 4 45 1 55 40 14 62 21 46 28 59 15 42 31 34 24 54 48 22 25 47 17 5 63 52 57 18 37 13 29 10 9 44 38 53 41 7 27 2 20 56 64 58 16 43
23 3 7 1 20 59 31 33 6 63 54 15 5 22 14 45 51 48 58 8 43 36 27 10 46 34 37 4 35 26 57 50 42 19 30 38 60 52 41 17 2 25 24 11 28 13 12 56 53 32 16 9 18 62 21 47 64 29 55 40 44 49 61 39
39 17 37 55 36 20 63 31 18 56 41 12 8 16 52 27 57 33 4 15 13 51 43 62 25 29 59 47 21 46 45 23 35 28 42 11 49 10 40 54 5 32 50 48 58 22 19 6 60 24 7 34 3 9 30 44 2 1 61 53 26 38 14 64
31 26 54 5 30 57 9 53 46 32 36 34 25 44 38 55 37 49 29 33 1 15 59 41 39 52 63 19 4 40 28 58 22 20 45 12 3 64 21 24 51 61 60 42 56 50 10 35 43 18 23 6 13 7 27 2 48 16 17 8 47 62 11 14
59 2 21 64 9 32 24 5 3 44 48 7 42 60 39 8 22 16 12 6 28 29 18 34 62 10 57 53 58 14 13 56 41 27 25 49 52 23 47 51 26 55 45 50 4 63 11 17 35 36 19 38 37 54 31 61 46 30 1 43 33 20 40 15
6 9 26 60 40 56 10 20 37 14 38 23 7 46 2 4 33 61 54 53 30 11 45 52 12 55 49 64 24 25 1 41 28 5 8 35 27 16 58 36 62 17 18 57 39 34 43 19 48 3 50 63 21 13 42 29 31 22 47 51 15 32 59 44
33 37 48 6 43 11 18 59 52 54 32 38 27 42 36 56 10 21 41 55 24 23 28 7 50 13 16 58 12 3 20 31 17 30 22 51 15 49 1 19 63 29 53 61 40 60 5 46 25 44 64 57 47 8 4 34 26 35 45 14 39 9 62 2
41 64 18 53 32 29 28 50 44 19 49 40 51 30 55 46 35 15 22 57 9 47 16 61 13 12 5 23 34 42 59 36 60 6 14 63 24 31 37 7 52 43 17 4 45 20 62 38 8 27 56 39 11 33 58 25 21 26 48 54 10 3 2 1
52 10 17 22 4 16 13 61 47 33 35 30 34 39 56 63 7 38 60 36 59 18 25 29 32 9 15 6 50 62 53 20 24 26 54 2 12 43 51 55 37 21 57 19 48 27 42 3 49 11 28 23 5 14 46 40 1 64 58 45 31 44 41 8
27 16 13 42 47 33 14 38 59 43 46 39 35 12 10 36 24 4 20 25 64 62 61 2 44 63 50 22 6 8 32 48 55 60 29 45 5 57 28 9 56 11 58 23 31 37 30 49 41 15 17 26 40 18 52 21 7 51 3 34 54 19 1 53
40 7 59 21 14 17 43 47 8 6 25 46 54 13 64 57 12 31 36 11 5 53 33 32 42 38 44 55 63 27 9 52 48 1 51 62 30 50 19 22 28 23 15 39 34 58 3 26 61 20 4 29 56 41 45 37 18 10 2 16 35 60 24 49
12 22 60 31 5 38 64 18 35 39 2 61 4 20 42 17 9 26 16 47 37 56 41 14 57 45 6 32 54 48 58 1 46 36 59 3 19 53 27 29 15 51 55 49 63 62 34 50 24 21 10 40 7 44 8 23 25 13 33 30 11 28 43 52
28 60 6 44 58 4 23 32 36 59 43 42 21 41 29 11 56 45 25 7 51 26 22 49 48 15 38 10 31 35 2 62 34 13 5 20 37 24 64 57 14 40 39 1 55 61 18 54 17 9 47 30 63 3 53 12 16 8 19 52 46 50 33 27
46 8 19 37 22 39 15 3 54 27 51 56 1 9 62 21 36 57 44 2 25 41 64 35 10 16 61 48 17 60 5 63 26 14 11 55 18 29 6 40 38 31 4 30 23 32 28 43 53 59 52 49 45 20 12 58 50 34 7 33 42 24 13 47
21 63 53 9 45 14 11 1 13 32 16 49 33 3 7 20 58 10 56 52 41 12 2 22 27 40 28 17 44 34 54 47 59 23 37 60 48 46 36 25 6 24 26 31 19 8 50 15 42 5 51 55 64 35 29 43 38 62 18 4 61 57 39 30
61 52 46 20 24 26 17 58 34 1 4 11 53 2 59 48 32 7 28 37 49 57 50 30 8 64 29 18 27 38 33 12 14 47 60 41 62 25 44 15 36 13 43 40 9 45 23 55 6 31 22 16 42 19 63 39 56 54 5 3 21 51 35 10
57 18 16 52 29 3 36 13 38 11 45 44 48 64 53 49 60 23 19 28 46 59 30 15 41 14 24 2 33 63 26 51 32 62 35 58 1 27 56 61 21 9 20 25 43 42 17 10 40 8 55 37 31 34 5 4 47 6 54 39 7 22 50 12
10 24 55 63 21 27 61 9 51 48 44 58 40 15 45 1 62 13 39 59 38 17 35 28 16 6 23 14 19 43 49 18 33 20 7 53 47 32 50 31 30 2 42 4 46 41 56 12 64 60 34 8 36 37 52 3 5 57 22 26 29 54 25 11
45 41 32 29 49 63 39 26 55 17 10 50 56 27 1 38 21 28 23 22 15 46 48 6 40 54 9 11 30 24 35 16 61 31 18 43 64 12 3 60 59 14 36 58 8 25 44 5 51 19 33 4 57 52 62 42 20 53 37 2 34 7 47 13
15 51 38 23 61 22 40 16 25 58 59 27 29 1 11 42 18 36 35 19 17 28 52 47 49 26 43 44 62 13 55 57 6 12 4 48 53 41 30 33 2 32 64 9 54 24 39 8 3 14 7 20 5 10 21 46 37 50 60 63 45 31 34 56
36 39 64 28 10 44 34 24 1 31 20 14 6 50 56 3 45 17 13 61 26 37 15 46 59 42 11 29 9 5 22 19 43 63 47 23 4 38 18 21 35 30 7 2 41 55 54 52 16 40 57 32 25 27 49 62 8 48 53 12 58 33 60 51
53 20 21 8 36 5 37 56 43 52 42 6 26 31 28 10 17 50 57 12 2 13 24 23 39 58 19 59 22 45 25 33 29 49 63 27 44 60 34 11 47 64 32 54 35 3 48 1 9 16 40 30 46 61 41 55 62 38 51 18 4 15 14 7
17 57 42 51 54 40 58 41 62 56 55 47 18 8 13 23 52 46 43 27 10 24 20 12 28 50 7 33 64 26 31 60 35 22 21 37 3 19 48 63 45 36 30 44 5 6 53 11 32 49 29 1 2 25 4 16 15 61 14 9 59 39 38 34
13 27 28 45 17 10 47 11 21 63 26 52 9 54 41 7 22 59 14 48 16 64 36 18 24 4 5 61 55 37 6 43 25 34 2 19 23 62 46 49 50 33 56 42 60 20 1 29 44 58 12 57 3 51 8 30 35 39 15 31 32 38 53 40
4 33 10 58 23 35 60 15 42 49 63 53 36 7 61 26 54 8 37 44 5 56 29 16 47 48 21 32 43 27 12 38 39 2 20 14 17 45 22 28 9 25 24 3 13 46 55 62 1 51 41 11 18 6 57 50 40 19 34 59 31 30 64 52
19 49 50 43 62 64 20 40 36 7 34 63 23 32 52 37 26 60 46 13 48 30 31 54 1 8 59 9 47 39 45 11 4 21 33 35 51 58 10 6 55 61 41 57 22 27 24 18 29 25 15 38 17 16 28 56 2 12 44 5 53 14 42 3
63 1 45 30 20 25 5 60 35 27 54 12 17 24 22 28 31 43 9 49 52 10 47 41 48 32 13 18 8 3 56 53 44 29 57 38 42 55 21 50 61 4 14 36 26 39 19 7 23 64 2 34 59 40 58 33 11 46 6 15 62 16 51 37
50 59 18 27 32 34 44 31 11 42 13 54 46 37 39 36 20 57 15 24 19 21 23 10 30 29 53 25 5 14 61 49 22 8 64 33 52 7 40 9 56 41 43 60 62 26 16 3 35 1 48 6 38 58 17 51 12 63 28 47 2 55 45 4
52 48 6 9 15 20 41 21 14 55 2 34 25 49 58 16 24 51 10 36 57 4 13 62 32 37 63 42 46 29 47 23 40 19 53 50 8 3 39 1 17 5 33 11 44 54 38 64 60 12 18 45 27 26 31 7 59 35 30 61 56 28 22 43
27 15 61 3 28 24 48 53 30 45 19 59 64 25 36 41 1 4 55 18 12 16 49 32 57 23 62 17 40 31 34 44 2 33 38 7 54 50 5 14 39 29 58 47 10 22 26 35 52 56 60 63 13 42 37 20 43 51 21 11 6 46 8 9
34 50 54 31 5 36 8 29 1 44 61 15 13 19 38 14 63 28 42 25 56 41 46 33 55 62 12 4 37 2 48 21 58 64 26 20 11 22 23 53 51 60 40 45 9 18 59 30 43 17 32 49 57 7 39 35 6 47 10 52 27 3 16 24
39 64 13 42 16 58 63 12 3 54 37 25 47 34 17 32 14 7 18 52 6 36 28 45 53 43 2 46 51 48 33 29 21 50 44 59 38 20 56 27 8 55 22 5 4 15 35 1 57 24 19 41 62 60 40 26 9 11 31 30 10 49 61 23
23 16 7 1 55 44 62 47 10 12 51 61 42 21 19 45 43 31 58 41 50 57 59 40 25 56 48 22 4 36 64 17 15 30 13 3 60 37 49 46 5 26 39 52 6 8 28 38 20 35 11 9 54 63 14 18 24 2 33 53 34 32 29 27
43 11 60 17 47 27 30 35 39 33 14 56 62 10 12 29 40 38 28 57 1 3 63 50 23 53 37 44 21 25 32 42 48 5 19 49 46 31 59 24 54 16 15 55 8 6 22 9 36 52 61 51 7 41 45 2 58 20 4 34 26 13 18 64
59 7 17 64 2 15 54 61 19 29 10 38 12 20 3 6 57 25 4 31 51 47 43 37 44 9 8 53 27 22 23 58 33 26 24 40 5 63 41 60 52 1 55 48 34 49 30 14 62 42 16 39 56 18 46 45 28 13 35 50 32 21 11 36
16 42 59 22 48 55 31 36 18 60 41 37 7 14 26 4 30 47 27 53 43 51 38 2 46 52 28 19 3 44 50 35 6 54 40 12 49 10 15 56 24 62 57 29 58 32 1 20 13 9 64 23 21 17 11 5 61 34 8 45 25 33 63 39
56 12 48 14 60 32 35 6 51 24 21 30 8 16 9 47 7 23 37 28 13 15 55 26 52 10 58 2 25 59 20 5 57 39 62 4 45 64 27 54 36 17 1 61 31 34 3 43 46 18 50 40 41 53 38 33 49 42 11 22 63 44 19 29
55 3 20 38 1 63 49 5 8 15 44 40 51 22 14 10 35 56 29 47 24 45 18 52 31 13 6 62 26 46 9 36 41 43 42 11 27 59 2 33 28 57 53 21 16 37 12 4 32 39 23 17 50 34 30 25 48 64 61 54 7 58 60 19
11 9 22 21 58 30 38 7 24 47 36 39 5 32 43 52 51 45 56 44 23 18 17 29 13 3 50 55 33 12 42 34 49 28 61 2 25 57 6 10 48 37 4 41 46 31 40 54 1 60 35 19 63 62 27 16 64 15 26 8 14 20 59 53
18 60 32 61 13 33 29 38 47 23 4 42 34 9 25 48 37 17 57 39 64 12 27 21 51 22 45 6 58 40 28 20 63 10 59 31 41 52 53 36 15 7 46 50 43 24 5 49 19 3 14 26 11 8 56 44 54 1 30 16 35 62 2 55
37 21 3 6 30 8 50 16 62 64 28 60 32 23 2 61 29 13 14 49 45 33 25 4 43 63 46 48 20 58 59 55 10 18 34 5 35 27 36 47 26 12 17 7 52 41 42 24 51 1 56 44 31 9 39 19 15 57 38 11 54 53 40 22
62 44 37 13 8 38 28 50 12 39 56 23 45 43 40 1 48 26 30 51 9 10 61 7 5 17 49 15 35 18 57 52 24 42 33 63 31 47 29 41 6 46 60 20 2 58 34 32 25 11 59 16 36 19 54 64 27 22 21 53 3 4 55 14
49 17 16 55 4 29 36 39 20 18 25 5 38 44 31 27 6 15 35 2 58 26 46 24 37 28 57 33 34 42 13 64 32 52 51 41 1 43 14 30 63 9 45 11 56 23 7 50 47 8 21 22 3 10 53 61 19 40 48 62 59 60 54 12
28 2 19 12 49 23 64 20 46 25 43 44 21 52 1 63 38 32 36 48 59 37 9 34 42 35 40 29 14 8 58 33 55 6 53 60 24 62 57 15 4 22 26 45 41 50 10 11 27 31 13 7 18 54 17 30 56 16 3 61 47 39 5 51
31 53 46 52 6 25 24 32 7 43 35 33 48 64 39 56 60 10 54 4 37 59 16 61 12 34 51 58 50 63 5 41 28 27 30 17 18 13 26 57 38 3 20 44 55 14 11 15 23 36 9 62 47 22 49 40 8 29 1 2 42 19 45 21
42 1 4 5 9 34 16 59 13 19 32 49 27 12 10 17 61 20 23 15 41 28 45 38 7 64 53 14 2 35 6 50 31 56 25 55 40 60 44 58 43 11 36 52 48 63 18 29 8 51 54 37 46 33 24 26 62 39 47 3 21 57 22 30
41 52 26 44 40 57 9 51 25 22 23 6 35 1 5 21 17 16 20 37 28 29 64 14 27 32 33 10 54 60 49 56 34 36 4 48 38 24 3 7 50 30 62 55 63 45 53 58 61 47 31 12 19 13 42 46 11 59 18 43 39 2 15 8
50 41 36 53 43 16 15 26 34 6 5 7 33 25 22 60 9 27 44 61 46 62 56 40 14 54 12 47 39 28 35 23 59 1 21 45 11 49 64 29 3 32 18 58 19 13 17 10 63 20 38 8 2 48 52 51 37 30 55 31 4 24 42 57
57 61 64 29 24 39 34 3 52 17 45 11 18 41 55 22 25 36 19 7 10 53 48 5 50 12 15 59 63 14 26 21 42 35 38 58 27 54 28 1 33 43 30 60 23 9 31 6 16 56 2 40 20 44 46 4 32 8 37 47 62 51 13 49
34 8 53 28 10 17 60 9 43 55 20 58 6 15 19 49 36 59 46 63 51 24 14 1 4 52 35 32 31 25 44 48 26 13 22 57 12 16 18 21 45 33 50 42 3 30 56 61 41 27 11 39 37 29 5 2 40 62 7 23 64 54 38 47
40 33 38 37 19 26 43 18 59 1 16 61 54 17 6 57 32 46 4 36 56 50 47 45 41 15 63 11 30 24 55 28 20 22 5 14 60 53 48 12 2 21 13 39 62 42 44 8 49 25 27 29 64 3 31 35 7 23 51 52 58 9 34 10
20 57 45 23 21 40 2 43 14 63 59 18 1 27 36 50 56 54 8 24 16 11 30 32 10 53 38 64 62 3 22 60 61 31 49 37 33 41 51 19 47 4 28 48 26 25 39 7 44 15 29 55 17 52 58 34 12 5 6 9 46 42 35 13
11 45 55 63 16 22 26 24 6 49 3 50 4 56 59 37 18 51 43 13 52 5 41 28 27 36 58 23 48 31 2 53 46 60 19 54 29 38 39 9 30 64 8 47 40 62 32 12 17 21 61 7 42 20 14 25 35 10 44 33 34 15 57 1
39 18 10 60 11 56 58 44 54 48 46 47 41 8 64 40 21 43 13 20 23 1 50 30 49 27 37 57 28 36 61 31 62 51 24 33 17 32 25 55 59 15 14 19 22 3 38 52 9 16 34 45 26 35 4 42 6 63 5 12 29 7 53 2
6 26 22 20 32 60 51 57 31 21 1 34 56 54 15 3 52 8 42 59 30 17 33 10 62 23 13 25 46 38 53 11 29 49 55 43 4 12 19 63 39 16 64 9 35 61 48 40 5 14 41 58 45 27 37 28 24 7 2 18 44 50 47 36
52 10 44 31 29 18 13 11 38 32 51 35 17 19 7 28 22 50 16 62 12 46 58 49 59 26 39 9 53 40 41 6 14 8 27 23 42 3 30 47 37 5 33 36 54 2 55 56 24 64 57 1 25 61 45 63 20 48 34 15 60 21 43 4
31 50 20 52 18 3 47 58 48 42 21 14 25 40 12 64 35 4 10 22 19 56 7 9 30 37 2 51 8 62 1 44 43 34 60 11 15 23 36 53 61 57 32 5 45 26 16 13 38 49 33 17 59 28 27 29 41 46 54 63 6 55 24 39
63 59 42 30 8 11 5 1 44 58 61 27 28 37 25 23 14 24 55 47 15 4 20 35 7 9 21 48 12 49 45 57 40 33 64 16 3 46 10 50 53 36 22 13 60 39 43 26 6 17 32 34 38 51 62 18 2 54 19 29 56 31 41 52
23 48 7 5 54 59 37 41 42 19 38 12 35 3 17 16 10 49 9 6 24 30 36 15 53 45 50 33 1 2 56 43 60 62 18 4 44 21 57 31 52 61 39 29 25 46 26 20 27 40 64 32 55 14 63 58 47 8 28 22 11 13 51 34
33 15 47 3 34 10 41 19 30 31 36 63 32 7 28 42 12 20 58 18 6 21 23 52 8 29 48 43 9 37 54 49 44 64 26 62 51 17 1 11 56 13 59 61 39 22 40 55 60 24 35 4 27 25 38 45 5 53 14 50 2 57 16 46
4 37 61 51 17 36 45 56 11 47 35 54 27 24 41 38 50 5 26 33 43 23 2 18 32 14 9 46 15 39 25 16 3 44 63 31 30 29 28 49 55 22 42 21 57 60 34 62 48 12 19 52 13 1 40 7 10 6 58 59 53 20 64 8
18 51 13 38 2 4 39 60 21 11 42 16 53 31 14 32 54 30 27 12 49 61 24 6 1 35 62 58 29 48 47 59 34 63 17 5 19 22 50 28 36 41 57 3 52 55 7 64 40 44 23 26 56 9 8 20 25 43 45 10 15 46 33 37
14 16 48 44 24 64 23 31 55 59 63 7 51 30 9 26 13 35 29 15 45 57 18 41 56 6 11 22 43 34 12 17 25 47 2 20 46 39 37 36 21 62 53 49 1 52 54 3 42 32 60 19 40 8 28 50 27 38 10 4 61 58 5 33
41 49 28 17 58 24 44 53 5 12 37 40 29 11 38 36 31 32 39 52 48 6 13 63 42 56 43 2 47 61 15 51 23 21 7 27 25 45 34 46 35 3 4 1 64 50 62 59 8 10 16 9 20 54 30 55 18 57 60 26 33 19 14 22
49 24 19 12 5 20 17 33 34 29 48 46 26 60 11 8 40 31 15 57 58 64 27 16 52 38 59 4 6 43 35 54 22 2 13 7 45 25 47 14 9 32 56 30 41 63 37 18 36 55 28 23 42 44 21 62 61 50 53 39 10 51 1 3
37 64 6 61 45 10 40 13 60 23 49 53 47 48 58 14 29 41 57 39 26 36 59 33 5 42 24 62 17 12 9 1 35 43 32 51 20 55 46 7 4 31 28 2 63 3 22 19 44 52 18 8 38 34 11 56 21 54 15 30 25 16 50 27
28 63 60 22 30 3 18 8 37 6 14 38 23 21 61 46 62 27 41 48 59 16 25 29 31 50 36 10 55 26 34 7 32 39 35 42 52 24 44 40 64 2 17 1 13 9 43 5 49 4 12 51 54 53 57 47 58 11 20 56 45 33 15 19
12 9 32 53 14 27 61 62 39 45 23 49 44 50 52 11 33 60 25 41 1 47 15 2 16 22 56 13 64 46 57 63 24 36 29 38 8 20 21 10 18 55 7 54 28 42 19 4 3 59 48 6 31 17 58 37 34 26 43 5 35 30 40 51
16 22 36 6 59 55 62 15 44 53 43 52 46 13 42 27 41 7 18 25 9 51 38 50 2 34 8 57 24 29 31 28 39 35 54 63 23 37 3 58 26 14 20 49 12 30 5 48 64 19 40 11 33 60 4 21 1 10 17 45 47 32 61 56
55 7 17 10 4 32 25 48 43 54 28 39 13 2 26 20 19 53 36 5 57 1 33 34 14 16 44 61 22 18 29 38 21 12 47 40 49 64 35 56 62 23 46 41 6 45 42 8 15 58 52 30 50 37 63 3 9 59 60 51 27 24 31 11
43 3 11 1 63 23 35 21 42 52 55 8 40 46 2 15 51 61 12 49 50 45 29 7 25 32 6 59 41 22 64 36 31 18 37 53 62 27 58 48 17 26 33 28 60 38 44 9 20 5 13 57 47 10 56 30 19 16 4 34 54 14 39 24
17 51 50 64 55 34 10 28 48 56 32 25 62 49 30 61 45 16 43 53 38 6 9 37 23 1 57 42 5 21 58 12 4 27 11 47 54 59 14 39 20 60 36 7 2 41 3 24 29 35 15 63 18 33 52 19 8 46 31 40 13 22 26 44
58 31 59 13 48 52 50 20 9 43 19 23 21 39 1 16 15 38 62 37 49 33 17 10 12 55 7 6 44 35 8 53 64 29 34 61 5 56 27 51 25 46 18 40 4 36 24 32 26 47 14 41 57 2 42 60 11 22 63 54 3 28 45 30
21 44 46 9 15 57 43 36 20 24 13 5 33 22 27 29 26 3 28 2 17 34 35 1 50 63 40 55 37 8 49 58 10 19 12 41 48 47 56 6 14 51 60 4 16 39 23 38 25 30 59 32 62 42 45 61 31 52 54 18 7 53 11 64
24 8 54 30 36 16 9 1 7 25 41 56 34 58 62 42 48 10 23 27 22 28 31 4 46 40 33 11 19 45 44 35 60 26 61 12 53 57 29 13 5 17 55 20 3 2 18 43 47 49 50 37 21 52 38 39 59 64 6 15 32 63 51 14
10 21 4 28 47 63 37 32 31 39 54 20 5 18 3 49 1 36 44 56 25 24 61 26 55 62 30 53 27 11 59 48 41 6 8 57 64 7 22 15 51 33 50 52 58 46 16 14 35 9 60 34 45 13 17 23 38 12 19 29 42 2 43 40
59 10 16 21 62 35 51 40 38 64 34 42 8 23 29 57 36 28 54 55 37 41 45 47 22 13 53 19 4 58 50 20 43 52 33 60 24 49 2 17 63 7 44 30 5 14 12 11 6 31 32 26 1 27 46 18 56 48 15 61 39 3 25 9
27 52 21 55 9 60 48 51 30 18 26 44 54 20 40 3 17 59 14 36 13 11 43 5 10 4 45 29 38 28 1 50 15 33 57 16 37 46 12 61 6 25 8 23 56 58 53 35 32 42 47 22 2 41 24 64 7 19 34 63 31 39 62 49
56 17 18 14 28 8 16 38 59 22 25 60 45 1 13 52 61 11 37 51 2 36 55 62 39 3 46 32 20 49 53 23 57 54 42 33 35 21 40 41 24 9 30 50 48 15 10 58 63 44 31 12 64 19 27 5 26 7 47 43 6 4 29 34
62 11 10 8 49 18 14 60 55 33 5 34 12 27 56 4 38 25 35 7 28 30 63 6 43 48 21 47 2 36 13 29 61 42 20 58 31 19 64 22 54 1 41 45 26 23 17 46 53 39 9 16 59 3 37 50 32 40 51 52 15 44 24 57
42 39 3 38 13 59 58 5 6 15 2 11 7 34 31 47 24 57 8 61 64 4 46 21 40 17 49 18 14 63 20 60 29 56 44 48 51 55 23 27 53 43 32 36 19 25 30 52 41 28 33 1 37 22 62 12 16 35 45 50 26 9 54 10
36 33 60 45 1 46 47 58 3 44 59 15 9 37 10 34 57 43 52 19 6 17 49 14 13 8 5 64 63 42 32 21 48 28 55 2 41 22 53 30 38 29 62 26 25 24 31 50 16 51 56 20 7 18 39 40 12 61 35 11 4 54 23 27
6 42 53 40 61 11 24 7 54 27 56 33 1 52 32 41 9 47 22 31 38 46 30 12 4 28 36 14 21 13 34 18 17 5 64 49 3 63 10 57 48 16 45 29 62 37 35 15 51 20 55 44 25 26 8 58 43 60 2 39 59 50 19 23
53 1 64 17 60 44 8 10 47 2 16 37 48 33 5 45 32 13 30 11 41 18 52 35 49 58 23 20 26 24 28 56 55 34 40 3 25 50 51 54 43 4 15 61 9 31 59 6 57 36 27 38 19 7 12 63 62 39 14 22 46 21 42 29
55 57 38 37 23 58 31 50 19 52 10 6 36 8 25 63 39 49 16 24 9 3 64 32 27 43 51 47 46 59 45 41 20 1 60 4 40 54 18 33 28 12 14 21 42 13 11 17 61 15 34 62 26 35 5 29 48 2 44 30 56 7 53 22
14 48 45 29 43 30 40 9 52 58 44 18 64 32 38 50 63 54 4 47 26 59 41 61 51 53 16 15 12 8 6 57 2 10 49 17 13 39 34 24 33 36 22 3 23 20 1 25 19 27 11 55 46 62 31 28 35 5 7 56 21 42 60 37
52 16 26 51 27 15 36 56 13 25 4 35 6 9 14 38 43 21 20 29 59 53 47 30 41 64 28 17 50 3 23 31 42 12 24 37 19 18 1 55 39 11 40 2 45 44 22 7 60 32 57 58 63 48 49 62 54 34 10 5 61 46 8 33
37 49 52 22 20 14 60 33 11 32 57 43 41 42 36 23 6 15 56 4 45 21 16 24 40 10 7 19 53 61 5 34 63 30 27 35 44 58 26 50 1 48 39 31 46 62 12 29 38 18 64 8 17 51 54 3 25 47 28 59 2 55 13 9
33 60 6 61 22 35 5 8 46 1 45 59 12 3 58 64 56 24 10 44 15 13 25 23 48 4 39 62 30 2 55 51 49 21 17 19 52 31 50 53 37 7 42 40 54 27 32 26 9 41 16 11 36 20 14 34 28 63 18 47 29 38 57 43
63 18 22 42 10 56 2 44 24 49 38 27 4 11 52 7 20 45 46 6 5 29 50 64 25 36 48 23 28 34 9 43 58 39 32 51 1 3 40 60 59 37 13 57 31 26 55 54 8 17 35 19 16 61 41 21 15 30 53 33 14 62 47 12
46 15 54 60 19 39 44 57 21 48 1 47 8 23 6 55 7 27 13 20 25 50 58 22 37 56 62 32 17 38 42 59 14 31 63 43 33 52 30 2 3 9 26 5 35 49 34 10 24 16 18 51 11 28 40 45 64 29 61 12 53 4 41 36
39 2 50 27 21 25 23 43 51 19 14 16 7 41 62 60 10 17 55 59 58 61 38 45 30 13 40 44 34 35 56 33 46 49 26 5 64 32 37 1 15 57 8 48 63 6 54 12 36 24 52 9 3 29 28 42 47 20 22 4 11 31 18 53
57 61 44 20 9 26 34 13 1 64 21 46 35 50 43 28 18 56 42 31 10 37 48 15 47 6 12 11 4 60 41 5 33 36 54 14 62 17 59 49 2 30 32 19 22 8 39 55 25 52 23 29 7 27 53 51 24 38 3 45 58 16 63 40
20 12 17 52 23 5 62 3 35 59 37 50 28 54 15 10 32 4 9 63 13 57 24 49 53 39 29 61 51 46 31 16 44 47 18 11 30 60 6 36 8 25 64 7 1 22 48 56 42 21 19 45 41 14 38 43 2 40 58 26 27 33 34 55
12 64 32 43 6 29 38 18 8 42 3 30 51 44 40 48 37 23 39 7 57 16 2 24 56 45 19 20 1 58 54 49 26 63 4 59 46 13 36 31 47 21 41 9 34 50 62 35 27 14 28 17 5 25 11 55 61 53 33 10 60 15 22 52
50 41 4 23 43 32 20 19 18 63 42 61 54 12 17 21 14 8 36 27 24 10 9 28 22 52 11 29 25 37 26 6 62 64 2 45 31 53 48 46 56 15 44 58 39 60 38 59 35 55 40 49 1 3 30 47 7 13 5 34 33 51 16 57
34 37 42 40 47 36 39 24 60 54 20 58 56 31 64 17 43 57 19 5 30 45 18 46 14 50 2 51 29 22 61 44 28 27 53 62 8 41 49 11 35 12 59 13 52 32 26 38 23 10 7 4 55 48 63 16 6 15 1 9 25 3 33 21
18 59 37 44 62 22 17 16 14 31 54 25 26 20 39 4 21 46 57 28 64 53 36 33 1 40 50 43 47 5 15 42 6 2 35 27 49 45 41 63 30 60 58 23 55 61 9 8 52 3 32 7 19 13 12 56 10 29 48 51 34 24 38 11
16 53 36 63 14 33 15 31 25 18 46 38 41 10 9 22 60 30 27 39 51 3 59 32 13 37 24 42 54 26 57 64 40 43 47 48 5 7 12 61 52 55 50 4 23 34 28 11 17 8 29 6 56 19 21 44 49 62 20 2 45 58 35 1
58 24 11 9 45 10 30 59 7 23 51 63 47 22 27 1 52 35 26 37 16 56 14 49 5 48 38 64 6 62 33 17 34 44 61 40 15 25 46 57 36 32 28 60 43 55 42 19 53 12 21 39 50 41 29 20 18 8 31 3 13 54 2 4
41 63 55 3 36 24 64 47 13 11 34 20 48 60 28 56 25 26 29 62 37 4 27 22 43 16 35 53 15 21 8 52 54 50 59 38 45 31 19 33 9 40 30 42 5 49 7 61 44 1 12 57 2 18 17 46 58 6 51 23 10 32 14 39
49 9 7 64 1 55 45 53 54 21 19 52 36 18 61 26 57 25 20 56 50 15 28 38 42 62 8 48 22 12 2 47 51 23 34 3 11 10 35 27 33 24 6 39 4 13 5 30 43 58 16 41 17 29 31 37 32 63 60 40 44 14 59 46
27 26 28 5 13 52 29 43 34 33 49 56 6 21 45 37 36 60 58 25 2 23 35 61 31 42 9 10 40 14 48 38 59 22 11 12 53 54 57 17 55 64 46 47 41 20 19 3 15 16 51 30 62 7 24 4 50 32 18 8 63 39 1 44
28 16 13 42 10 27 6 40 38 45 61 39 53 2 19 57 30 36 35 24 17 18 63 64 52 15 59 55 8 29 22 11 20 51 37 43 48 23 44 14 4 1 62 25 9 3 50 46 32 41 56 49 26 34 7 33 21 58 12 31 54 60 5 47
62 7 18 29 61 57 25 11 3 26 63 8 38 15 42 5 45 32 10 51 48 41 16 34 59 22 23 58 55 44 35 43 21 33 20 46 54 12 39 24 1 14 36 49 13 6 56 64 40 60 9 52 37 17 4 30 27 2 47 53 31 28 50 19
17 50 46 12 20 34 63 62 45 56 8 53 13 58 24 47 44 7 16 36 22 51 33 23 57 59 37 14 27 11 1 4 42 19 40 39 60 15 21 54 25 26 18 3 28 52 31 5 6 35 41 29 64 43 49 61 38 48 9 10 32 2 55 30
23 11 42 13 4 17 56 21 46 60 5 43 45 30 29 14 64 61 25 10 6 1 44 12 50 34 53 57 39 36 47 35 33 18 38 31 16 32 27 28 62 48 55 41 58 59 37 49 19 40 2 20 63 51 52 7 9 54 15 26 3 22 24 8
24 30 34 54 60 40 61 15 5 44 25 11 64 48 55 10 35 28 2 52 41 21 43 4 8 12 63 22 20 39 51 36 57 29 3 50 33 18 58 13 45 47 17 31 1 38 32 6 16 9 46 23 59 37 27 19 56 42 26 62 53 49 7 14
56 18 10 8 55 64 13 26 31 39 32 14 40 46 1 36 61 38 30 6 52 19 45 11 16 9 58 59 37 28 27 49 22 35 5 60 24 29 2 41 54 17 15 44 42 63 57 4 47 25 50 48 21 20 53 23 12 51 34 33 7 43 62 3
59 49 20 3 40 11 41 61 21 43 44 33 1 14 26 45 15 51 42 22 19 29 56 5 23 27 16 13 9 18 12 54 50 8 7 55 37 64 6 30 24 46 60 36 39 31 53 58 57 17 47 32 38 2 62 35 48 52 10 34 4 63 25 28
21 1 37 51 34 4 9 41 52 24 45 36 46 40 22 6 17 11 12 33 31 13 15 30 7 38 57 18 5 48 64 62 35 26 8 61 42 16 3 47 53 2 14 55 59 44 23 10 20 32 27 63 58 28 39 60 43 50 19 49 29 25 54 56
42 15 19 43 63 14 18 36 39 7 10 40 34 17 59 21 9 3 46 55 28 47 23 50 2 58 44 25 24 45 20 52 49 6 33 57 4 38 56 51 61 29 1 60 31 27 48 32 62 11 54 8 16 26 37 22 5 12 53 13 35 30 41 64
35 22 36 1 49 55 50 6 24 15 16 54 62 39 51 64 63 41 37 48 12 34 61 9 4 43 21 2 56 46 32 13 25 52 30 33 20 60 23 19 8 31 53 29 57 58 3 14 26 27 38 11 45 10 5 40 28 7 17 59 47 44 18 42
10 57 3 44 2 18 7 20 19 53 55 37 5 24 43 28 1 25 8 29 21 11 32 63 12 35 6 27 62 61 42 33 39 60 13 58 47 52 49 22 50 36 56 45 64 23 40 15 46 31 48 17 34 14 54 59 41 30 4 51 38 9 16 26
33 10 55 37 32 38 15 39 60 22 57 44 25 13 11 40 24 1 4 41 59 50 7 47 62 54 61 6 35 27 58 42 63 5 12 2 30 49 64 56 48 23 45 46 52 8 18 9 29 21 31 51 36 16 14 43 20 34 28 3 17 19 26 53
4 48 61 17 27 8 28 7 47 12 56 23 9 60 3 55 6 59 62 53 37 36 31 52 39 32 5 33 63 24 50 51 64 49 29 42 58 11 14 15 21 16 26 30 34 45 1 44 10 20 18 19 57 35 41 46 54 22 2 40 25 13 38 43
36 37 47 52 15 24 35 32 62 6 13 16 42 56 2 63 19 31 14 18 43 59 30 21 48 3 38 55 44 34 25 20 26 50 57 41 40 27 46 58 28 33 7 1 54 60 22 17 49 10 61 39 11 9 45 12 8 23 5 4 64 53 29 51
9 45 6 21 28 15 11 59 8 5 26 60 32 43 31 41 39 53 55 47 10 30 49 62 44 1 36 46 48 3 13 7 61 16 17 23 27 56 25 29 64 37 4 2 35 14 34 50 38 19 52 12 18 22 40 42 24 20 63 54 58 57 51 33
49 60 16 45 19 63 48 33 51 47 1 5 21 27 56 3 50 46 23 44 26 64 17 40 41 29 9 53 30 8 15 6 28 62 59 20 13 58 18 7 43 11 32 54 12 35 10 52 42 36 57 22 4 25 38 55 34 61 14 2 39 37 31 24
34 59 21 58 16 30 51 28 36 29 2 42 17 7 63 32 26 48 22 11 49 12 64 54 45 10 50 25 19 31 55 41 44 13 24 47 23 53 43 6 39 3 57 20 40 18 38 62 61 4 60 37 5 52 8 56 15 35 1 9 27 33 14 46
43 31 17 20 58 3 34 5 9 2 59 52 62 1 6 50 21 13 41 57 23 16 55 15 27 8 56 32 28 49 44 12 14 10 60 54 35 19 53 40 63 4 42 48 46 36 26 29 64 51 22 7 25 61 30 18 37 47 38 45 11 24 33 39
53 9 59 40 21 35 37 48 1 27 41 15 23 19 12 60 58 43 54 61 25 5 13 7 51 17 29 20 31 2 6 38 4 30 49 63 46 57 36 39 52 62 8 50 22 24 11 55 3 18 33 16 47 32 28 34 26 64 44 56 14 42 45 10
31 8 53 60 5 22 45 10 20 17 36 12 44 33 30 7 51 50 18 49 56 37 27 14 55 6 35 47 34 13 23 63 32 42 19 16 1 3 29 46 59 43 54 28 48 9 24 26 41 64 21 4 38 62 57 39 25 40 58 61 2 15 11 52
46 33 64 10 9 36 2 16 12 21 4 7 40 42 27 38 13 54 39 19 50 62 52 6 32 55 48 51 41 25 8 57 31 56 63 49 29 43 22 53 17 15 20 61 44 26 5 18 60 24 28 45 3 1 58 37 47 11 35 30 34 14 59 23
50 53 4 61 40 16 43 24 11 32 42 6 18 10 15 27 33 47 9 12 30 28 29 41 52 14 13 19 64 38 5 56 48 1 26 17 3 45 51 49 20 7 22 25 55 37 44 8 63 39 35 58 62 60 46 2 31 57 54 23 59 21 34 36
52 17 50 9 32 58 36 40 35 12 28 49 34 8 7 23 48 38 20 2 46 61 41 45 10 64 30 43 53 42 29 31 6 54 18 14 44 63 19 1 26 51 13 39 56 22 59 25 24 3 11 55 27 33 57 4 16 5 37 47 15 60 62 21
56 42 44 14 29 5 20 47 37 45 35 34 27 40 12 17 38 36 19 62 1 10 46 16 49 26 24 4 50 21 41 23 58 28 53 51 8 13 48 22 6 30 59 57 63 25 39 7 52 15 64 9 54 3 18 33 2 31 61 11 60 32 43 55
16 52 60 6 63 23 17 18 30 56 20 25 9 49 58 4 10 8 43 15 45 33 36 54 46 53 11 27 2 40 26 28 41 31 32 5 19 24 1 12 37 21 44 13 3 61 7 38 62 59 14 57 50 34 42 47 64 39 48 22 35 51 55 29
20 63 32 28 22 29 47 8 42 48 38 18 26 64 39 49 62 60 36 25 58 12 24 37 1 56 45 14 15 5 53 34 46 2 35 19 17 41 10 33 51 4 43 23 6 55 50 59 40 52 9 44 7 27 54 30 21 16 3 31 61 13 57 11
62 24 26 30 48 33 39 60 18 55 57 50 28 13 32 52 25 49 56 20 51 17 58 35 37 54 2 11 40 63 59 29 43 47 12 4 45 22 34 27 36 9 64 7 19 23 16 61 8 14 15 38 46 42 41 44 10 31 6 5 21 3 53 1
58 27 48 55 36 60 5 19 44 42 34 30 4 32 28 20 7 45 52 41 24 15 47 46 53 63 51 61 14 35 31 59 29 21 2 38 49 37 26 17 3 25 62 40 9 18 43 54 1 8 13 12 57 6 56 23 11 10 22 39 33 16 50 64
18 2 52 53 30 44 64 3 6 22 14 61 36 20 13 46 63 10 27 56 15 11 48 28 5 4 23 29 58 37 33 47 24 51 34 45 41 21 50 7 55 31 39 42 60 32 17 43 9 25 59 49 19 54 62 16 35 26 8 12 38 57 1 40
28 39 54 23 6 10 26 53 25 49 13 46 64 34 40 61 14 21 35 37 2 24 32 1 62 9 33 48 3 60 12 16 17 27 44 11 51 47 30 36 5 43 50 4 45 15 18 19 29 55 7 52 31 41 58 22 59 38 20 8 56 63 42 57
41 61 19 27 55 26 30 21 59 7 46 18 29 22 45 56 37 32 25 36 28 10 38 2 14 39 8 58 4 43 54 48 60 63 64 3 52 17 47 51 15 40 57 5 62 50 9 24 20 1 31 34 16 53 11 35 6 12 33 13 44 49 23 42
39 3 11 63 60 46 24 1 14 52 25 20 42 21 51 48 54 27 13 4 9 53 59 34 41 35 19 22 55 36 61 17 2 44 47 40 5 50 37 56 30 23 7 26 12 38 62 32 64 28 57 6 58 16 18 29 49 15 45 33 10 31 8 43
35 44 58 22 45 25 8 51 7 29 21 59 5 37 11 34 43 24 15 31 16 26 14 10 40 28 49 13 6 62 56 18 50 23 42 27 12 39 41 48 9 61 33 47 4 63 57 20 36 32 19 1 17 3 52 64 38 60 55 53 46 54 2 30
37 41 16 42 4 39 10 57 47 44 3 38 33 50 31 1 48 17 26 5 52 51 45 24 30 12 43 18 9 59 2 58 55 36 62 35 15 20 64 14 54 60 46 21 25 27 28 56 53 11 40 23 34 13 8 61 32 19 7 29 6 22 63 49
14 49 20 10 1 52 44 62 42 33 16 11 46 27 17 15 60 30 41 39 19 47 7 50 12 36 59 6 43 31 22 5 23 13 37 55 4 25 18 57 2 29 40 58 8 26 32 9 48 56 51 63 45 35 24 21 61 53 3 34 54 38 64 28
11 21 61 12 43 34 14 58 6 1 32 23 53 46 55 57 18 48 54 52 17 64 31 33 24 38 63 2 51 22 28 44 62 39 4 60 13 7 59 10 47 16 45 9 5 8 42 35 15 40 41 30 36 19 27 3 56 29 50 49 26 20 25 37
63 22 55 54 27 59 12 44 18 58 49 53 47 2 42 29 36 26 16 28 31 13 23 11 10 52 39 15 35 14 48 60 34 64 57 37 33 38 21 41 25 24 30 19 6 9 56 4 51 5 46 32 1 20 17 7 50 61 8 62 45 43 40 3
24 50 45 6 34 56 31 13 11 23 37 47 32 43 36 46 9 15 18 55 38 19 25 63 22 62 57 64 17 26 53 1 61 42 40 59 60 27 35 30 14 3 41 54 2 52 48 29 16 49 12 51 33 44 21 20 58 5 4 10 7 28 39 8
42 30 28 45 16 32 60 15 48 39 55 40 18 7 64 47 6 51 4 59 12 23 61 52 56 29 44 17 20 11 27 57 31 35 13 50 54 58 5 21 38 46 36 49 26 2 10 3 24 9 34 41 63 33 53 19 1 22 37 43 62 25 8 14
49 1 47 51 59 40 38 11 37 60 10 14 21 41 63 23 52 57 42 22 64 29 56 26 32 15 46 44 25 28 45 31 35 34 7 62 24 53 43 13 6 17 58 36 16 3 19 30 61 20 54 8 55 48 39 12 9 50 2 18 4 33 5 27
4 57 6 5 49 52 40 18 55 59 61 36 1 15 22 3 20 31 12 29 41 45 50 46 2 10 58 33 8 39 32 34 25 21 11 7 53 37 56 19 43 47 54 44 42 62 23 13 17 35 38 48 64 9 14 51 27 26 28 16 63 30 60 24
59 16 53 43 24 10 25 50 9 11 4 12 23 30 14 17 61 41 29 27 5 34 28 6 45 26 7 57 1 18 64 21 22 33 38 2 42 3 49 58 62 36 56 48 31 39 55 40 35 44 32 20 46 52 37 63 54 13 51 8 60 19 15 47
17 48 34 38 62 33 35 41 3 53 26 56 25 58 61 55 12 28 39 11 43 46 64 47 49 8 15 10 27 44 51 59 21 22 20 57 29 31 14 63 37 7 32 2 45 36 30 1 23 60 16 9 18 42 5 40 19 6 54 52 13 50 24 4
6 31 38 64 2 26 48 61 34 19 1 39 45 25 56 63 24 11 58 57 13 3 9 14 59 27 16 42 29 21 8 17 15 36 5 54 20 43 23 47 33 51 55 52 35 49 40 18 60 12 50 62 4 22 46 28 41 10 30 53 32 37 7 44
23 18 64 52 61 27 13 8 36 17 41 34 38 33 59 37 30 3 62 51 46 56 24 7 42 58 40 15 12 5 20 11 63 1 29 39 48 57 28 6 45 2 14 21 9 35 26 44 25 31 55 19 50 32 49 43 10 16 60 54 53 4 47 22
27 24 3 58 10 60 56 36 38 42 44 63 51 19 1 40 32 46 30 53 49 16 18 62 25 64 8 59 22 37 47 12 48 31 33 20 23 50 57 54 35 11 4 55 28 14 43 52 26 39 2 29 41 34 45 5 7 15 6 61 17 9 13 21
33 53 21 60 36 17 29 26 25 5 43 7 44 39 52 10 35 13 57 18 22 6 15 16 1 32 9 55 62 27 49 23 46 28 3 12 11 24 58 50 48 30 8 41 63 31 54 64 42 4 56 37 59 61 38 45 20 34 14 40 47 2 19 51
43 51 10 37 19 34 62 48 20 63 36 49 13 18 6 32 26 54 22 25 15 59 44 38 46 42 45 23 55 8 35 5 40 52 24 41 27 56 2 29 3 1 28 11 60 30 17 14 47 64 61 58 21 7 4 16 12 57 33 9 31 39 50 53
34 11 13 20 6 25 63 3 51 21 56 54 26 17 43 41 64 1 10 37 38 57 35 45 50 59 61 46 53 36 9 16 32 5 18 40 8 19 12 2 4 14 60 31 52 24 39 48 27 47 29 49 55 28 42 30 62 23 58 15 33 44 22 7
21 42 60 61 13 59 9 10 19 47 63 27 56 24 5 7 57 8 2 55 26 36 49 40 48 22 53 17 14 43 34 41 64 54 25 45 62 52 29 28 30 15 1 20 3 44 38 50 32 18 23 6 37 51 12 33 16 35 11 4 39 58 31 46
18 12 50 14 29 5 16 20 31 32 45 6 8 1 2 52 38 56 23 7 59 37 36 9 39 34 28 44 46 63 13 4 49 19 27 62 17 15 10 24 26 33 42 3 41 22 35 58 57 30 48 11 54 25 40 60 21 47 61 51 64 53 43 55
31 33 32 9 47 44 25 7 54 43 42 16 34 56 19 22 13 36 55 10 17 4 48 37 27 45 24 20 15 12 58 35 57 62 8 38 64 49 40 60 61 5 26 46 23 41 1 59 52 3 18 30 11 29 28 21 6 51 63 39 14 50 53 2
39 59 26 30 28 57 38 60 1 45 19 8 40 44 9 49 22 35 14 2 52 33 46 21 37 50 62 32 3 42 29 6 4 10 53 51 58 17 48 15 20 64 13 23 54 34 24 43 41 27 47 63 36 18 31 12 5 7 55 11 61 16 25 56
36 10 22 31 48 58 18 6 39 24 8 50 38 21 3 14 56 43 62 52 1 5 25 30 23 40 29 53 26 61 42 47 28 49 32 35 15 59 46 13 51 37 20 9 34 45 16 7 63 41 60 4 17 27 54 44 2 64 12 33 11 55 57 19
20 52 18 38 62 11 44 33 14 6 51 5 17 42 10 28 41 16 46 19 48 61 63 12 47 36 50 57 31 13 59 29 39 56 49 55 35 25 27 9 15 21 22 60 40 37 34 26 8 58 32 1 7 43 30 23 24 53 45 3 2 4 54 64
9 64 7 28 5 63 23 53 35 2 54 37 48 8 62 26 33 59 36 47 24 50 20 32 4 43 21 6 17 45 31 56 3 12 40 27 16 11 39 30 55 41 15 61 25 58 22 49 46 51 38 44 57 14 52 18 34 60 19 13 29 42 1 10
37 15 38 55 58 29 28 21 12 44 14 30 54 49 26 36 10 4 8 22 45 53 41 18 7 16 33 13 24 60 57 51 43 2 61 31 47 23 50 40 59 25 17 5 39 62 11 32 3 42 27 52 34 1 56 19 64 20 48 63 6 46 35 9
46 3 36 17 22 56 47 50 44 52 38 54 32 64 24 34 58 7 20 49 57 41 2 4 55 53 6 43 9 29 33 18 51 16 35 19 37 63 26 21 25 12 28 45 48 59 31 61 10 15 13 39 42 60 62 40 8 11 1 30 27 14 5 23
16 39 46 40 17 32 31 15 13 33 35 12 36 9 30 27 51 60 37 44 56 18 43 61 57 3 48 10 47 58 23 54 24 26 38 11 45 21 1 14 28 55 53 29 4 20 59 8 49 19 64 22 2 6 63 62 50 42 34 5 7 25 41 52
59 60 42 21 23 4 24 1 62 11 2 25 6 32 13 20 39 47 26 33 9 15 29 41 16 14 56 18 64 35 61 48 55 50 54 37 49 45 28 36 63 43 30 19 46 52 5 10 44 8 12 7 27 17 57 22 31 38 53 34 58 3 40 51
14 63 4 13 32 18 51 41 52 48 28 42 25 10 22 5 44 53 15 27 58 24 16 23 30 1 37 64 39 49 45 31 20 6 59 61 3 29 35 46 62 57 33 40 43 60 50 17 19 21 9 55 56 26 8 47 12 54 38 2 34 7 11 36
10 45 52 53 20 39 30 28 60 54 55 49 27 14 41 8 12 61 29 48 23 17 47 64 31 38 5 62 50 24 26 44 6 51 34 58 40 13 3 33 36 9 43 42 57 46 7 35 1 25 11 32 16 2 18 59 37 19 22 56 15 21 63 4
49 41 37 8 27 16 34 11 30 23 48 38 45 50 17 64 52 15 25 36 12 26 33 54 53 39 43 14 63 40 5 7 29 44 62 42 1 20 2 61 56 60 4 13 55 18 32 46 6 59 51 57 19 10 21 35 28 58 9 31 3 24 47 22
24 21 17 52 59 46 20 19 8 26 34 43 7 60 29 16 30 45 13 6 10 28 58 49 32 9 51 42 25 48 50 63 33 47 18 14 4 12 44 53 64 61 40 54 62 27 3 56 41 36 55 23 5 37 11 39 35 57 31 22 38 2 15 1
4 44 10 63 34 38 26 32 45 1 37 35 33 43 55 61 21 17 42 15 31 57 28 47 5 6 2 22 19 12 41 52 14 8 7 59 46 64 36 11 39 48 56 58 13 30 53 54 9 24 40 16 3 29 49 20 62 50 51 18 25 60 23 27
18 7 32 3 21 36 6 57 55 59 25 56 9 31 11 60 1 20 43 61 50 34 14 35 22 12 63 2 41 28 15 58 44 27 30 49 52 16 37 19 54 23 46 26 64 39 40 24 38 10 33 45 47 53 17 51 48 8 5 62 4 13 42 29
42 8 48 43 15 23 7 47 59 60 57 44 21 13 36 41 50 10 12 24 51 45 56 22 14 63 19 33 2 62 35 28 58 54 37 3 5 32 64 27 38 17 6 1 31 49 55 9 25 52 16 34 46 18 4 61 11 40 20 29 26 30 39 53
11 27 59 9 63 8 14 43 24 58 13 36 23 25 2 15 19 49 4 20 28 46 17 50 55 37 38 61 48 3 6 60 26 10 64 7 62 54 12 29 5 40 42 57 1 41 44 30 47 16 21 51 31 35 39 56 18 22 53 52 45 32 34 33
52 61 55 27 14 25 8 13 60 56 46 33 35 7 10 38 9 31 30 5 37 21 50 1 45 28 59 47 6 2 51 20 42 23 63 57 11 22 53 58 17 49 36 4 16 3 48 15 40 18 34 41 64 44 12 29 26 32 43 54 62 19 24 39
58 17 44 61 30 24 37 16 54 25 41 60 53 11 39 56 36 50 10 63 21 19 52 34 51 13 40 48 5 14 32 43 23 22 4 33 3 18 49 2 9 46 59 28 12 45 62 6 57 1 15 8 38 20 42 64 27 35 7 47 29 31 55 26
57 50 34 58 55 40 10 62 8 39 20 46 5 15 45 1 32 27 19 59 6 61 18 52 12 4 23 53 37 42 2 21 24 16 29 47 49 41 30 63 14 51 64 11 56 35 9 25 36 31 22 38 33 48 7 3 54 13 17 26 44 28 60 43
55 9 64 53 10 29 36 31 20 27 21 34 13 41 63 48 17 23 18 28 24 51 35 62 4 45 15 25 12 61 22 42 59 49 2 50 1 38 6 56 52 3 32 47 5 26 30 40 46 11 57 16 58 60 37 7 19 39 44 43 54 33 8 14
6 22 45 37 1 14 11 3 9 12 54 40 51 48 32 46 35 38 52 13 19 30 59 5 25 53 57 43 27 44 56 50 41 34 60 16 31 39 29 17 18 7 26 61 8 36 28 20 49 55 2 62 63 42 24 4 58 23 33 10 21 15 64 47
33 2 26 1 58 64 40 39 25 49 59 63 4 34 31 11 60 21 22 51 16 12 45 6 42 43 36 15 54 18 27 57 17 30 53 3 13 47 23 28 8 24 14 50 44 55 19 29 10 41 52 48 20 61 5 37 32 62 35 9 56 38 7 46
56 37 13 64 4 58 60 9 5 47 32 25 12 18 24 40 6 26 57 11 49 1 7 15 53 17 39 55 51 27 33 34 35 29 44 46 23 63 21 48 43 36 54 30 19 31 42 38 3 14 50 20 45 62 41 28 10 52 61 16 59 22 2 8
34 31 47 20 16 3 17 56 51 53 4 14 26 37 6 50 25 30 39 29 46 13 24 61 8 36 44 64 35 21 55 38 32 60 19 5 48 57 43 1 45 41 58 7 22 15 10 62 23 40 54 11 18 52 27 63 9 12 2 33 42 49 59 28
17 12 36 21 19 56 61 51 37 18 16 47 42 30 52 26 45 57 23 4 64 33 9 38 44 62 53 59 34 22 20 29 40 43 24 60 27 31 5 54 6 1 41 48 2 25 35 55 63 15 14 7 3 32 28 46 49 8 58 50 10 39 13 11
23 18 20 44 13 34 43 24 46 32 36 27 48 52 14 47 15 60 16 39 2 64 31 28 7 35 30 57 4 26 42 12 22 63 25 17 51 10 59 49 3 62 45 29 41 8 11 19 53 5 61 9 56 1 54 55 38 6 50 40 58 37 33 21
35 17 22 51 2 10 18 61 1 15 42 52 47 40 64 32 36 24 55 62 9 29 38 7 57 48 16 46 20 11 49 59 25 56 33 43 44 60 34 39 21 30 50 41 6 13 23 5 27 12 31 19 4 28 45 58 8 53 54 3 26 63 14 37
50 33 28 6 24 27 12 48 34 55 10 20 46 2 19 37 61 35 54 36 22 47 64 41 52 15 45 23 40 39 9 62 63 18 17 4 16 49 14 57 25 21 7 31 60 58 56 3 32 44 59 38 11 26 53 42 43 5 1 8 13 51 29 30
27 16 60 42 61 63 58 44 38 22 3 59 18 64 40 23 26 51 41 15 1 62 32 45 47 52 7 33 43 31 12 13 49 28 20 48 30 21 57 6 35 29 39 9 46 14 5 4 36 17 19 55 50 25 8 2 24 34 37 56 11 54 53 10
21 10 16 12 40 55 35 5 19 24 2 7 56 20 59 57 41 54 27 33 30 23 48 64 49 42 13 51 62 37 53 36 28 52 26 61 46 11 18 47 17 32 6 39 45 22 31 14 15 8 29 58 1 34 38 43 25 63 60 4 3 9 50 44
63 8 46 14 15 39 62 59 52 33 56 5 64 58 51 10 24 25 9 6 43 4 41 37 23 1 11 48 53 34 44 7 21 13 57 42 60 29 22 50 36 2 55 26 28 32 54 38 35 3 18 49 31 17 30 45 61 16 47 12 27 20 19 40
9 50 3 55 43 46 5 40 14 45 35 23 25 19 26 8 58 28 2 59 15 53 17 63 27 22 29 32 12 38 64 60 6 62 42 54 37 20 10 51 1 16 33 36 48 24 18 11 52 4 34 39 21 13 56 7 41 47 30 61 44 57 31 49
62 51 17 5 49 52 64 18 43 26 21 6 36 9 3 4 50 7 19 24 45 37 23 30 40 34 61 58 56 29 54 48 55 12 27 59 42 32 46 41 39 31 60 44 25 2 57 13 1 47 14 8 38 22 63 16 20 10 28 11 35 53 15 33
43 30 21 31 45 16 36 10 62 19 38 11 12 33 61 5 18 32 58 20 48 56 63 26 46 3 28 6 22 59 1 52 54 35 13 50 29 25 41 24 37 14 53 2 23 34 39 40 8 49 9 57 42 27 17 55 64 60 4 15 47 44 51 7
28 64 50 30 48 20 13 36 35 60 45 42 32 27 9 29 39 38 18 57 26 5 46 33 16 40 56 53 58 24 47 17 4 21 3 12 15 19 51 54 2 25 8 23 34 61 22 52 44 10 41 1 55 6 31 37 7 11 63 49 62 43 59 14
53 11 42 17 6 22 23 38 31 63 14 34 21 15 1 20 48 4 26 56 13 59 49 50 37 32 24 10 9 5 28 35 62 2 12 41 19 27 58 61 52 47 36 55 57 44 7 18 16 60 64 29 54 43 46 30 40 51 8 45 25 33 39 3
12 48 53 45 29 4 37 7 36 39 13 61 62 24 17 15 10 56 20 18 5 16 44 9 50 55 49 27 35 25 57 28 43 33 8 2 47 46 21 22 64 11 32 3 52 6 59 26 42 30 54 51 41 19 58 23 34 40 14 63 31 38 60 1
31 49 18 28 9 11 2 62 59 21 34 8 5 10 42 17 37 15 52 41 23 36 25 4 44 56 45 61 29 63 26 16 57 19 47 7 64 13 3 53 55 33 43 46 54 60 50 1 6 24 40 12 27 14 39 35 38 20 48 51 32 58 22 30
41 60 7 8 14 57 40 1 39 59 51 30 13 34 43 36 12 10 25 49 56 15 33 16 24 50 5 29 28 45 58 18 31 26 11 47 35 23 48 21 38 17 62 20 44 46 3 61 32 64 27 22 37 2 52 4 6 42 55 54 53 19 63 9
10 42 52 13 22 32 39 40 7 2 43 53 44 60 36 48 19 11 35 25 37 41 30 12 1 6 9 18 51 49 29 47 50 8 61 14 45 38 27 46 63 26 59 21 3 20 24 55 17 58 23 4 16 33 57 28 54 64 34 31 15 62 5 56
59 37 34 40 28 38 10 53 45 27 63 50 8 49 5 55 21 17 46 48 41 26 29 52 62 16 39 14 25 58 23 56 60 1 44 4 20 64 30 47 61 22 57 42 19 9 43 6 51 36 15 32 33 7 12 3 35 31 11 18 54 24 13 2
55 3 11 29 23 30 8 51 48 17 49 60 33 46 41 27 22 16 36 28 57 6 43 24 59 45 44 19 64 35 61 21 15 42 37 63 12 53 47 9 4 5 54 13 31 50 40 58 62 32 52 34 2 10 14 20 56 7 18 26 38 25 1 39
24 63 4 23 60 18 29 20 30 42 28 44 17 50 43 38 33 61 8 10 31 3 13 62 14 58 59 47 37 36 15 11 39 5 19 55 54 56 26 49 9 51 40 1 12 35 16 46 25 27 57 45 34 41 7 22 32 48 6 52 64 21 2 53
46 15 37 3 62 40 41 26 24 29 20 16 18 7 39 49 57 13 30 5 10 17 50 11 52 27 38 22 44 8 55 63 2 31 54 33 58 12 6 36 14 64 1 19 35 45 53 25 60 56 21 23 59 51 4 43 48 32 9 47 61 28 34 42
53 57 45 22 63 36 28 58 44 54 8 35 29 31 56 34 9 41 62 61 21 50 2 14 30 13 33 11 6 60 51 20 64 39 17 27 40 18 12 10 47 4 15 49 43 59 1 24 38 25 48 52 5 32 37 46 16 19 3 23 7 42 55 26
49 18 10 60 36 33 7 15 51 6 48 39 47 22 45 64 43 50 14 63 12 11 16 2 31 4 62 42 55 46 32 1 3 34 35 23 8 52 53 27 56 37 44 25 5 24 26 9 40 59 13 17 57 54 38 58 19 61 20 29 21 30 41 28
36 7 6 45 59 5 24 8 11 43 37 33 9 14 30 28 1 3 2 47 51 10 18 21 12 64 16 25 26 22 13 41 20 52 27 57 17 54 56 39 53 15 46 40 4 55 34 49 61 42 35 44 19 48 58 63 31 50 38 62 60 32 29 23
43 12 59 51 55 44 9 33 3 56 1 18 34 32 10 16 20 53 42 2 19 24 35 11 5 38 50 62 40 13 31 23 48 6 49 46 64 58 36 28 15 60 14 52 63 25 17 8 57 21 22 41 45 37 27 61 26 29 4 30 39 7 54 47
20 53 22 38 30 14 25 31 54 23 55 36 35 41 42 52 32 1 12 13 50 56 61 46 48 9 19 51 5 40 6 11 26 64 24 58 29 37 59 63 33 47 4 60 45 2 44 15 16 28 7 62 18 27 21 39 49 57 17 34 10 3 8 43
14 21 38 3 19 55 61 39 13 48 25 12 53 8 32 40 64 27 58 31 17 51 36 34 2 37 23 20 1 29 35 44 33 10 7 5 4 16 49 57 54 11 41 47 22 63 30 50 26 9 28 6 42 52 56 59 62 15 45 43 46 60 18 24
39 27 44 53 17 8 34 21 37 25 26 14 51 40 29 3 56 36 55 41 6 57 15 32 49 10 61 13 2 62 48 4 54 18 47 43 16 59 23 33 50 9 30 5 1 58 35 20 19 52 60 38 46 22 45 42 28 12 7 11 63 31 24 64
57 61 48 55 21 60 26 18 12 44 32 40 4 13 28 14 35 43 15 27 38 29 20 1 51 39 6 58 19 63 47 31 46 50 30 45 52 3 41 56 24 36 53 25 9 37 62 10 42 64 33 23 17 8 5 34 2 54 22 16 59 49 7 11
27 22 53 8 20 59 14 13 60 52 5 15 7 25 61 1 17 54 28 4 58 47 32 23 46 62 21 55 24 49 29 6 43 16 2 31 51 45 35 19 26 41 64 11 56 34 48 30 9 12 50 63 36 3 18 40 37 38 44 10 33 39 42 57
16 9 55 28 5 29 18 50 11 64 4 47 46 30 3 32 14 23 13 10 24 21 52 38 56 35 8 59 63 44 58 54 57 49 34 19 62 41 1 17 51 7 45 2 40 61 26 48 15 20 12 37 25 60 42 33 27 39 31 22 6 53 43 36
6 44 47 60 27 35 11 8 3 12 19 38 56 18 59 63 52 31 4 25 22 36 14 49 57 54 46 32 48 24 2 58 51 43 62 17 33 15 37 1 5 61 20 42 39 26 9 29 23 40 16 30 7 41 28 45 21 64 10 53 34 13 50 55
52 24 58 31 47 23 60 10 6 1 16 54 42 37 9 22 44 51 39 49 28 34 38 41 40 15 36 2 50 25 26 43 14 30 59 61 27 11 5 29 64 3 55 57 8 32 7 17 63 35 56 48 4 20 62 21 18 13 12 45 53 46 33 19
17 10 42 9 34 24 12 16 8 58 41 37 23 1 51 61 30 20 27 7 56 19 36 18 13 29 40 4 54 59 22 50 62 26 63 33 46 53 43 6 48 57 28 45 3 38 55 25 60 39 31 32 11 44 49 64 5 52 35 2 47 15 14 21
9 39 11 29 40 27 17 31 5 18 8 46 6 48 1 7 57 30 10 20 52 41 45 21 53 14 28 25 15 43 33 38 55 44 26 60 42 64 34 61 56 32 58 4 13 36 3 62 49 47 59 12 54 35 24 16 50 22 19 63 2 51 23 37
62 11 28 37 49 16 63 61 55 25 46 52 38 21 40 60 54 48 23 56 41 33 50 15 32 59 43 29 27 58 34 12 35 36 42 7 8 39 14 24 20 2 22 30 64 3 18 19 6 31 51 57 1 26 17 44 47 10 5 13 45 9 53 4
28 17 7 61 36 57 16 5 18 42 20 27 40 56 52 64 32 59 54 39 45 12 24 26 47 63 48 23 34 3 1 44 31 35 38 37 19 13 6 60 14 33 43 21 62 15 50 11 8 58 2 55 41 53 46 51 10 30 9 49 4 22 25 29
11 30 17 44 9 33 48 60 7 55 57 20 27 39 13 45 10 21 26 37 25 3 59 6 14 52 15 61 31 36 28 42 40 23 29 16 24 49 64 51 38 43 1 50 2 18 19 35 47 4 46 22 58 34 53 62 12 32 54 5 56 63 41 8
34 2 20 6 10 25 30 38 13 11 37 8 26 42 36 46 56 57 9 22 43 4 33 45 23 3 51 44 39 12 54 64 28 31 61 35 5 27 50 41 62 24 17 58 55 52 53 1 48 14 29 19 21 16 7 18 59 63 47 15 32 60 40 49
35 50 32 17 60 11 31 19 62 45 59 61 12 9 22 20 13 28 29 55 6 30 52 34 27 42 24 10 43 39 5 16 3 33 53 23 49 56 40 7 15 48 36 41 26 14 37 8 25 1 38 51 63 18 54 2 64 47 44 4 21 58 57 46
21 15 37 30 45 38 6 9 24 7 10 59 54 52 19 49 33 3 22 29 48 23 47 64 39 53 11 17 4 8 20 36 44 62 25 50 31 12 18 2 63 16 26 1 41 13 34 46 5 42 32 58 55 14 40 56 43 35 28 61 60 57 51 27
50 42 44 54 4 10 58 24 43 6 51 25 34 20 26 47 18 41 8 62 49 45 29 5 7 12 2 27 56 48 9 63 32 19 11 14 3 23 28 30 33 37 39 36 35 46 1 38 52 15 21 17 16 13 57 59 31 60 53 40 61 55 64 22
37 60 13 12 17 40 62 59 20 52 49 63 45 2 7 56 35 36 16 53 23 26 25 9 31 28 30 42 14 38 50 21 4 29 3 5 47 24 58 48 18 1 32 19 57 27 22 61 46 44 55 6 64 43 41 34 11 51 8 39 33 54 15 10
23 21 36 52 19 22 43 53 31 48 54 49 6 58 55 57 45 24 25 63 30 28 64 38 50 56 37 13 15 60 27 1 33 12 18 51 35 46 44 14 59 26 41 3 16 39 32 7 17 8 61 34 20 10 4 29 62 5 11 9 42 2 47 40
4 31 16 23 15 52 20 62 59 44 43 53 38 11 63 50 64 61 41 5 2 17 49 35 25 32 13 46 19 21 57 29 24 51 12 47 58 22 26 36 45 14 60 28 54 30 10 6 27 56 18 8 3 9 40 55 48 42 1 33 39 37 34 7
33 51 64 21 22 20 45 39 36 32 61 38 28 40 24 52 48 43 54 44 46 18 15 16 8 17 29 58 26 27 12 41 59 56 60 49 1 25 10 53 9 30 13 5 23 31 57 50 3 55 2 4 34 7 37 47 19 11 63 62 6 14 35 42
39 49 38 20 5 15 35 7 44 24 34 12 18 48 17 4 9 47 30 51 57 13 23 32 55 36 53 11 3 14 64 59 6 8 33 41 52 50 29 40 28 25 42 46 1 22 16 26 10 21 60 45 27 19 54 58 61 62 2 56 31 43 63 37
18 64 48 27 23 36 34 21 39 29 25 11 40 8 2 26 17 54 19 24 10 53 30 14 45 37 38 6 22 42 59 35 20 28 5 3 13 52 57 33 61 62 50 60 31 49 56 58 41 9 12 16 47 1 63 46 32 7 55 51 15 4 43 44
46 16 52 63 6 30 41 32 34 21 26 40 47 7 14 10 19 35 39 36 12 11 18 22 4 27 23 20 44 45 53 56 48 42 13 2 17 37 3 15 25 64 8 55 9 60 54 5 1 49 28 29 57 62 31 43 38 61 58 50 59 51 33 24
10 33 21 5 24 4 25 26 30 43 38 23 29 13 41 3 20 11 18 61 9 6 35 54 16 34 7 64 1 37 56 17 22 2 8 55 45 32 51 46 53 15 62 31 28 50 44 40 19 27 57 49 59 48 52 42 58 12 14 47 63 39 60 36
56 9 18 14 16 8 5 3 35 23 2 36 27 33 32 28 21 49 55 47 17 45 46 7 37 12 6 51 20 11 31 48 29 54 4 62 15 63 34 22 50 60 57 61 25 42 59 13 53 19 64 1 38 52 39 40 41 58 30 43 10 44 24 26
36 41 4 3 29 46 26 47 12 49 5 42 25 17 39 11 37 7 10 19 13 15 16 1 24 48 56 14 27 18 8 62 63 22 57 54 44 38 2 21 6 55 45 20 40 35 43 64 9 59 50 52 33 51 30 61 28 53 60 34 58 32 31 23
41 12 34 13 14 32 64 33 45 19 48 43 8 44 15 6 63 27 46 18 16 10 7 4 52 39 49 57 9 26 55 28 2 1 11 59 30 20 36 58 17 21 53 54 5 62 31 3 61 60 47 38 37 42 24 35 56 50 51 40 29 25 23 22
42 3 26 54 59 60 24 36 25 63 14 39 35 32 6 34 41 13 56 15 64 51 9 12 1 10 2 62 58 31 61 23 49 47 20 57 53 43 46 50 55 17 30 7 22 45 28 18 40 52 27 44 19 33 8 16 37 38 48 5 11 21 29 4
63 57 61 58 2 34 18 1 9 26 42 33 17 10 64 38 51 50 15 31 59 16 13 30 22 52 21 53 55 27 48 47 25 60 62 43 12 29 28 39 54 40 44 49 4 41 24 14 32 36 35 7 56 37 5 3 6 23 45 8 46 20 11 19
42 27 54 40 62 5 41 44 51 24 45 30 53 64 52 17 61 8 43 15 31 59 32 2 55 35 57 48 46 14 49 38 60 21 13 58 37 10 56 1 39 29 33 47 6 9 23 4 36 25 11 63 50 28 12 7 20 16 22 26 34 19 18 3
52 39 46 45 55 44 16 56 60 53 28 34 64 11 58 8 50 1 36 57 21 13 63 61 59 4 30 33 62 48 41 20 23 42 5 27 35 47 49 54 2 31 7 40 12 6 17 10 26 24 51 37 18 32 14 19 9 15 38 29 25 3 22 43
28 48 6 23 61 60 2 43 14 25 44 16 36 37 51 40 1 10 57 55 24 47 58 62 41 59 19 22 34 46 32 52 50 63 4 35 54 39 53 56 45 12 15 29 42 27 38 9 49 18 33 7 64 17 21 5 26 20 3 11 13 31 8 30
11 24 3 44 1 17 9 41 52 12 63 27 51 20 28 36 43 32 58 33 37 62 38 2 7 22 46 25 29 40 15 31 21 8 42 45 19 64 5 48 54 23 6 39 56 60 30 55 47 10 13 16 57 35 18 59 50 26 34 61 14 49 53 4
24 53 50 64 21 22 10 6 37 2 32 11 35 60 55 29 58 36 14 28 38 57 25 15 40 17 62 27 5 45 48 63 39 12 7 41 16 31 23 51 4 33 43 52 13 8 18 30 42 47 9 44 59 61 56 19 34 54 20 49 3 46 26 1
20 63 10 61 32 40 50 15 19 29 8 7 9 56 36 1 52 13 43 24 21 30 31 14 25 64 2 23 48 60 12 18 58 6 53 11 5 46 27 28 37 49 42 26 22 41 39 54 44 3 59 4 16 33 38 34 35 51 17 45 47 62 55 57
58 51 16 20 21 5 23 50 36 48 13 30 7 22 56 17 14 8 15 11 26 37 32 24 2 9 33 19 46 29 41 42 4 10 12 47 27 25 35 53 18 43 44 3 45 34 38 59 52 55 61 49 31 54 57 39 1 60 6 63 62 28 40 64
49 8 19 29 43 27 14 20 25 18 42 54 9 21 6 38 41 26 16 39 45 4 63 35 12 28 53 13 40 36 33 23 50 5 44 51 37 3 1 10 61 24 58 30 55 59 32 17 15 52 46 57 47 34 62 60 11 31 48 2 7 22 64 56
14 49 13 27 48 10 7 6 20 22 3 15 21 24 9 36 18 16 37 5 38 34 17 45 30 55 28 44 56 31 61 29 46 2 40 43 11 23 12 47 59 32 4 25 39 63 35 52 62 41 19 51 50 60 58 64 8 57 53 54 26 42 1 33
16 37 7 22 28 23 8 36 5 42 14 34 13 18 10 15 12 30 25 20 52 3 29 32 27 6 11 2 50 44 9 21 58 35 26 19 4 57 59 17 47 1 41 60 63 49 40 61 38 24 51 62 56 43 46 33 31 48 45 39 64 53 54 55
23 44 26 42 13 34 20 24 7 6 28 25 48 31 59 27 30 17 2 61 41 12 9 38 10 54 51 11 29 3 64 16 35 56 19 5 58 18 21 60 39 14 15 47 4 45 1 62 57 36 22 8 46 32 49 63 37 40 43 52 33 55 50 53
33 21 6 37 20 16 43 44 9 52 25 46 51 27 14 29 22 10 62 41 15 17 2 5 50 53 8 32 55 61 23 1 39 28 34 58 60 59 57 63 35 4 13 19 64 36 24 56 48 18 40 12 42 3 45 7 47 30 38 31 26 54 11 49
9 52 53 51 2 17 36 28 18 15 44 6 4 10 3 32 45 24 42 22 50 26 20 23 62 43 48 59 58 12 34 31 21 63 61 60 1 16 29 7 5 64 14 49 57 25 11 38 8 56 35 30 54 13 27 55 40 39 19 33 46 37 41 47
50 7 11 21 34 18 40 61 52 45 46 14 32 43 17 60 58 4 20 31 26 24 13 12 49 15 9 62 2 8 5 47 59 19 33 63 3 27 30 57 1 22 64 23 6 39 28 48 51 10 56 55 36 37 41 44 25 16 54 53 42 38 35 29
12 18 28 52 47 11 45 15 38 26 36 37 17 19 30 14 6 32 8 44 10 1 58 21 53 56 13 22 63 35 49 7 25 60 29 57 48 24 64 50 43 51 59 9 54 20 62 4 27 40 55 39 41 16 42 3 2 5 33 23 61 31 34 46
31 39 10 28 45 35 30 53 14 17 43 18 34 2 7 40 1 23 52 27 37 16 56 11 8 62 50 42 51 63 6 59 24 13 57 12 64 54 58 61 25 36 60 46 19 55 9 44 32 15 41 48 5 29 4 21 49 20 22 26 38 33 47 3
4 16 60 54 27 44 17 51 37 56 19 39 33 25 13 7 35 1 23 36 59 11 50 63 32 10 61 15 28 43 57 12 64 18 20 14 53 22 6 30 26 40 55 52 62 58 3 9 46 49 48 41 38 2 21 47 5 31 34 29 45 24 8 42
43 22 36 12 30 33 48 10 31 11 51 49 42 14 52 55 50 5 4 63 19 56 41 9 1 16 15 61 64 62 59 6 26 54 47 17 24 58 18 27 28 2 46 39 60 38 57 32 23 44 29 37 3 53 8 45 7 34 20 13 35 21 25 40
63 11 64 8 40 25 38 43 48 55 56 44 36 32 1 16 54 15 12 13 2 53 24 61 47 3 59 18 6 21 50 57 23 27 60 7 62 19 10 49 52 37 20 4 58 46 17 35 41 39 33 29 45 22 14 51 9 26 31 5 34 30 42 28
52 60 44 40 36 55 12 50 46 32 49 33 53 1 24 56 25 61 27 48 57 59 64 30 16 63 35 29 62 58 15 38 54 34 3 31 51 45 47 41 8 9 6 5 43 37 26 19 10 4 21 23 2 17 28 39 18 42 11 22 13 20 7 14
35 57 3 9 63 20 62 13 51 44 54 53 56 37 40 1 43 48 41 59 58 64 61 50 45 36 24 33 39 42 47 4 60 21 30 49 8 15 46 11 55 17 7 29 52 31 22 14 5 32 16 6 34 28 18 23 26 38 10 12 25 19 2 27
34 31 50 60 55 36 29 18 43 59 1 47 54 41 61 63 57 56 58 2 64 62 14 28 51 32 37 46 35 5 13 20 49 52 38 16 42 10 22 19 30 12 39 7 44 6 48 11 40 3 27 45 33 25 53 4 24 23 8 9 17 15 26 21
6 42 47 53 61 24 56 5 59 27 32 63 1 49 26 48 64 38 36 57 30 50 45 62 46 52 58 4 41 13 54 60 55 51 35 20 33 43 40 14 37 16 22 44 2 3 39 10 25 28 23 34 31 7 12 18 21 15 17 8 11 9 29 19
37 2 46 38 49 56 58 59 54 1 55 60 64 50 63 45 61 41 13 62 51 28 31 16 5 42 57 47 34 39 53 52 43 44 32 4 23 21 48 24 36 26 33 40 35 30 10 15 6 12 9 19 25 18 17 29 20 8 7 3 27 14 22 11
58 3 54 55 1 59 61 48 60 64 63 35 45 42 62 47 51 50 57 56 23 21 28 52 39 38 43 53 37 24 27 41 32 29 25 46 40 17 44 36 33 31 30 13 34 18 19 49 26 5 15 11 20 9 7 16 12 22 6 10 4 2 14 8
57 61 55 63 59 58 60 56 1 54 4 50 62 39 64 41 52 26 35 53 46 51 49 33 31 14 45 48 24 34 32 44 40 47 18 42 20 29 37 2 9 25 28 36 16 15 23 43 17 21 13 22 27 8 38 12 6 11 5 30 3 7 19 10
62 59 61 1 32 57 51 41 55 63 45 52 46 64 58 34 24 60 56 37 31 33 38 47 44 50 29 43 25 49 42 54 15 36 2 48 12 39 26 13 21 30 40 28 23 22 53 20 35 8 7 17 19 10 11 5 27 6 4 16 14 3 18 9
27 64 59 58 62 52 63 1 42 60 61 56 23 30 45 57 44 53 28 51 49 41 43 46 48 40 21 55 54 38 35 34 33 50 8 37 47 31 14 39 24 29 32 26 12 9 16 18 36 25 11 20 17 6 5 22 10 19 3 4 2 13 15 7
