26744 10663 12531 10663 9209 4436 3868 3526 2733 2267 1868 1760 1562 1454 865 865 802 721 402 342 401 398 307 306 200 177 144 95 92 94 83 59 64 58 44 32 25 22 20 17 13 9 11 7 7 5 5 4 4 3 2 2 2 1 1 1 1 1 1 1
16 3 1 4 5 10 6 14 13 2 15 9 12 8 7 11
1 12 10 3 7 14 2 8 4 9 11 6 13 16 15 5
6 14 5 11 15 16 7 3 12 4 8 9 2 10 13 1
3 1 6 8 7 10 4 13 15 11 9 2 14 12 5 16
2 14 10 16 11 7 9 8 4 6 1 13 5 3 15 12
3 11 13 12 5 15 6 7 9 8 14 2 4 16 1 10
7 1 11 13 2 8 5 16 9 3 6 14 12 10 15 4
1 13 3 12 16 15 7 2 14 8 11 5 4 9 6 10
7 10 4 9 13 6 3 16 2 1 5 15 14 8 12 11
4 9 7 13 3 16 10 11 6 15 14 8 12 2 1 5
8 12 2 5 6 10 14 1 15 3 11 7 13 4 9 16
3 12 13 8 9 14 2 4 10 16 6 11 7 1 5 15
2 1 6 14 11 7 4 8 15 9 3 13 5 16 12 10
5 10 3 16 7 15 9 13 4 6 11 2 14 8 1 12
6 11 10 5 15 8 7 2 9 4 1 14 12 3 13 16
7 13 5 11 9 16 14 3 12 1 8 6 2 4 15 10
12 4 10 8 16 7 15 14 3 11 5 9 13 1 6 2
4 11 2 12 5 8 6 13 10 1 14 7 9 3 16 15
8 11 7 13 10 14 16 1 12 3 6 15 4 2 9 5
7 12 8 11 15 14 2 3 10 9 1 13 6 16 5 4
6 1 11 13 3 7 10 2 4 15 8 14 12 16 9 5
12 13 7 9 10 14 5 11 6 4 3 8 2 1 15 16
8 12 5 14 7 16 3 1 15 10 9 6 4 2 13 11
5 13 6 16 15 4 7 3 10 8 14 9 1 11 12 2
1 10 8 7 13 6 4 2 12 9 5 11 14 16 3 15
14 12 3 15 13 7 16 8 4 6 11 2 9 1 5 10
5 10 13 8 11 6 2 4 9 15 1 7 14 3 16 12
4 11 10 15 7 14 3 2 9 16 6 13 5 8 1 12
8 12 2 13 6 14 4 1 11 3 5 9 7 16 15 10
14 11 5 7 16 15 8 2 9 6 1 12 13 10 3 4
7 10 8 6 9 16 15 14 12 11 5 13 4 2 1 3
1 13 11 14 10 16 7 3 15 9 6 8 5 4 12 2
8 4 10 15 5 1 6 11 3 16 9 14 7 2 13 12
7 13 3 12 15 6 10 1 4 8 11 2 14 16 9 5
5 12 7 11 3 1 16 4 6 9 14 2 13 8 15 10
4 10 13 8 11 14 7 2 3 16 6 9 12 1 5 15
1 11 2 13 10 15 5 16 9 8 6 14 7 4 12 3
12 4 10 8 11 7 5 3 15 6 14 9 13 1 16 2
4 1 8 14 3 7 2 16 12 15 9 6 5 10 13 11
14 11 7 6 13 15 16 8 9 3 5 2 12 10 1 4
1 10 2 12 16 8 5 14 6 11 9 13 7 4 3 15
14 13 10 7 9 8 4 16 11 1 6 12 5 3 15 2
12 1 13 14 9 7 15 2 4 8 11 6 5 3 16 10
5 12 10 11 7 16 8 3 15 6 14 9 13 2 1 4
7 13 3 6 10 14 8 4 9 16 5 2 12 1 15 11
1 10 2 11 7 8 16 3 6 15 9 12 14 4 13 5
14 4 7 15 13 16 6 1 10 3 9 8 12 2 5 11
12 10 2 8 5 14 4 16 11 6 1 13 7 3 9 15
1 11 3 13 10 8 7 4 9 15 6 14 5 16 12 2
5 12 8 7 10 15 16 2 6 3 1 9 14 4 13 11
14 4 10 11 5 7 15 8 12 9 6 2 13 3 1 16
14 1 7 9 15 16 10 8 11 4 6 13 2 3 5 12
12 4 2 8 13 7 10 16 15 6 11 9 14 3 1 5
7 11 10 15 9 14 6 3 4 16 5 8 13 1 12 2
5 10 13 14 9 4 16 11 12 3 1 6 7 8 15 2
7 12 3 9 16 8 5 2 10 4 14 6 1 11 13 15
5 10 3 9 13 7 6 4 11 8 1 14 12 16 15 2
12 1 10 7 5 14 4 11 9 3 6 2 13 8 15 16
14 4 2 11 9 15 10 3 6 16 5 8 7 1 13 12
7 11 8 6 3 16 5 1 15 9 14 13 2 4 12 10
