5029 5105 4792 4732 4560 4273 4290 4205 4152 3900 3662 3699 3603 3404 3209 3110 2898 2950 2512 2653 2183 1794 1781 930 1046 984 956 825 817 756 686 686 648 648 546 556 498 520 495 456 410 343 283 308 332 258 240 194 196 187 195 180 157 145 140 138 116 113 107 105 96 86 82 75 70 64 63 53 55 45 44 34 38 39 31 31 29 25 26 24 23 18 17 18 16 16 14 12 13 11 11 9 9 9 8 7 6 6 5 5 5 4 4 4 4 3 3 3 3 2 2 2 2 2 2 2 1 1 1 1 1 1 1 1 1 1 1 1 1 1
14 11 16 24 20 3 1 7 18 19 5 2 12 23 10 8 15 9 17 22 4 13 6 21
11 18 2 1 7 8 12 19 13 21 22 24 20 17 14 23 9 4 15 5 16 10 3 6
12 5 23 11 18 7 19 22 3 16 14 17 2 4 13 24 8 1 21 6 20 9 15 10
4 1 7 17 21 6 10 5 12 24 20 3 11 2 15 13 16 18 23 8 9 14 22 19
10 13 24 19 14 17 21 2 23 6 12 20 5 16 9 22 4 15 1 3 7 8 11 18
13 3 21 4 9 15 17 8 24 23 11 12 10 22 7 6 5 2 16 14 19 20 18 1
18 4 12 15 8 21 13 11 17 5 24 19 23 1 6 10 7 20 22 9 2 3 14 16
3 24 6 22 16 5 7 4 1 20 2 23 21 11 8 17 10 13 9 15 12 18 19 14
22 14 5 21 17 10 6 18 20 2 1 4 7 24 12 9 19 3 13 11 8 15 16 23
19 17 15 7 4 16 23 6 9 3 21 10 1 18 11 2 14 8 24 20 13 5 12 22
2 15 4 16 5 11 20 14 8 13 9 1 17 7 22 18 6 10 3 24 21 19 23 12
1 21 9 6 15 23 3 13 2 12 7 5 16 10 19 14 18 11 8 4 22 24 20 17
14 10 3 18 11 4 8 20 7 9 17 15 6 21 5 12 23 16 19 22 24 1 2 13
23 19 1 5 24 20 4 9 15 10 6 21 22 14 2 7 3 12 11 13 18 16 17 8
7 8 20 10 6 13 24 21 16 11 3 9 15 19 18 5 22 23 14 12 17 4 1 2
20 2 17 13 1 24 9 16 10 7 15 22 8 3 23 21 12 14 18 19 11 6 4 5
8 23 11 3 2 1 22 12 4 14 19 13 18 15 20 16 24 21 5 17 6 7 10 9
9 20 13 23 19 22 16 10 14 15 8 11 3 12 4 1 2 7 6 18 5 17 21 24
21 16 19 2 22 18 15 23 5 17 10 8 14 9 24 4 20 6 12 1 3 11 13 7
15 12 22 8 23 14 2 17 19 1 4 18 9 6 16 20 11 24 7 21 10 13 5 3
24 9 18 12 20 19 14 15 22 4 16 6 13 5 21 3 1 17 10 7 23 2 8 11
6 7 8 14 13 12 5 3 11 22 18 16 24 20 17 15 21 19 2 23 1 10 9 4
6 22 10 9 12 2 11 1 21 18 13 7 4 8 3 19 17 5 20 16 14 23 24 15
5 21 16 17 10 3 18 24 6 22 23 14 19 8 1 11 13 9 4 2 15 12 7 20
17 18 14 20 3 9 1 7 6 5 12 16 19 23 10 8 13 22 4 2 15 21 24 11
16 17 23 24 10 19 18 15 3 8 5 2 12 13 14 11 9 1 6 21 20 22 7 4
5 3 14 24 13 2 15 19 22 23 11 6 4 20 1 16 21 9 17 10 7 12 8 18
12 16 10 1 5 8 11 3 24 18 20 14 13 7 21 19 17 6 2 15 4 22 9 23
17 6 11 20 3 5 1 24 16 2 14 22 12 15 7 4 13 19 18 23 9 8 21 10
21 2 7 4 6 15 22 1 11 19 23 24 18 5 14 3 8 17 12 10 16 9 13 20
24 19 16 15 12 9 2 6 7 20 13 8 14 23 10 21 11 4 5 17 22 18 3 1
16 9 22 19 24 12 5 8 18 17 6 13 7 11 15 1 20 21 4 2 14 10 23 3
15 5 13 11 9 7 16 18 17 4 3 23 24 21 12 8 2 22 10 6 1 14 20 19
5 24 8 14 10 21 18 7 23 3 19 11 16 13 22 2 4 9 15 1 20 6 17 12
16 8 17 20 13 11 14 5 19 12 7 1 3 10 18 23 24 15 21 22 9 2 4 6
11 10 19 4 8 3 7 16 12 15 2 20 23 6 9 24 22 1 14 13 21 17 18 5
10 23 20 24 4 17 21 11 8 22 15 7 6 14 16 9 1 5 3 18 19 13 12 2
8 12 21 7 22 18 19 17 20 1 9 10 13 3 11 15 6 14 23 5 4 16 2 24
7 11 18 2 1 22 12 23 4 13 17 19 21 8 3 5 9 6 20 14 24 15 10 16
18 1 3 9 21 13 10 20 5 6 24 12 17 22 8 7 16 4 2 19 23 11 15 14
17 13 5 12 20 9 11 2 6 8 14 21 15 4 24 18 3 10 19 16 7 23 1 22
21 14 2 22 19 1 20 13 15 23 18 17 10 9 5 11 7 8 16 12 3 24 6 4
4 18 12 8 16 2 23 3 1 24 20 14 22 19 10 17 5 7 11 9 6 21 13 15
20 22 16 15 23 6 17 14 2 11 4 18 1 24 7 10 13 19 8 3 12 9 5 21
12 20 15 21 2 24 13 8 1 10 23 5 9 17 14 22 18 16 4 6 3 19 11 7
4 15 10 19 11 8 3 21 9 14 1 13 5 20 2 16 12 24 6 17 18 22 7 23
15 7 1 13 17 19 24 18 14 22 21 8 4 2 6 12 5 11 23 20 16 3 9 10
5 16 17 11 15 7 8 1 3 9 13 2 19 18 21 14 22 23 10 24 6 4 12 20
20 6 24 3 22 2 4 19 23 7 8 16 14 1 13 10 17 21 12 11 15 5 18 9
16 4 14 1 7 15 6 24 5 21 20 9 23 2 19 18 3 17 13 10 11 12 8 22
18 9 19 17 3 14 7 12 15 4 21 24 8 23 16 6 11 20 10 22 2 1 5 13
21 2 11 4 13 20 12 16 6 17 7 22 19 10 1 15 14 18 3 23 9 5 24 8
24 19 13 14 6 21 15 5 8 12 18 3 11 16 10 23 1 22 9 2 7 20 4 17
9 3 20 22 2 1 23 11 19 16 4 6 10 18 8 5 13 12 21 24 17 7 14 15
22 5 7 20 10 11 16 3 21 15 12 4 1 14 2 17 24 19 18 9 13 8 6 23
14 15 8 11 23 22 18 6 16 20 5 12 3 1 21 9 4 7 24 17 19 2 13 10
23 22 2 24 12 17 14 10 11 19 15 9 16 3 18 8 5 13 7 20 6 4 1 21
17 8 14 19 20 23 21 4 12 3 1 13 18 6 22 7 2 24 9 11 5 10 15 16
8 1 10 21 19 5 17 24 2 9 13 7 22 12 3 14 20 11 15 18 16 6 23 4
2 16 18 15 11 6 4 7 10 24 17 23 13 20 9 19 12 3 14 5 21 22 8 1
10 18 24 1 17 12 2 14 20 16 8 15 7 22 11 4 6 21 5 13 23 19 3 9
3 23 1 12 15 19 20 2 4 17 22 6 5 16 24 11 7 8 13 10 18 9 21 14
11 6 4 20 16 18 10 13 22 23 14 8 12 19 5 24 17 15 3 1 9 21 2 7
7 4 5 3 1 20 19 9 17 21 11 24 2 13 15 22 16 6 18 23 12 14 10 8
5 3 23 22 9 1 8 19 24 4 20 14 6 7 13 16 18 12 21 2 10 17 11 15
23 20 21 4 8 14 16 6 7 18 12 3 15 2 19 10 9 5 11 22 24 1 17 13
22 9 17 8 24 2 5 16 12 11 6 10 14 4 3 21 23 1 7 19 15 18 13 20
24 7 9 14 15 11 6 20 16 10 1 19 22 8 12 13 21 17 2 18 4 3 23 5
9 14 20 17 7 21 24 4 18 12 15 5 16 11 6 3 22 23 1 8 13 2 19 10
12 5 13 8 22 4 18 3 11 7 21 2 9 23 10 14 19 15 6 20 17 24 1 16
7 10 22 2 19 3 15 1 8 6 18 16 20 9 5 23 13 14 12 24 11 21 4 17
15 19 21 13 12 7 20 22 2 8 9 18 5 10 16 17 1 3 23 11 14 4 6 24
11 2 6 19 8 13 1 10 16 20 23 4 21 17 18 5 14 9 24 3 7 12 15 22
16 17 19 7 9 23 6 11 18 13 22 20 1 8 15 21 3 10 5 12 2 14 24 4
17 12 11 15 3 16 24 1 10 8 13 22 4 21 2 19 7 5 14 6 23 20 9 18
5 1 14 11 2 22 9 23 6 19 24 16 10 4 7 13 12 17 15 21 20 8 18 3
21 15 2 6 20 17 16 9 11 14 8 7 3 12 22 4 18 13 19 10 1 24 5 23
10 23 15 20 6 8 2 21 7 3 4 12 13 22 24 11 16 18 9 1 17 5 14 19
15 7 3 12 1 9 14 5 24 21 16 11 18 23 4 6 8 22 10 13 19 17 20 2
20 4 17 1 16 24 10 22 14 6 11 2 7 3 9 18 5 19 13 8 15 23 12 21
18 6 16 4 10 12 22 13 19 5 3 23 15 1 14 7 20 2 21 11 8 9 17 24
3 19 10 22 21 15 23 12 8 14 1 4 17 13 11 9 2 20 24 5 16 18 6 7
2 22 5 19 15 1 8 3 20 18 9 17 12 7 16 10 24 6 11 23 13 4 21 14
24 2 6 21 11 5 19 7 17 1 16 18 13 20 15 12 22 8 3 9 14 10 4 23
4 3 13 6 23 7 12 8 9 11 17 5 19 24 2 14 21 16 20 18 10 22 1 15
14 9 4 3 8 16 7 2 21 15 5 13 6 10 18 17 19 11 23 20 12 1 24 22
8 18 22 13 5 15 17 14 2 10 4 3 7 9 21 16 23 12 19 24 6 20 11 1
16 10 18 12 9 17 13 19 22 20 11 1 15 21 8 2 6 24 14 4 5 3 23 7
5 16 9 14 19 22 12 10 20 2 13 15 18 11 7 24 17 1 4 3 23 6 8 21
23 13 1 24 2 8 5 12 10 7 3 14 4 19 6 22 9 21 18 16 20 11 15 17
11 14 21 20 17 4 23 6 15 13 18 24 12 16 19 3 1 5 7 22 2 10 9 8
9 5 23 17 12 13 11 16 2 19 8 15 10 7 22 18 20 6 1 21 24 3 14 4
22 24 14 9 20 23 10 21 7 4 1 12 5 6 11 8 13 19 2 17 16 18 3 15
17 12 2 11 22 15 13 4 19 23 24 8 14 20 5 7 21 3 6 10 9 1 18 16
21 23 19 1 3 10 17 18 22 24 14 20 8 12 9 4 16 15 11 6 7 5 13 2
7 3 24 8 10 9 21 14 4 12 22 2 15 23 16 5 17 20 18 1 19 11 6 13
10 14 8 2 24 3 4 20 21 16 23 6 22 17 15 19 12 18 1 5 11 13 7 9
12 18 11 22 7 24 8 16 6 1 15 3 20 2 10 13 5 17 14 9 4 23 21 19
2 6 10 17 16 12 7 23 14 8 5 19 9 21 18 11 24 13 20 22 15 4 1 3
4 5 7 21 15 19 11 3 1 9 16 23 17 10 13 22 2 24 12 18 8 6 20 14
20 13 6 15 17 18 21 7 8 4 19 10 16 22 14 9 1 2 3 23 24 12 11 5
3 20 23 7 6 17 2 5 9 10 14 1 8 16 21 12 4 11 24 13 19 22 15 18
16 2 5 8 11 1 23 20 12 15 24 18 3 13 6 19 7 21 9 4 17 14 10 22
23 16 15 1 13 7 17 19 4 11 6 14 3 8 5 24 22 20 10 2 18 9 12 21
14 7 1 3 5 13 19 6 11 20 9 17 22 24 2 16 18 12 15 21 10 8 23 4
2 15 24 6 10 22 9 4 5 7 1 19 18 3 11 14 23 8 21 17 16 12 13 20
12 22 18 4 20 21 24 11 17 5 8 10 9 1 16 23 6 2 7 3 15 13 14 19
3 11 10 24 7 12 4 17 15 19 23 5 21 18 8 6 14 13 2 16 1 22 20 9
15 24 19 14 23 16 8 1 9 18 22 20 4 12 13 10 2 11 6 5 7 3 21 17
22 17 14 2 16 19 13 3 12 21 11 8 5 9 10 15 20 18 4 24 6 23 7 1
10 11 7 13 15 9 22 23 2 12 17 24 6 16 1 8 3 14 20 19 5 21 4 18
7 22 11 1 24 23 16 2 21 8 3 4 10 6 9 15 12 19 5 18 20 14 17 13
8 12 9 20 1 6 2 16 7 13 18 14 15 11 4 17 19 10 21 22 23 5 3 24
11 19 2 17 21 4 12 8 18 16 15 1 20 3 22 5 7 23 9 13 14 6 24 10
17 9 8 15 6 1 7 5 16 10 21 23 14 20 18 2 4 22 13 11 12 24 19 3
9 20 18 22 12 8 10 21 15 23 13 7 17 19 24 4 5 14 3 2 11 1 6 16
21 17 23 3 9 20 14 22 10 2 12 19 18 7 15 8 13 16 24 1 6 4 11 5
5 15 22 4 1 3 11 14 8 21 19 18 16 2 12 23 6 24 10 9 13 20 17 7
14 24 15 13 22 10 16 7 12 21 9 11 6 17 19 3 18 5 20 4 8 23 1 2
12 7 17 14 2 21 6 3 5 9 4 13 18 10 16 11 22 19 23 24 20 8 15 1
18 13 6 3 11 12 22 19 17 7 5 8 20 2 10 14 24 16 15 4 1 21 9 23
22 7 13 8 2 10 11 20 14 12 3 6 16 24 15 9 23 5 4 1 19 17 18 21
16 5 4 7 9 18 13 12 2 6 8 24 3 10 11 22 14 15 1 23 17 20 21 19
8 24 5 20 11 3 4 10 6 19 16 2 15 23 7 12 17 1 18 21 13 9 14 22
21 2 14 11 15 7 5 4 19 24 23 3 9 22 8 6 1 10 12 17 16 18 13 20
5 16 21 6 22 19 9 23 24 2 17 12 4 8 1 7 3 18 14 20 10 15 11 13
20 15 22 2 17 23 24 18 10 8 1 4 5 7 6 11 13 21 19 16 9 12 3 14
2 6 24 21 16 17 23 1 22 15 14 19 8 18 12 13 20 9 10 3 5 11 4 7
15 23 16 24 21 20 14 22 1 11 19 17 10 13 4 3 12 6 5 9 18 2 7 8
23 17 3 9 24 22 2 14 20 13 6 11 21 1 19 18 16 8 7 12 15 4 10 5
