0.15778283601916068 0.1317143375974801 0.10998999023640368 0.09034334719780769 0.08191016205456426 0.02970107198728105 0.03921328017559337 0.054211860101649315 0.03574521387025574 0.03960867039088538 0.026532374592951824 0.02269505351180673 0.03210875085578867 0.026286666000709915 0.024565527254897142 0.017894777771536044 0.005104202004350755 0.007755134028346432 0.010200784428319268 0.013012134843842399 0.01299113484706316 0.009878419453531193 0.0065745026332556045 0.005312960690759129 0.00551104498087665 0.0033557624708837617
1 6 7 3 8 4 2 5
7 8 4 5 6 2 3 1
3 5 2 8 7 1 4 6
5 2 6 4 1 7 8 3
4 7 1 2 3 5 6 8
6 1 8 7 2 3 5 4
2 4 3 6 5 8 1 7
8 3 2 1 6 4 7 5
6 5 3 1 4 2 8 7
8 6 5 7 3 2 4 1
2 4 7 5 1 3 6 8
5 1 8 6 7 4 3 2
6 7 4 3 8 2 1 5
6 5 7 2 1 8 3 4
2 6 1 8 3 4 5 7
5 1 2 7 8 3 6 4
4 8 3 2 5 6 7 1
2 1 4 3 7 5 8 6
1 2 8 7 4 3 5 6
6 1 2 5 7 4 8 3
3 6 8 7 1 2 4 5
2 4 3 6 8 7 5 1
4 2 6 3 5 1 7 8
1 8 6 2 7 3 4 5
6 2 7 4 5 3 8 1
5 1 3 8 6 2 7 4
