28563 14968 14968 11861 5324 5874 3294 3455 2307 2084 1210 1148 1148 721 687 616 616 584 161 169 94 62 32 32 9 9 2 2
9 12 3 8 13 4 11 1 2 7 5 10 6
1 10 8 9 7 12 3 2 5 13 4 6 11
2 13 3 1 4 8 7 9 12 5 10 11 6
4 10 1 5 7 6 13 8 11 2 9 3 12
8 13 12 9 5 3 1 6 7 2 4 10 11
1 3 12 8 11 13 6 7 10 9 2 5 4
4 8 10 7 11 12 1 6 9 2 3 13 5
13 12 8 7 4 11 2 9 6 5 1 3 10
3 13 6 5 7 1 12 10 9 8 11 4 2
8 12 10 9 5 3 1 2 7 6 4 13 11
11 3 10 9 13 7 6 2 8 4 1 12 5
11 3 8 5 13 1 12 10 9 6 7 4 2
3 12 6 5 7 2 10 4 1 8 11 13 9
13 12 5 10 8 6 1 9 7 4 2 11 3
13 9 8 7 11 1 2 12 6 5 3 4 10
11 8 10 9 6 12 7 4 3 2 1 13 5
10 3 12 1 4 7 6 13 8 5 2 9 11
2 4 3 5 13 8 11 9 12 7 10 6 1
4 8 10 7 11 12 1 2 9 6 3 13 5
13 9 5 10 8 6 1 12 7 4 2 11 3
4 3 8 5 7 12 1 10 9 6 11 13 2
11 8 12 5 13 2 10 4 1 6 7 3 9
11 4 10 9 13 7 6 12 8 2 1 3 5
2 9 3 5 13 8 11 4 12 7 10 6 1
11 3 10 9 7 12 6 4 8 2 1 13 5
4 8 12 5 13 7 1 10 9 6 11 3 2
11 9 3 1 13 8 7 4 12 2 10 6 5
2 3 10 9 4 7 6 12 8 5 1 13 11
