7825 8060 6884 6896 6241 6138 5531 5130 4735 4137 4265 4092 3756 2829 2720 1830 1670 1624 1508 1340 1215 1151 1130 987 838 868 637 621 615 452 366 415 375 335 318 276 257 193 173 174 130 118 101 123 92 85 82 75 67 62 58 46 32 31 34 31 24 20 21 18 17 15 13 12 10 9 8 6 7 5 5 4 4 3 3 3 2 2 2 2 1 1 1 1 1 1 1 1 1 1 1
12 13 1 6 9 5 15 7 16 14 2 10 8 4 3 11
1 8 5 9 7 15 16 6 12 2 4 11 10 3 13 14
2 12 4 10 8 7 1 14 5 3 15 16 11 13 9 6
7 5 13 8 16 2 10 12 4 15 14 6 9 11 1 3
16 15 11 3 2 9 14 13 7 10 6 1 12 8 5 4
15 1 6 13 3 14 5 11 10 12 9 2 7 16 4 8
13 6 7 15 4 8 9 3 11 1 5 14 16 12 10 2
5 14 9 16 11 4 12 2 1 13 7 3 8 10 6 15
14 9 16 7 1 12 3 5 15 8 13 4 2 6 11 10
8 10 3 4 14 11 7 15 13 6 16 9 1 2 12 5
11 16 10 2 6 3 4 1 9 7 8 12 5 14 15 13
6 3 15 12 5 10 1 8 2 9 11 13 4 7 14 16
9 2 12 1 13 6 11 4 3 14 10 8 15 5 16 7
10 4 8 6 12 5 2 9 14 16 3 15 13 11 7 1
3 7 11 14 15 16 13 10 8 2 1 5 6 4 9 12
4 8 2 9 10 1 6 16 13 5 12 7 14 15 3 11
5 7 14 16 10 13 8 15 6 4 12 11 3 1 2 9
1 10 4 8 14 12 6 11 16 15 5 13 2 3 7 9
4 5 1 11 2 3 16 10 14 12 13 7 9 15 8 6
13 16 1 3 6 10 7 2 5 11 15 4 12 9 8 14
2 3 14 6 9 7 10 16 15 5 1 8 11 13 4 12
10 7 13 2 12 1 8 5 4 6 3 15 16 9 14 11
16 15 8 14 11 6 13 7 3 2 9 12 5 1 10 4
15 12 16 10 4 14 5 11 6 3 2 9 13 8 7 1
14 11 7 5 1 2 15 13 8 10 6 3 4 16 12 9
12 8 3 15 9 13 6 14 11 4 16 10 1 7 5 2
5 4 2 7 15 11 16 9 10 14 12 1 6 3 8 13
3 1 16 4 10 9 2 12 8 11 7 5 15 13 6 14
1 9 5 12 11 15 10 3 2 13 4 7 8 14 16 6
6 16 13 1 3 4 12 11 9 7 5 8 14 15 2 10
15 2 14 9 4 11 8 6 1 16 3 13 10 12 5 7
9 6 4 16 13 5 14 1 12 15 7 2 11 10 8 3
5 4 10 13 12 9 7 15 14 8 1 3 6 16 2 11
13 1 8 4 14 2 3 5 11 10 16 12 15 9 6 7
11 3 12 13 15 6 2 10 16 7 5 14 9 4 1 8
10 2 14 11 1 15 8 16 5 3 13 6 4 9 12 7
7 15 13 10 5 4 12 9 6 11 2 16 1 8 3 14
8 10 1 7 13 14 9 6 2 5 11 15 16 12 4 3
6 11 3 9 16 13 7 8 1 14 12 4 5 10 2 15
3 8 5 7 6 11 16 1 9 14 15 2 10 12 13 4
2 9 8 1 3 10 6 13 15 5 7 11 14 4 16 12
10 16 2 5 14 1 15 7 12 8 6 11 9 3 4 13
1 2 7 11 4 8 5 14 16 13 3 9 6 15 12 10
8 7 15 9 12 14 2 11 3 16 10 1 4 13 6 5
9 2 3 12 10 5 15 16 14 4 11 13 8 1 7 6
6 11 10 15 3 4 8 13 2 7 9 14 12 5 1 16
2 6 5 11 9 16 13 3 15 10 12 7 14 4 8 1
7 15 1 5 16 2 14 8 11 12 3 4 6 9 10 13
4 16 12 8 11 7 5 6 2 13 1 10 9 14 3 15
14 12 4 1 13 3 10 5 8 7 2 9 11 16 15 6
11 8 14 10 1 9 12 15 3 6 16 2 5 7 13 4
10 2 11 7 5 13 6 9 4 12 8 16 15 3 14 1
9 11 6 16 2 12 1 13 14 5 7 3 10 15 4 8
7 14 2 8 4 12 9 10 16 11 15 6 1 13 3 5
1 4 6 11 10 7 16 2 5 3 13 12 9 15 8 14
12 9 10 13 14 3 15 1 11 4 5 7 8 6 2 16
11 7 1 4 2 13 12 14 8 10 6 15 16 9 5 3
5 4 12 16 10 2 7 6 9 14 11 3 1 8 15 13
13 3 7 9 4 12 1 11 2 8 15 6 14 5 16 10
16 9 4 5 13 11 14 3 15 10 8 2 12 7 1 6
9 14 2 12 5 1 11 8 16 6 7 15 10 3 4 13
4 11 3 15 10 8 6 9 14 5 2 13 16 1 7 12
13 1 12 10 2 9 8 7 5 3 6 16 11 14 15 4
2 3 13 12 14 5 9 7 4 16 1 11 15 6 10 8
5 2 16 7 9 13 15 6 8 11 3 1 10 12 14 4
16 7 11 1 3 14 10 8 9 6 12 4 15 13 2 5
12 9 6 16 13 8 5 1 2 4 7 14 11 15 3 10
14 9 7 5 1 2 13 10 3 11 16 12 6 8 4 15
4 3 8 13 5 16 12 14 2 10 11 9 1 7 6 15
10 1 5 11 2 13 15 3 4 8 9 14 12 16 7 6
12 2 3 8 4 1 6 10 15 7 13 11 5 9 16 14
14 11 1 15 10 4 7 2 3 16 5 12 9 8 13 6
2 7 6 16 11 15 10 9 14 3 8 13 4 1 5 12
5 14 4 7 9 3 13 12 11 10 8 1 6 15 2 16
16 1 5 4 2 14 8 11 9 6 15 3 12 13 7 10
3 4 7 14 9 12 5 2 11 8 16 10 15 6 1 13
1 2 12 5 14 11 9 7 8 13 6 4 16 15 10 3
14 11 13 10 1 2 7 5 4 12 3 15 9 16 6 8
9 7 15 12 11 14 16 6 8 4 10 2 1 3 13 5
1 4 2 8 13 9 6 15 14 11 5 16 10 7 3 12
12 14 8 10 5 2 13 6 15 16 7 9 11 3 1 4
13 2 16 15 3 11 1 12 9 5 10 7 8 6 4 14
2 14 3 9 10 6 15 8 5 13 1 11 12 16 7 4
5 7 4 11 10 8 6 12 9 3 13 1 14 15 2 16
9 8 12 11 5 4 13 6 2 10 15 14 16 7 1 3
4 6 2 5 3 13 10 8 15 12 7 9 11 1 16 14
3 15 11 4 2 16 1 14 5 7 9 10 8 12 6 13
2 1 13 9 4 3 8 15 11 16 6 12 5 14 7 10
13 11 8 14 1 15 9 7 16 4 12 3 6 10 2 5
12 14 15 10 11 1 16 3 2 5 8 7 9 13 4 6
16 2 1 15 14 12 7 5 3 6 11 13 4 9 10 8
