84025 91938 67017 59026 59423 44447 46989 39025 39045 33133 33525 33634 30094 26410 23462 22512 20579 22512 17874 17531 15675 14996 12779 12434 11440 9084 7787 7582 6837 5931 6271 5391 4981 4859 4579 4546 4139 3996 3880 3153 3034 2612 2535 2409 2065 1879 1698 1507 1570 1397 1328 1222 1170 935 931 797 738 664 680 696 554 567 490 465 348 382 343 322 329 257 259 263 205 208 201 198 176 166 140 129 109 115 105 101 86 88 76 77 66 54 50 49 48 46 42 42 34 29 30 29 27 22 23 19 19 17 16 14 13 13 12 10 10 8 7 7 6 6 6 5 5 5 4 4 3 3 3 2 2 2 2 2 2 1 1 1 1 1 1 1 1 1 1 1 1 1 1 1
6 14 9 4 13 12 26 20 24 21 30 11 32 23 8 10 31 17 7 28 5 19 29 25 15 3 1 22 18 16 27 2
1 25 32 13 31 30 9 8 11 16 7 21 19 15 24 29 17 2 28 14 5 10 4 26 3 22 12 18 20 6 23 27
3 21 29 20 30 26 31 2 24 27 19 8 13 4 10 5 18 16 28 25 22 1 12 7 15 9 11 6 17 23 32 14
14 31 9 23 27 1 6 20 32 15 28 29 4 25 18 8 11 17 19 10 3 5 13 16 12 7 26 24 30 2 21 22
30 31 12 7 9 22 24 14 16 6 20 15 23 8 2 4 26 19 1 13 28 5 25 29 11 10 3 21 27 18 17 32
31 21 10 8 29 28 19 30 7 24 4 23 12 14 11 20 3 32 2 1 5 22 27 25 18 6 13 9 16 17 26 15
10 4 1 17 6 20 12 15 22 13 23 7 21 19 29 25 31 28 16 30 32 8 2 14 27 26 9 18 5 24 11 3
1 31 24 2 15 5 26 19 3 12 30 17 9 20 18 21 27 16 7 4 6 11 23 10 28 8 14 25 13 32 22 29
18 12 9 20 31 27 29 19 2 21 22 14 15 23 32 3 6 10 26 25 13 1 17 11 28 5 7 8 30 16 24 4
24 6 3 10 13 15 4 11 25 27 19 21 1 32 8 7 29 22 5 31 28 14 30 26 18 9 23 20 12 2 17 16
8 21 10 27 2 14 16 17 6 1 28 11 4 24 20 9 18 13 19 22 30 29 7 31 12 15 26 5 23 3 32 25
22 2 13 24 20 1 11 25 26 23 3 8 17 30 19 31 10 14 28 9 12 7 29 15 4 21 16 32 18 27 6 5
2 16 15 4 7 26 32 10 18 30 31 9 13 17 11 5 24 20 1 28 3 27 12 22 19 14 25 29 21 8 23 6
4 32 23 13 26 28 25 1 29 24 5 16 3 20 9 6 22 12 8 11 10 15 17 30 2 19 14 7 27 21 18 31
3 26 22 19 29 25 30 27 24 15 32 6 23 18 2 14 12 17 11 1 16 4 13 8 21 31 5 20 10 28 7 9
7 6 25 31 19 10 27 2 1 4 26 22 18 16 14 20 30 21 3 5 11 24 8 13 15 23 17 9 12 32 28 29
12 13 1 16 32 9 5 15 28 11 14 20 6 19 4 21 17 18 25 8 26 3 29 10 31 30 23 7 24 22 27 2
10 3 5 15 24 18 31 26 21 12 11 4 25 32 27 16 29 1 7 20 17 19 30 6 28 8 22 23 13 9 2 14
6 12 29 32 30 11 20 22 14 7 19 23 8 5 10 26 27 25 2 16 18 17 3 21 9 4 13 28 15 31 24 1
32 20 30 21 25 16 14 8 9 13 6 17 5 10 28 15 26 23 19 7 31 22 2 4 27 3 1 24 29 12 11 18
17 10 24 8 23 13 11 31 7 28 9 15 1 4 21 30 3 32 12 6 27 20 19 29 14 16 25 22 5 18 26 2
1 25 26 23 18 15 32 24 10 2 4 30 31 29 5 14 11 19 28 17 20 8 27 16 6 9 7 12 22 21 3 13
28 2 4 5 13 19 26 23 3 16 20 32 12 18 29 27 31 8 9 14 10 25 1 11 17 24 6 30 21 7 22 15
3 27 19 10 12 8 9 11 4 17 28 29 21 14 31 6 15 26 24 22 32 5 23 25 20 1 2 18 16 30 13 7
20 31 32 11 14 10 19 30 13 4 15 21 3 26 24 9 23 2 5 25 22 16 7 8 18 6 27 29 12 17 1 28
2 32 12 17 31 14 25 19 16 3 30 7 29 23 20 5 6 10 1 11 28 18 15 13 21 26 9 27 24 22 8 4
17 4 24 19 6 18 29 1 11 30 5 14 2 15 9 8 12 20 16 21 26 10 13 31 3 7 23 25 22 28 32 27
8 9 4 20 15 16 30 10 22 6 23 11 13 7 5 31 27 19 3 28 18 29 1 14 12 21 26 32 17 2 24 25
18 27 3 17 23 28 20 22 25 24 32 16 4 5 2 7 10 21 11 31 6 14 12 26 15 19 13 9 30 8 1 29
22 9 30 13 7 20 29 14 32 1 31 6 15 19 21 3 24 25 26 4 11 18 17 10 2 5 16 8 23 12 28 27
1 31 29 4 27 25 5 20 9 21 14 17 8 7 28 30 22 23 12 13 16 10 3 11 19 15 26 24 18 2 6 32
24 21 26 18 2 9 14 25 28 15 7 11 32 16 31 20 4 22 1 10 13 29 19 6 27 23 17 30 12 3 8 5
32 14 5 23 13 26 25 2 11 3 22 15 6 24 19 10 30 1 28 16 12 8 29 21 31 4 7 20 27 17 18 9
28 10 25 20 9 27 16 1 32 6 26 8 12 15 14 4 17 18 24 11 30 19 23 29 22 3 5 21 13 7 2 31
30 32 22 7 12 20 4 23 14 17 3 9 2 25 29 16 31 8 19 28 26 24 15 13 11 21 27 5 10 18 1 6
12 2 13 24 18 22 28 19 6 23 20 30 29 1 4 26 3 17 14 5 31 25 7 8 9 10 15 27 21 32 11 16
20 13 23 2 14 25 19 17 24 9 4 29 5 26 10 8 18 32 11 21 3 7 27 31 12 30 6 22 15 16 28 1
29 16 12 5 19 24 6 8 22 7 23 3 1 10 20 15 26 11 13 31 28 9 30 4 21 17 25 2 32 14 27 18
5 12 10 8 32 27 13 16 20 15 19 14 18 30 9 21 23 31 2 3 11 22 6 25 17 7 1 4 29 24 26 28
2 4 1 11 6 26 30 27 7 24 31 20 15 32 18 10 12 21 25 9 8 16 13 22 19 14 3 28 5 23 17 29
31 26 15 12 10 14 29 24 25 21 30 23 7 4 2 3 6 16 9 1 27 17 8 20 28 11 32 18 22 19 13 5
6 25 19 13 7 18 11 15 4 8 26 21 9 23 32 16 20 12 1 10 29 30 17 5 27 31 2 14 24 28 22 3
10 14 29 16 28 9 5 6 30 1 25 22 31 21 24 27 11 2 19 4 20 3 32 13 15 26 23 12 17 8 18 7
23 12 32 19 1 28 31 30 14 2 22 7 21 18 10 4 15 26 5 8 17 6 29 16 20 24 9 25 11 27 3 13
3 21 5 10 30 8 26 31 13 11 7 32 28 19 27 23 24 17 15 16 18 14 12 29 2 1 4 22 20 9 6 25
6 10 24 7 13 1 27 11 17 28 32 4 12 5 29 20 25 3 26 9 19 18 15 21 31 2 22 23 16 30 8 14
4 3 12 18 25 19 14 26 28 6 9 21 29 24 11 7 10 20 8 15 13 5 1 30 22 16 17 27 23 31 2 32
7 25 1 17 30 22 20 2 11 13 8 9 23 10 4 6 27 14 28 21 16 15 19 26 3 5 32 29 18 12 24 31
8 24 10 31 26 20 9 5 32 30 11 23 7 14 19 25 6 22 16 13 12 29 2 3 21 28 27 18 4 17 1 15
1 9 26 20 31 13 16 7 2 4 15 17 5 32 14 29 18 3 24 22 6 11 23 30 12 19 25 28 10 21 27 8
12 27 13 26 10 25 6 19 16 3 14 15 2 9 21 31 17 18 28 1 23 4 24 11 22 20 7 5 30 8 32 29
10 13 28 27 6 22 24 23 26 16 31 11 9 7 18 2 4 20 1 25 8 30 29 15 14 21 5 3 17 19 12 32
24 6 22 23 27 26 4 14 7 30 32 29 13 15 11 20 9 25 19 5 10 17 8 31 3 2 16 21 12 28 18 1
3 4 23 7 29 9 30 26 18 28 15 22 21 20 32 8 25 2 12 14 31 5 17 10 19 6 13 24 27 1 11 16
18 16 25 24 12 14 19 30 10 21 5 20 6 4 31 15 29 28 17 32 11 7 27 26 9 1 3 8 13 23 22 2
22 31 4 11 2 13 29 17 9 1 20 8 3 25 27 23 30 21 26 10 19 14 12 7 15 16 6 32 24 18 28 5
23 27 29 5 24 10 26 8 6 13 11 3 28 19 14 21 12 1 15 7 18 16 32 4 2 31 9 20 22 30 17 25
7 21 3 19 1 8 12 10 28 17 30 32 4 16 9 26 22 23 25 31 13 6 2 29 20 5 15 14 11 27 24 18
2 32 19 31 18 16 20 1 22 23 9 14 8 21 28 10 15 12 11 13 26 30 6 5 17 24 4 25 29 3 27 7
5 9 12 18 28 19 27 15 30 11 23 22 32 29 10 7 24 8 13 17 16 25 3 6 21 26 1 4 20 14 2 31
31 12 1 27 26 28 13 16 20 24 4 21 23 15 32 25 10 11 7 14 29 18 19 22 6 17 2 9 5 30 8 3
30 13 26 5 19 18 11 6 4 8 25 7 12 24 29 14 20 31 16 22 28 9 17 21 27 10 23 2 32 1 3 15
22 2 10 8 29 24 32 11 18 7 28 4 9 30 14 31 27 16 17 3 20 15 1 25 12 19 13 5 21 23 26 6
12 25 13 20 27 10 5 14 29 21 4 15 28 7 2 6 11 26 1 32 3 19 30 8 31 23 22 24 16 18 17 9
8 3 32 10 14 9 29 17 16 12 22 6 13 20 24 30 23 2 25 21 19 11 7 15 28 4 26 18 5 31 1 27
20 26 15 17 32 1 9 27 2 28 7 4 6 14 19 29 31 25 12 8 30 18 13 10 11 21 5 23 24 3 22 16
29 20 23 19 30 8 24 1 11 16 31 7 21 9 28 27 25 10 15 4 3 5 12 26 17 14 6 22 18 2 32 13
4 16 28 26 7 20 12 25 24 9 14 17 1 5 27 21 19 23 8 11 31 10 29 30 18 6 3 32 15 22 13 2
24 14 8 13 15 19 25 6 26 2 30 29 3 18 21 23 9 1 7 5 10 17 32 16 20 11 4 31 22 28 12 27
10 12 22 23 9 14 19 5 13 17 8 16 18 4 20 2 30 32 26 1 11 3 15 31 6 7 25 21 29 27 24 28
14 31 29 12 2 27 6 10 9 1 20 32 16 23 4 15 17 26 24 25 30 22 8 13 11 28 7 3 5 19 21 18
23 17 4 24 1 6 30 2 28 12 25 11 29 20 31 22 10 21 5 7 18 16 19 3 14 15 26 27 13 9 8 32
29 25 24 16 31 28 14 8 32 9 6 21 5 10 19 26 18 17 11 3 23 20 30 7 22 4 2 12 15 13 27 1
7 24 25 11 6 22 16 20 13 8 32 15 23 30 9 4 29 28 2 10 12 14 1 26 31 19 27 18 17 21 3 5
5 3 1 7 10 9 26 19 20 13 15 6 21 29 11 27 23 18 28 17 8 30 24 4 12 31 25 32 22 16 2 14
10 6 32 26 12 15 13 17 11 3 5 9 2 25 27 7 22 14 16 31 29 1 23 30 19 20 4 21 18 24 28 8
28 21 3 8 24 13 11 16 6 30 22 20 4 9 29 25 12 31 26 32 19 15 2 14 27 5 1 23 10 17 18 7
1 4 22 31 25 24 27 26 29 17 3 23 13 10 18 5 20 16 12 14 28 19 32 8 15 30 9 2 21 7 11 6
18 26 4 23 13 25 29 11 7 28 19 14 5 1 32 30 31 12 8 22 10 6 27 20 21 2 15 9 24 16 17 3
4 3 19 17 18 8 20 7 25 23 28 30 6 5 10 31 27 11 24 9 13 14 12 15 2 1 32 22 16 21 26 29
12 27 29 16 30 14 28 22 18 2 9 32 8 4 21 26 24 19 5 15 6 25 7 10 17 23 3 20 11 13 1 31
8 25 1 20 9 18 12 24 30 7 23 16 28 19 4 2 15 32 17 11 26 22 6 13 3 10 5 29 27 31 21 14
14 17 26 10 31 16 32 30 22 27 8 6 18 7 24 4 9 23 25 21 20 11 15 29 28 1 2 5 12 19 13 3
29 24 23 19 2 13 14 31 26 16 6 21 1 32 20 22 18 10 15 28 11 4 8 5 9 17 7 12 30 3 27 25
30 32 15 18 10 28 4 23 9 21 11 17 12 14 27 3 20 8 19 1 31 7 13 25 6 26 16 24 29 22 2 5
24 21 12 13 29 6 19 30 16 11 31 9 7 15 14 10 25 26 5 4 22 17 3 20 2 23 1 8 32 27 18 28
5 2 24 12 25 22 9 27 26 1 7 15 16 23 4 21 29 18 14 8 19 10 30 31 28 20 6 3 11 17 32 13
20 31 13 5 32 19 16 22 21 24 26 4 6 30 28 15 10 17 2 3 12 9 29 25 14 8 27 18 23 1 11 7
31 10 25 11 27 1 28 15 7 12 5 8 29 24 32 20 22 19 9 21 23 16 2 14 3 30 26 4 18 13 17 6
28 6 32 13 1 9 20 7 18 3 14 29 2 4 11 23 12 16 19 10 8 5 17 26 21 31 22 25 15 30 24 27
1 14 19 18 26 27 32 10 22 17 4 20 5 25 21 29 6 12 11 15 13 3 24 16 31 2 23 28 30 7 8 9
12 13 10 27 6 14 24 20 30 9 32 23 4 21 31 26 17 2 25 28 18 29 19 7 22 11 15 5 16 8 3 1
2 12 8 17 30 10 4 16 14 13 25 22 28 32 19 5 31 21 7 11 26 6 1 15 27 24 3 20 29 9 23 18
7 4 26 19 18 25 6 11 24 1 3 30 16 10 9 27 23 14 17 22 29 8 13 21 12 5 32 31 20 2 28 15
1 16 28 12 7 15 26 5 29 8 14 32 3 19 10 30 24 11 9 25 6 20 23 13 17 4 22 27 21 18 2 31
22 9 23 20 15 16 5 8 4 21 28 6 7 1 2 29 11 31 26 10 17 18 32 30 14 19 13 3 27 24 12 25
4 26 12 31 13 9 27 25 11 30 23 8 21 18 29 15 19 20 14 1 3 7 6 10 17 28 5 32 24 16 22 2
8 31 3 10 28 1 11 23 6 4 19 15 32 5 24 21 30 18 16 14 20 22 7 29 27 2 17 25 12 9 26 13
7 2 13 23 24 8 25 26 30 16 22 21 12 20 11 6 15 32 5 4 28 1 17 3 31 14 9 27 10 19 18 29
2 10 15 27 31 28 12 19 20 11 26 17 18 7 21 30 29 1 13 32 8 25 3 4 6 23 16 22 5 14 24 9
18 26 4 24 1 22 13 31 25 7 20 29 8 9 19 23 10 2 12 17 16 11 30 5 15 21 6 28 27 32 3 14
14 21 10 16 7 18 32 24 26 23 6 20 13 29 9 22 19 8 11 5 31 3 1 30 2 15 25 12 4 28 17 27
29 6 32 17 12 27 14 22 2 3 30 11 1 16 5 20 25 23 28 9 10 4 19 31 18 26 15 24 13 21 8 7
20 12 5 18 27 6 25 7 9 2 32 30 23 14 31 3 22 17 15 21 11 19 24 10 28 8 26 4 29 1 13 16
6 3 25 23 10 13 16 14 4 28 31 7 2 5 20 27 12 21 24 15 18 9 29 26 19 11 17 8 30 22 32 1
23 9 24 26 30 20 11 10 21 27 7 14 12 15 28 8 18 16 17 5 29 3 6 4 22 31 2 25 32 19 1 13
31 13 19 12 2 18 14 26 22 17 4 9 1 32 24 25 27 20 8 7 6 10 15 29 11 28 5 23 16 30 21 3
5 14 28 26 13 6 27 2 16 9 19 4 29 24 31 10 30 18 25 8 22 15 12 3 21 17 23 20 11 7 1 32
24 4 3 27 28 1 29 17 18 12 25 16 9 19 32 21 11 10 7 22 31 6 2 14 20 30 13 5 23 8 26 15
12 17 13 19 1 15 9 23 11 24 6 30 21 25 10 3 18 26 2 4 28 16 8 7 27 14 32 29 20 31 22 5
31 32 22 5 9 24 6 27 7 4 3 29 18 21 11 26 17 19 8 14 20 30 23 16 2 10 1 12 15 28 13 25
10 16 5 20 26 9 28 1 24 23 7 22 32 30 29 4 6 14 13 3 12 17 27 8 19 15 25 31 21 2 11 18
5 31 29 10 6 20 32 16 14 30 8 7 13 18 27 2 23 12 19 11 26 25 1 15 9 24 22 21 4 3 17 28
30 9 8 17 19 28 12 5 26 2 11 23 6 10 21 15 25 16 24 1 13 29 3 20 22 4 7 27 18 14 32 31
22 3 4 24 18 8 20 25 6 21 30 14 23 29 9 7 31 11 15 10 16 1 32 5 17 19 26 28 13 27 12 2
18 26 12 11 15 27 13 19 25 24 32 20 2 16 4 6 30 10 14 28 8 9 7 31 21 1 3 22 5 17 23 29
14 21 15 16 25 10 4 11 2 7 23 32 9 19 20 30 27 1 5 17 31 22 12 13 3 26 6 24 29 18 28 8
1 4 26 13 31 22 5 14 29 27 28 15 23 20 19 10 24 8 25 7 3 17 6 21 12 2 9 18 30 32 11 16
20 6 10 17 24 25 27 15 16 3 9 8 32 23 14 31 29 26 19 11 18 30 2 7 28 5 22 4 12 13 21 1
10 2 32 31 19 9 16 27 30 12 11 23 3 1 5 29 15 17 28 22 6 4 13 20 18 21 26 25 24 7 8 14
6 25 4 24 2 28 26 20 7 30 23 21 16 14 10 5 19 18 12 9 17 22 15 13 11 31 1 8 29 27 3 32
28 17 19 16 26 27 24 31 13 4 25 6 8 29 32 21 12 11 9 3 10 20 30 14 15 23 7 2 22 18 1 5
14 12 29 20 18 1 11 7 9 21 26 17 13 4 31 8 22 32 2 25 23 19 24 15 6 30 16 5 10 3 28 27
4 26 28 2 15 13 5 17 22 23 31 9 6 24 27 7 11 19 14 21 29 8 12 30 20 10 32 3 16 1 18 25
30 3 24 23 12 20 16 1 6 11 28 15 29 9 2 25 19 21 17 7 22 10 27 8 31 4 5 32 13 14 26 18
24 32 22 10 6 8 14 2 26 9 5 30 18 25 29 23 17 20 16 15 13 1 7 31 11 19 4 28 27 21 12 3
5 31 3 12 30 18 26 10 20 7 19 4 8 32 14 27 6 2 15 9 16 29 17 21 28 1 25 23 11 22 24 13
23 21 8 11 29 6 25 30 28 17 7 14 12 10 24 4 31 1 19 5 18 9 3 26 27 15 13 22 20 2 32 16
1 14 25 18 19 16 28 24 2 13 32 17 21 30 11 6 29 31 7 4 20 3 15 10 12 26 23 27 5 9 22 8
22 10 26 27 28 24 20 14 18 2 9 32 4 25 19 29 15 23 13 1 11 7 8 5 3 17 16 12 30 21 6 31
24 3 15 19 9 25 4 1 11 17 30 7 2 18 21 26 22 8 5 32 28 10 29 16 27 20 6 31 12 13 23 14
4 25 23 13 6 10 12 15 9 11 14 20 1 16 5 22 30 21 17 28 26 19 24 3 18 31 7 8 27 2 32 29
7 14 25 31 12 6 13 5 21 2 3 8 16 9 4 15 17 23 28 11 22 18 32 29 19 30 26 20 10 1 24 27
23 17 26 18 30 22 32 19 28 9 6 16 13 4 10 3 29 20 25 14 12 11 2 31 15 5 1 27 21 24 8 7
30 32 3 11 7 20 9 10 29 28 31 14 12 15 24 23 27 19 26 22 8 6 13 5 21 2 25 18 4 17 1 16
18 9 13 10 32 1 4 30 25 16 15 22 3 19 24 21 11 17 5 8 6 29 27 7 12 26 23 31 20 14 28 2
12 10 22 18 29 24 11 17 20 8 32 21 9 5 14 27 19 1 2 28 23 16 6 31 15 4 3 25 30 7 26 13
2 17 8 12 19 9 6 10 16 13 30 21 18 7 29 20 23 11 25 5 3 15 27 26 22 14 1 4 24 28 32 31
12 13 10 11 18 22 20 14 2 9 7 16 21 5 19 4 23 31 24 32 26 25 30 8 3 1 17 28 15 27 6 29
22 12 5 20 13 10 16 7 4 27 6 14 23 15 9 8 29 2 19 17 28 1 3 30 11 24 25 32 21 31 26 18
2 9 4 17 7 13 24 19 25 12 15 29 3 10 11 30 6 28 26 14 20 8 1 21 31 5 32 27 18 22 23 16
14 10 12 5 31 24 27 25 16 3 20 11 9 4 2 6 19 32 8 1 17 30 29 7 28 26 13 23 22 21 18 15
30 31 19 2 25 20 9 24 29 7 14 23 12 32 28 5 11 1 16 10 13 6 17 26 27 21 15 18 4 3 22 8
28 4 23 10 1 25 29 11 6 16 26 22 32 30 27 7 12 17 13 8 31 15 2 5 18 19 9 3 20 24 21 14
6 3 24 23 29 9 25 27 28 30 11 32 2 1 20 26 31 16 14 4 18 17 7 8 21 10 22 12 15 19 13 5
1 21 15 27 28 16 32 23 30 24 31 9 13 19 10 29 18 26 7 3 8 4 6 25 20 17 5 22 11 14 12 2
23 26 29 16 32 27 28 31 18 8 4 30 1 14 21 10 24 19 9 22 12 11 13 20 15 2 6 25 5 17 3 7
18 32 26 19 30 1 14 2 22 21 28 17 29 24 31 25 27 20 12 7 11 16 23 10 6 15 4 5 13 9 8 3
