8382 7607 6530 7425 6222 6186 6074 5185 5292 4848 4499 3945 3455 2803 2114 2188 1894 1642 1390 1316 1198 973 954 910 710 692 629 490 503 467 331 368 289 270 224 238 201 179 156 139 105 113 105 82 79 76 69 56 53 39 37 30 27 26 23 20 16 15 13 10 10 10 9 8 7 6 5 5 4 4 2 2 2 2 2 1 1 1 1 1 1 1 1 1 1
13 10 9 2 5 3 8 12 14 6 15 4 11 1 7
3 8 1 5 7 11 6 13 9 15 2 14 4 10 12
9 11 15 12 14 6 5 2 8 3 10 7 1 4 13
8 13 4 10 12 9 3 1 15 7 5 6 14 11 2
7 12 11 1 8 15 13 9 4 10 3 2 5 6 14
15 7 10 3 6 5 11 14 1 9 12 13 2 8 4
10 1 13 8 9 4 15 5 3 2 11 12 7 14 6
12 10 14 11 1 13 9 15 7 8 4 5 6 2 3
1 2 8 4 5 14 10 11 6 13 7 3 9 12 15
4 14 6 13 3 1 2 8 11 12 9 10 15 7 5
11 9 5 7 15 2 12 6 13 4 14 8 10 3 1
14 5 2 9 13 12 7 4 10 11 6 1 3 15 8
5 6 7 2 4 10 14 3 12 15 1 11 8 9 13
2 3 1 6 11 7 4 10 5 14 8 15 12 13 9
12 15 3 14 7 6 8 9 2 1 10 4 13 5 11
15 3 12 13 2 8 6 7 9 5 14 1 11 4 10
6 4 11 12 10 15 9 2 8 14 13 7 5 1 3
7 11 3 5 13 8 14 1 15 6 2 9 4 10 12
13 8 4 15 3 6 10 14 2 5 1 9 12 11 7
2 12 15 6 1 11 8 5 14 10 7 3 13 9 4
9 8 12 7 11 13 6 15 4 3 5 2 1 10 14
10 6 2 11 13 1 5 7 14 9 4 12 8 3 15
6 15 14 3 9 12 4 2 8 11 13 7 10 5 1
6 8 11 14 4 3 2 10 1 15 9 5 13 12 7
9 15 5 6 2 4 12 3 10 1 8 11 7 13 14
13 11 15 14 5 7 1 9 12 6 8 4 3 2 10
2 10 3 1 8 15 7 14 9 12 6 13 5 4 11
5 13 2 4 10 8 11 3 7 1 12 15 9 14 6
14 1 10 2 7 9 8 11 15 4 3 6 12 13 5
11 7 4 15 3 1 10 6 14 2 13 9 8 5 12
5 8 14 11 12 10 1 15 7 13 4 2 3 6 9
7 14 13 9 8 6 4 12 1 11 2 10 5 3 15
8 6 11 4 10 5 15 9 2 13 14 3 7 12 1
15 2 7 6 1 3 5 13 4 8 10 14 11 9 12
10 3 14 5 13 4 12 8 11 15 7 1 2 6 9
13 6 10 1 5 14 11 3 12 4 9 8 15 7 2
10 7 2 9 8 13 15 14 6 12 4 11 1 3 5
15 9 5 12 6 8 10 1 14 3 7 2 13 11 4
5 13 4 15 2 10 9 8 11 1 3 12 14 7 6
8 14 3 4 15 13 7 5 9 6 10 1 2 12 11
1 4 6 5 7 11 2 10 13 15 12 8 3 14 9
13 9 15 11 12 7 1 2 10 14 6 4 8 5 3
9 2 7 3 11 5 6 1 4 8 15 14 12 13 10
2 8 11 12 4 15 14 13 9 10 1 3 7 6 5
14 15 5 9 7 4 3 11 8 2 12 6 13 10 1
6 14 3 8 2 12 4 7 5 13 11 10 1 9 15
1 5 12 14 13 10 8 15 2 7 4 9 11 3 6
10 8 13 6 12 15 7 9 1 4 5 11 14 2 3
14 15 4 5 10 7 9 6 13 3 8 1 12 11 2
7 4 5 2 15 9 14 10 8 1 13 12 3 6 11
13 2 11 3 5 6 1 14 12 15 10 8 9 7 4
2 13 4 1 9 11 5 15 14 6 7 3 10 12 8
8 7 14 1 11 5 9 2 10 12 3 6 13 15 4
8 14 12 4 6 15 1 3 13 7 9 5 11 2 10
14 4 6 3 12 9 7 1 8 13 2 11 5 10 15
1 13 7 5 15 8 6 9 14 2 12 10 3 4 11
11 9 13 8 3 4 2 15 6 10 1 12 7 14 5
5 1 2 6 7 12 3 13 9 14 15 4 10 11 8
13 9 15 11 2 14 8 10 4 1 7 6 12 5 3
15 6 10 14 1 9 11 7 12 4 3 5 8 13 2
7 13 5 6 4 10 12 14 8 15 11 3 2 9 1
15 7 10 2 3 6 4 11 1 12 8 13 9 14 5
7 4 15 8 13 5 1 6 10 3 9 14 12 11 2
10 6 14 2 7 12 5 1 9 11 13 8 3 15 4
2 9 13 1 15 11 10 14 6 4 5 12 7 3 8
13 1 6 14 12 7 3 8 4 2 11 9 5 10 15
11 2 7 5 4 8 6 10 13 14 15 9 1 12 3
7 8 10 3 6 15 11 2 5 13 12 14 9 4 1
10 1 3 11 9 4 14 15 2 6 8 13 7 5 12
5 15 14 1 6 9 8 7 12 13 4 11 10 2 3
8 13 12 6 4 11 2 1 14 10 7 5 3 9 15
1 2 11 15 4 7 12 13 14 6 5 3 8 9 10
9 4 5 11 7 10 6 15 13 14 3 8 1 12 2
8 14 15 3 1 13 4 6 5 7 10 12 2 9 11
15 1 7 4 13 14 2 11 6 12 9 3 5 10 8
8 7 3 1 6 4 9 14 13 11 15 5 12 2 10
2 13 5 6 15 12 7 9 4 10 11 1 8 14 3
1 14 2 15 7 9 8 13 5 11 10 6 3 12 4
5 9 13 6 3 11 7 10 8 14 2 1 12 4 15
7 4 14 15 5 6 3 9 13 10 11 12 8 2 1
13 6 12 5 15 4 9 3 2 11 7 8 1 14 10
9 2 13 8 6 10 15 14 4 7 3 1 5 11 12
10 8 6 11 4 7 1 13 14 12 15 9 3 5 2
11 7 15 1 9 13 14 2 12 3 5 6 10 4 8
1 13 11 14 12 15 10 7 9 6 8 5 2 3 4
