29006 15820 12137 6485 7835 6485 4778 4778 3294 1587 1350 1350 1003 1003 554 424 347 341 341 284 209 111 134 78 77 39 36 26 21 15 16 8 10 6 3 2 2 1 1 1 1 1
2 11 7 12 6 13 8 4 10 9 5 1 3 14
11 5 7 13 2 3 14 9 1 8 10 6 4 12
2 10 9 11 4 13 14 8 1 7 12 6 3 5
12 6 1 7 9 4 3 13 5 8 2 11 14 10
2 11 5 8 9 12 1 6 14 3 10 4 13 7
8 7 2 5 10 1 4 12 11 9 3 6 13 14
14 8 7 10 5 11 3 9 1 4 13 12 2 6
9 12 7 4 11 6 2 13 3 1 8 5 14 10
12 6 1 7 3 14 11 5 9 2 13 10 8 4
8 4 11 14 5 9 13 3 10 12 6 2 1 7
12 4 11 14 3 9 13 5 10 8 6 2 1 7
14 11 1 7 5 9 4 3 10 12 13 2 8 6
14 7 1 5 9 4 11 12 8 2 3 10 13 6
12 8 2 14 10 1 13 9 5 6 3 11 7 4
2 8 7 14 3 11 9 6 5 13 4 12 1 10
14 6 2 1 8 9 11 12 5 4 13 10 3 7
9 7 14 10 4 11 13 5 1 2 3 12 8 6
6 12 14 9 5 7 2 3 10 13 8 11 1 4
12 11 10 2 9 1 3 7 8 4 6 5 13 14
3 4 1 14 12 11 13 9 5 2 10 6 8 7
14 2 7 4 8 9 11 5 3 12 13 10 1 6
14 2 11 1 5 7 9 13 10 4 8 12 3 6
9 8 11 10 5 7 2 6 1 13 4 12 3 14
2 6 11 1 3 7 13 9 5 12 8 10 14 4
3 7 1 8 12 9 4 13 5 2 10 11 14 6
2 4 7 1 9 11 3 5 8 12 10 6 13 14
6 2 7 9 8 1 11 13 5 3 10 12 14 4
14 12 7 2 9 1 11 5 10 3 8 6 13 4
12 2 10 1 4 11 9 7 3 13 8 5 14 6
2 4 11 10 9 1 13 7 5 12 8 6 3 14
3 8 11 4 12 7 2 9 1 13 10 5 14 6
9 4 10 1 8 7 11 3 5 12 6 2 13 14
9 12 7 2 4 11 13 5 10 3 8 6 1 14
14 4 10 1 8 9 2 3 5 12 6 11 13 7
14 6 1 4 8 9 11 13 5 2 10 12 3 7
6 4 7 2 9 1 11 5 10 3 8 12 13 14
2 12 11 10 4 1 9 13 5 3 8 6 14 7
12 4 7 10 8 1 11 9 5 3 6 2 13 14
14 6 11 4 3 9 2 13 1 12 10 5 8 7
12 4 7 1 5 9 11 3 10 13 6 2 8 14
6 12 7 4 8 11 2 9 1 13 10 5 3 14
14 4 10 2 9 1 11 3 5 12 8 6 13 7
