20012 14734 14734 7846 6277 6277 4962 4231 4478 2997 2207 1481 1569 1569 1370 971 971 597 638 462 357 247 192 193 143 97 88 64 56 39 31 27 16 15 14 8 7 6 5 4 2 2 1 1 1 1
2 4 13 9 7 5 10 6 3 1 11 8 12
12 4 6 2 5 3 9 11 13 10 1 7 8
7 3 4 12 2 11 5 13 6 8 10 9 1
12 10 9 1 11 13 4 7 3 6 8 5 2
1 4 8 9 6 2 12 11 10 7 13 5 3
8 6 7 1 12 3 11 2 10 9 4 13 5
10 2 13 9 1 7 4 5 12 6 3 8 11
12 2 4 1 3 6 13 10 9 7 11 5 8
10 2 6 9 13 12 1 8 5 3 11 4 7
1 10 5 4 12 11 8 7 3 6 13 9 2
12 3 10 8 2 13 7 6 11 9 4 5 1
4 8 2 3 5 11 13 7 10 12 1 9 6
8 10 13 2 1 4 12 11 9 7 6 5 3
12 9 7 8 6 2 3 5 10 4 11 13 1
4 3 13 9 5 8 7 2 6 10 1 12 11
1 4 10 2 11 7 13 6 9 12 3 8 5
10 8 2 3 1 4 11 13 12 9 6 7 5
1 2 5 4 12 13 9 7 3 10 11 8 6
4 10 9 8 6 2 12 11 3 7 13 5 1
8 3 5 4 2 7 9 10 11 12 1 13 6
1 4 13 2 12 6 11 7 10 9 3 5 8
10 2 5 4 3 11 13 6 9 7 1 12 8
12 4 10 9 2 8 1 13 11 3 6 7 5
4 2 10 8 1 13 11 6 12 9 3 5 7
12 3 5 1 13 8 7 2 9 10 6 4 11
10 9 5 4 2 11 3 7 12 6 1 13 8
8 10 5 3 1 7 9 6 11 4 13 12 2
12 8 10 2 5 11 9 7 3 4 6 13 1
8 9 10 4 1 11 13 2 3 12 6 7 5
4 3 2 8 12 6 11 13 9 10 1 5 7
8 4 2 9 13 7 3 10 12 6 1 5 11
1 2 10 9 5 6 13 7 11 12 3 4 8
12 8 5 9 2 6 7 13 3 10 1 4 11
1 4 10 8 2 11 9 7 12 6 3 13 5
4 10 2 9 5 8 3 13 11 6 1 12 7
12 8 5 4 13 11 3 6 9 10 1 7 2
1 3 5 4 2 7 9 6 11 10 13 12 8
12 2 5 8 13 7 3 6 10 9 1 4 11
12 9 10 4 1 8 11 7 3 6 13 5 2
1 2 10 9 5 11 13 6 12 4 3 7 8
1 4 2 9 13 8 11 6 12 10 3 7 5
12 3 10 8 13 7 11 6 9 4 1 5 2
8 10 2 4 1 7 3 13 12 9 6 5 11
4 10 5 8 2 7 9 13 3 6 1 12 11
12 3 5 4 1 11 13 7 10 9 6 8 2
1 4 2 9 5 8 3 6 12 10 13 7 11
