0.2032693843790908 0.1147405094061676 0.0902199789510466 0.0739541343335895 0.06428743000014513 0.03936589351963977 0.05465936479714128 0.03381382639131037 0.02130021713994003 0.014395816337528556 0.03000790721334679 0.03395049389411077 0.038921293281468886 0.008985203412606887 0.023723597443597946 0.02363269201033645 0.01824901379446631 0.021149407533791617 0.013691331730291087 0.010571782377337881 0.01145840603146256 0.012973746993425494 0.008542315724971107 0.01017400028222307 0.006853654170798779 0.007482425633037347 0.006069052107273083 0.003557121109854234
3 1 8 4 2 7 5 6
8 5 6 4 7 2 3 1
2 7 5 3 6 4 1 8
6 3 1 2 4 7 8 5
4 8 2 5 7 1 6 3
5 6 4 8 1 3 7 2
1 2 3 6 5 8 7 4
8 4 5 1 3 6 2 7
7 1 2 3 8 5 4 6
1 5 7 4 3 2 6 8
4 3 8 7 6 2 1 5
2 5 7 4 6 3 8 1
3 5 1 8 7 4 6 2
5 8 3 7 4 2 6 1
8 1 6 2 4 5 7 3
7 3 5 4 1 2 8 6
8 1 4 5 7 6 2 3
5 3 2 1 6 7 4 8
7 8 2 4 1 3 6 5
4 8 1 2 3 7 5 6
5 2 8 3 4 6 1 7
8 7 3 6 5 2 1 4
6 8 5 3 7 2 4 1
2 1 4 8 3 7 6 5
1 7 6 4 8 3 5 2
1 5 8 3 4 2 7 6
8 2 3 4 6 5 7 1
4 1 6 5 7 3 2 8
