9349 8428 8668 7670 7016 6352 5728 5364 4927 3497 3940 3087 2597 2330 2193 1961 1785 1859 1636 1440 1377 964 711 871 739 603 548 496 497 424 407 287 299 233 232 180 140 150 126 102 102 86 79 77 47 49 43 48 37 31 25 26 19 17 12 13 10 10 7 7 6 5 5 4 3 2 3 2 2 2 1 1 1 1 1 1 1 1
3 9 7 1 5 10 14 8 12 2 11 13 4 6
14 12 3 6 11 2 10 13 7 1 8 9 5 4
5 8 13 12 10 7 6 9 4 14 1 11 2 3
6 14 12 10 3 4 2 7 9 13 5 8 11 1
10 1 11 4 2 3 13 12 5 6 7 14 8 9
2 5 6 11 7 13 1 4 10 9 12 3 14 8
4 7 8 3 13 14 9 11 2 10 6 5 1 12
9 10 14 7 8 1 5 2 6 3 4 12 13 11
7 3 1 5 4 9 12 8 14 11 2 6 10 13
1 11 2 4 12 8 3 6 13 5 9 10 7 14
11 6 5 2 14 12 7 3 1 8 13 4 9 10
13 4 9 10 1 6 11 14 3 12 8 7 5 2
14 13 10 9 6 11 4 1 8 7 3 2 12 5
1 8 4 13 9 2 3 5 11 12 14 10 6 7
9 6 3 13 12 8 14 10 7 11 5 1 2 4
4 2 11 14 9 1 5 12 13 8 10 6 3 7
13 10 12 8 4 9 2 11 1 7 6 3 5 14
7 11 2 6 14 3 9 5 12 10 1 8 4 13
12 13 7 1 8 11 10 14 3 4 2 5 9 6
3 2 8 11 13 10 1 6 4 5 12 14 7 9
2 10 4 14 5 6 8 1 9 3 11 13 12 7
5 3 11 12 6 14 13 10 7 9 4 1 2 8
10 1 9 3 11 13 12 14 5 4 8 7 6 2
10 5 14 11 9 12 3 7 6 1 8 2 13 4
4 8 6 9 12 2 5 13 10 14 7 3 11 1
9 4 10 3 1 7 14 8 11 2 13 12 6 5
12 14 5 1 6 4 13 10 2 11 3 7 8 9
1 11 12 8 7 13 6 9 5 3 4 10 2 14
13 1 3 6 14 5 2 11 10 8 9 4 7 12
8 12 13 3 10 14 4 6 7 9 11 1 5 2
3 6 9 12 1 4 11 2 13 7 10 8 14 5
1 5 12 11 13 2 9 8 14 10 4 7 3 6
6 3 13 1 4 11 7 12 9 5 14 10 8 2
2 7 10 8 11 12 5 1 6 13 9 14 4 3
11 2 8 13 5 7 10 3 1 4 12 6 9 14
14 13 6 9 4 8 5 7 2 1 10 12 3 11
14 10 7 8 12 6 9 5 11 2 3 13 4 1
4 3 5 14 7 13 8 9 11 10 2 1 6 12
6 1 14 11 8 2 12 5 7 3 13 4 10 9
12 13 7 14 6 9 10 11 1 5 4 3 2 8
10 6 5 3 2 8 1 7 14 9 11 4 12 13
2 14 8 6 10 12 9 13 5 4 7 1 11 3
11 5 3 9 14 6 12 10 2 7 8 13 4 1
8 2 12 13 11 9 4 6 10 5 1 7 3 14
5 4 10 1 14 13 7 2 6 9 11 3 8 12
13 12 9 5 4 2 10 8 11 1 7 14 6 3
1 7 3 8 6 14 5 9 11 13 4 12 10 2
11 4 9 12 10 3 1 5 7 8 13 2 14 6
5 13 2 1 14 7 4 12 6 10 8 3 9 11
9 1 6 14 5 12 2 10 13 11 3 8 7 4
1 7 10 6 2 8 3 9 5 4 11 14 12 13
13 10 14 5 7 6 11 2 12 3 4 1 8 9
9 14 5 3 12 13 6 1 10 7 11 8 4 2
3 13 12 11 5 2 9 1 14 4 8 7 6 10
10 5 6 8 12 11 3 13 1 9 14 4 2 7
12 4 7 13 6 11 10 8 5 2 3 14 9 1
6 12 5 8 4 14 7 9 3 1 2 13 11 10
10 8 13 3 14 7 11 6 1 5 12 2 4 9
9 1 3 5 2 13 6 12 14 11 7 4 10 8
12 14 6 11 5 10 4 2 9 8 1 3 7 13
5 7 2 9 12 6 3 13 11 1 8 4 14 10
10 1 14 3 11 12 2 13 5 9 7 8 6 4
11 8 5 6 7 4 12 9 1 3 14 13 10 2
5 7 9 13 11 8 6 10 3 4 2 14 12 1
1 14 2 5 4 10 8 6 9 11 13 12 3 7
8 4 12 1 6 2 9 10 11 5 7 14 3 13
4 6 3 12 9 11 10 5 7 13 1 8 2 14
9 12 7 1 10 13 2 8 6 5 14 4 3 11
6 4 13 3 14 2 10 1 5 11 8 12 7 9
13 7 8 11 5 9 6 12 1 4 3 2 10 14
10 12 2 8 6 7 1 9 11 5 13 3 14 4
8 1 14 5 10 11 7 2 6 3 4 13 12 9
1 14 12 5 2 6 9 8 10 11 4 7 3 13
3 12 6 1 5 4 7 10 11 9 2 13 14 8
10 4 2 11 6 13 9 3 5 1 8 14 12 7
1 10 12 13 4 9 8 2 3 5 14 7 6 11
5 14 3 8 11 10 1 9 12 2 13 4 7 6
11 1 14 9 10 7 2 6 13 4 12 3 8 5
