0.21224702751531488 0.16491911691380373 0.13840070031129867 0.09157690104775283 0.04322477553412809 0.06312717009539297 0.06877590081294663 0.05721171835261822 0.046357157788178255 0.03692080749153795 0.015783644198777393 0.012762945902887788 0.01351966589668403 0.013698245088407859 0.01035472602736437 0.006355741223907588 0.004763755798998798
5 4 2 1 6 3
1 6 3 2 5 4
6 1 4 5 3 2
2 3 1 6 4 5
4 5 6 3 2 1
3 2 5 4 1 6
4 1 2 3 5 6
3 6 2 1 4 5
2 4 6 5 3 1
6 5 1 3 2 4
3 1 6 2 4 5
1 4 5 6 3 2
1 2 6 4 5 3
2 3 5 1 6 4
3 4 1 2 5 6
6 1 3 4 2 5
1 5 4 2 6 3
