25374 24617 15825 8537 6055 4859 3066 2482 1793 1677 1600 972 584 663 507 193 283 193 193 116 90 108 77 66 28 15 11 8 2 3 3
5 1 10 11 9 6 8 7 4 2 3
11 2 5 1 7 6 3 9 4 10 8
2 7 9 6 10 1 4 8 11 3 5
8 7 10 5 1 9 11 6 2 3 4
5 9 6 7 1 8 10 3 11 4 2
3 6 7 8 5 4 1 11 9 2 10
3 11 4 6 9 8 10 2 5 7 1
2 11 8 7 5 3 6 1 4 9 10
5 9 3 6 11 10 8 4 1 7 2
8 7 4 11 9 3 10 2 5 6 1
2 8 1 5 3 11 10 7 4 9 6
8 6 4 11 5 10 1 3 9 7 2
5 9 7 8 11 4 6 2 1 3 10
5 8 3 7 9 10 6 4 2 1 11
5 11 10 7 1 3 8 2 9 6 4
3 9 7 8 5 4 11 6 2 1 10
3 9 8 5 1 4 11 6 2 7 10
5 11 7 8 9 3 10 4 1 6 2
3 8 6 7 5 4 10 2 1 9 11
3 6 7 11 5 10 8 4 2 9 1
5 9 6 8 11 4 1 3 2 7 10
3 6 8 11 9 10 1 4 5 7 2
5 9 7 8 1 10 11 3 2 6 4
3 11 10 7 5 4 8 6 1 9 2
3 9 7 8 5 4 11 2 1 6 10
5 9 3 8 11 4 1 6 2 7 10
8 11 3 7 5 4 10 6 1 9 2
3 11 10 8 9 4 1 6 5 7 2
3 11 7 8 5 4 10 6 1 9 2
3 11 7 8 5 4 1 6 2 9 10
3 9 10 8 5 4 11 6 1 7 2
