39896 34815 35521 33192 33861 34617 33693 33027 32237 32361 31543 29993 30069 29249 28195 28063 28124 25836 25988 25185 24923 24921 23085 22356 22623 20297 20313 19269 19187 15832 12437 8073 7778 6504 6190 5969 5308 5428 4989 5085 5019 4532 4304 4288 3878 3665 3571 3512 3406 3067 3047 3041 2947 2726 2452 2544 2304 2324 1959 1830 1878 1484 1467 1217 1206 1179 1126 1061 985 960 915 874 810 704 747 686 701 620 617 592 518 533 481 466 429 390 380 342 338 326 284 277 263 241 240 211 218 195 186 179 181 166 148 142 125 131 136 117 115 112 98 102 92 91 86 80 72 63 67 64 58 55 54 50 42 44 42 43 37 34 34 34 31 28 26 26 24 23 21 20 17 18 16 16 16 14 13 13 12 10 9 10 9 8 7 8 7 7 6 6 6 5 5 4 5 4 4 4 3 3 3 3 3 2 2 2 2 2 2 2 2 2 1 1 1 1 1 1 1 1 1 1 1 1 1 1 1 1 1 1 1 1
13 4 17 14 5 16 21 31 20 30 1 22 27 23 6 24 2 29 9 3 10 25 18 11 28 26 19 15 12 8 32 7
20 25 16 6 7 21 19 12 17 31 29 3 15 30 2 5 8 23 26 13 1 10 14 32 11 22 4 9 27 18 28 24
30 21 13 12 10 6 24 8 15 11 27 19 17 16 28 26 7 22 1 2 5 4 20 29 3 14 18 23 31 9 25 32
26 14 18 31 6 28 1 32 5 4 23 30 20 24 9 25 3 16 15 22 27 12 8 7 29 2 11 17 13 21 19 10
27 29 1 16 18 15 14 25 30 9 32 4 22 21 8 10 31 6 2 23 11 5 3 13 17 7 12 24 28 19 26 20
8 31 27 24 13 7 5 3 14 28 19 10 25 29 32 1 18 2 16 6 12 30 22 9 4 15 23 26 20 11 17 21
29 27 15 11 17 26 18 2 22 24 9 8 5 28 30 12 6 20 13 1 31 7 25 10 16 3 32 4 19 23 21 14
22 13 2 3 12 23 27 21 9 26 8 11 18 14 17 16 25 24 32 29 7 19 4 20 31 6 15 28 30 10 1 5
18 11 22 7 28 9 31 23 32 14 21 27 6 20 19 29 15 25 8 16 2 13 24 4 5 10 26 1 3 17 30 12
5 12 14 26 24 29 20 13 23 8 10 25 1 7 21 4 28 31 19 18 15 32 6 2 30 17 9 22 16 3 27 11
21 2 32 17 11 19 3 18 12 13 5 15 23 31 16 22 14 7 4 8 28 29 27 25 6 30 1 10 9 24 20 26
1 15 9 25 31 18 26 27 19 22 16 23 30 5 7 17 29 14 12 32 8 2 13 6 24 28 21 11 10 20 3 4
14 1 20 28 3 17 10 22 27 29 6 26 24 12 18 21 32 9 11 25 30 15 23 19 8 31 16 13 7 5 4 2
24 5 30 19 9 2 29 1 25 3 22 32 14 26 27 31 13 11 23 20 4 21 28 17 7 12 10 16 8 6 15 18
31 9 23 8 2 11 12 4 7 20 17 28 16 10 3 15 30 26 18 21 25 24 32 22 27 19 14 5 1 29 6 13
25 18 4 1 21 13 8 26 11 17 3 2 31 27 22 32 23 15 28 5 9 14 10 16 19 24 7 20 6 30 12 29
19 10 31 32 14 22 15 24 28 12 11 21 7 2 4 18 26 5 20 27 23 6 17 3 9 8 13 30 29 25 16 1
3 17 26 23 8 14 16 29 2 27 15 7 4 13 1 19 11 30 6 24 32 9 21 12 10 25 20 18 5 28 22 31
17 30 21 13 16 31 23 9 18 5 2 12 26 25 29 28 20 32 14 10 19 1 7 24 22 27 3 6 4 15 11 8
2 24 6 9 20 8 32 28 13 25 26 16 10 4 11 3 21 19 29 31 17 27 12 23 15 5 22 7 14 1 18 30
11 19 5 2 22 10 9 15 26 16 7 29 13 6 12 20 24 8 25 4 3 28 30 18 1 21 31 32 23 27 14 17
23 20 10 30 26 4 28 7 3 6 12 14 29 19 5 2 9 18 24 17 22 16 1 8 25 11 27 21 32 13 31 15
16 28 25 10 32 27 7 30 31 15 13 6 3 18 24 11 12 4 21 9 29 20 26 14 23 1 5 8 17 22 2 19
4 22 7 18 15 25 13 20 16 23 31 1 9 11 10 6 5 3 17 30 14 26 29 27 12 32 8 19 21 2 24 28
12 8 24 27 30 3 6 17 4 21 20 18 32 1 14 9 22 13 31 19 16 11 15 5 2 29 28 25 26 7 10 23
32 23 12 22 27 5 4 6 1 19 25 24 28 8 13 7 10 17 30 15 21 31 11 26 18 20 29 14 2 16 9 3
15 26 29 5 4 20 17 14 21 10 24 9 8 3 25 30 19 27 22 28 18 23 31 1 13 16 2 12 11 32 7 6
28 3 8 29 1 12 11 5 6 7 30 17 19 32 15 27 4 21 10 14 13 18 16 31 20 9 24 2 22 26 23 25
9 6 11 21 23 32 25 16 24 1 28 5 2 15 26 13 8 10 27 7 20 3 19 30 14 4 17 31 18 12 29 22
7 16 19 20 25 24 30 10 8 2 4 13 11 22 23 14 1 28 3 12 26 17 9 21 32 18 6 29 15 31 5 27
10 7 28 4 6 30 22 19 29 18 1 20 21 17 31 23 16 12 5 11 27 8 2 15 26 13 25 3 24 14 32 9
6 4 3 15 29 21 2 19 10 32 18 31 12 9 20 8 17 1 7 26 24 22 5 28 11 23 30 27 25 14 13 16
7 32 17 31 19 1 2 10 29 11 14 20 12 24 9 5 27 23 26 3 6 25 18 28 21 22 30 15 13 4 8 16
6 25 3 2 19 16 22 11 17 32 18 5 15 30 20 23 27 12 1 13 24 10 14 21 29 26 4 9 31 8 28 7
10 13 28 12 7 30 19 14 15 31 29 4 21 23 6 8 16 1 32 26 5 22 20 11 17 18 3 27 24 2 25 9
27 29 16 15 18 28 6 5 10 30 14 3 8 9 31 26 17 21 7 22 1 12 2 13 11 23 20 24 25 4 19 32
1 31 18 16 29 15 4 11 21 9 27 19 22 30 28 25 7 3 5 6 10 23 20 32 26 13 2 14 12 17 8 24
4 7 19 24 13 6 11 8 25 2 27 31 1 22 32 14 5 16 26 23 18 30 9 20 3 21 12 17 15 29 28 10
26 32 28 9 10 14 7 12 6 4 22 30 25 8 17 16 27 23 15 11 19 18 21 29 24 5 1 3 2 31 13 20
15 27 29 17 10 30 9 32 1 18 23 24 19 16 2 11 22 20 21 7 13 8 14 12 4 25 6 5 31 28 26 3
2 11 1 6 19 28 13 9 8 26 32 7 24 21 23 30 10 17 29 14 31 25 12 4 16 20 5 18 27 15 3 22
3 16 11 1 5 26 24 29 19 32 30 10 28 20 7 21 12 4 14 15 6 9 31 18 13 23 25 2 22 8 17 27
16 28 8 26 17 9 1 25 30 24 3 18 11 23 19 6 4 29 12 2 14 31 5 7 22 32 15 20 27 13 21 10
22 14 12 25 13 1 30 4 2 31 16 6 20 29 28 24 19 18 10 26 32 3 11 23 15 9 8 27 21 7 5 17
10 12 4 13 7 8 25 15 5 30 2 14 3 28 16 23 27 22 20 9 17 26 24 11 31 19 32 29 18 21 1 6
32 8 3 23 29 22 28 6 7 10 14 27 2 17 30 15 1 13 16 25 21 4 18 24 19 26 11 9 12 5 20 31
28 21 13 31 24 15 16 7 32 19 17 12 6 5 8 2 3 14 9 1 26 10 22 30 27 29 18 23 11 20 25 4
29 27 7 3 10 23 32 28 9 11 5 16 13 30 21 26 31 6 18 20 12 17 19 14 2 24 22 8 25 1 4 15
11 23 16 19 18 13 17 30 10 28 25 2 12 6 20 29 21 9 31 32 15 14 7 3 5 1 26 4 27 24 22 8
21 5 6 32 28 19 23 16 18 1 27 29 30 14 13 17 20 10 4 8 3 24 2 22 7 11 31 26 15 9 12 25
23 22 20 8 25 2 15 31 24 9 6 32 17 13 12 7 11 27 26 30 29 5 4 10 18 16 21 1 14 3 19 28
18 24 26 20 5 4 14 19 23 22 13 30 31 9 3 1 7 32 17 16 8 11 6 25 29 12 28 21 2 10 15 27
20 3 24 10 23 5 29 22 28 15 21 1 18 2 4 31 9 19 30 17 11 32 13 6 12 27 14 25 26 16 8 7
5 17 2 11 7 16 12 20 31 14 10 28 29 32 25 27 30 8 1 13 22 21 3 26 9 18 24 15 4 19 6 23
27 25 30 18 17 31 7 10 22 2 29 23 5 11 9 3 8 1 19 28 4 20 16 15 26 6 13 12 24 32 14 21
30 6 25 4 1 27 3 21 12 23 19 20 9 18 14 22 24 15 28 5 7 16 32 31 10 8 29 11 17 2 26 13
26 13 21 16 3 17 8 24 11 6 18 9 4 1 29 20 27 30 22 12 25 28 15 32 14 10 7 31 5 23 2 19
24 9 5 12 27 29 20 17 16 21 11 8 14 31 32 10 1 23 15 19 2 30 25 28 6 3 4 7 22 26 13 18
14 26 22 15 12 25 11 2 4 20 7 3 32 27 18 28 16 5 6 24 9 13 17 21 8 31 10 19 1 30 23 29
25 31 9 7 29 18 30 1 13 3 15 11 26 10 22 4 12 24 2 21 20 6 8 5 32 17 19 14 23 27 28 16
19 4 17 9 24 14 5 26 3 18 12 21 7 25 1 32 10 2 8 31 23 15 29 27 28 13 16 6 20 22 11 30
31 19 15 5 22 10 18 14 26 16 23 17 27 4 30 12 13 25 7 29 24 2 28 8 21 11 9 32 3 6 20 1
6 32 14 28 11 21 4 23 27 8 9 15 16 7 31 19 18 26 25 3 1 29 10 30 20 24 17 22 13 12 5 2
17 7 32 22 6 11 27 3 21 5 24 19 2 20 15 9 29 31 13 4 10 12 26 28 1 16 23 30 14 8 18 25
15 1 7 2 4 22 10 32 30 29 8 25 28 12 17 18 20 16 5 11 9 14 27 13 23 26 24 3 31 19 21 6
12 14 5 30 28 32 1 29 6 7 26 4 15 8 2 25 17 11 23 21 16 18 10 19 3 9 22 13 27 20 31 24
7 12 9 23 19 6 2 18 20 27 31 26 10 30 5 4 15 3 21 24 11 22 8 16 17 28 14 29 25 13 1 32
9 15 18 13 25 5 31 8 29 12 27 10 3 16 6 19 32 14 24 23 26 20 7 17 30 21 28 2 11 4 22 1
1 19 10 17 13 20 24 7 15 30 2 9 6 26 16 14 23 12 27 22 8 3 29 18 4 5 21 28 32 11 25 31
19 8 31 24 20 3 9 25 14 4 28 13 2 12 11 7 5 6 32 10 22 27 23 1 21 15 26 17 18 16 30 29
17 18 28 5 10 12 13 24 8 32 4 29 22 23 26 16 14 27 25 2 30 1 9 15 11 6 31 20 19 7 3 21
15 10 30 27 18 24 19 12 2 3 16 31 20 14 28 6 11 13 7 5 25 23 21 22 8 1 4 26 29 32 17 9
12 30 21 25 5 16 28 23 22 26 32 3 11 4 24 2 31 7 8 20 14 10 17 9 1 18 29 13 15 6 19 27
6 7 20 16 4 31 26 15 1 12 17 14 10 28 23 27 21 18 2 30 13 9 22 25 24 29 11 8 5 3 32 19
31 22 10 1 30 26 16 32 19 24 20 6 21 17 15 12 4 29 23 7 3 8 14 11 25 27 2 9 13 28 18 5
5 29 24 26 1 10 32 11 4 7 14 30 15 3 2 9 22 21 13 28 17 31 16 8 23 20 19 27 6 25 12 18
25 11 23 9 13 1 22 5 7 10 29 15 30 24 20 3 17 31 6 18 4 26 32 2 16 8 27 19 21 12 14 28
24 4 11 7 12 13 10 2 3 31 25 17 5 27 8 21 15 22 30 14 29 19 26 32 18 23 9 16 28 1 6 20
4 32 29 8 9 19 26 30 14 17 5 1 25 21 27 18 3 20 11 6 28 16 24 7 22 12 23 31 2 15 13 10
14 1 6 31 22 30 15 9 17 26 3 19 11 10 29 8 13 2 28 4 21 5 18 23 20 25 32 12 24 27 16 7
27 21 15 4 31 18 14 1 28 30 13 8 23 6 9 17 26 24 19 3 10 11 20 29 7 22 25 32 12 5 2 16
16 27 22 15 6 9 23 31 25 20 18 28 4 5 17 1 7 10 29 32 2 21 12 14 11 19 13 24 26 30 8 3
31 5 25 19 20 2 4 6 21 8 23 10 3 13 26 30 18 16 1 29 27 24 11 12 17 32 7 22 14 9 28 15
13 28 19 22 29 11 8 16 31 32 6 7 27 20 10 26 14 25 3 12 15 17 5 24 9 30 18 2 4 21 1 23
7 24 32 14 3 17 25 20 13 4 30 27 1 29 22 31 9 19 5 11 18 28 23 21 2 26 12 6 16 10 15 8
20 25 16 28 17 8 29 14 15 5 9 11 21 1 7 32 2 18 22 19 12 4 13 6 3 23 10 30 31 24 27 26
21 9 13 18 4 15 12 26 24 29 10 25 16 11 6 23 19 5 20 8 7 30 3 27 28 1 17 14 32 2 31 22
6 16 3 32 19 27 31 7 12 21 24 2 8 28 13 29 23 14 15 26 5 9 25 20 10 18 30 1 11 22 4 17
24 30 31 20 7 29 1 3 18 6 12 26 28 19 11 25 8 32 23 10 16 2 15 13 27 17 14 21 9 5 22 4
5 31 12 3 15 25 28 17 10 27 22 21 6 16 19 20 11 9 32 1 30 24 2 4 14 29 8 26 18 7 23 13
30 21 18 2 10 26 17 4 27 16 19 32 24 14 31 28 12 1 8 23 13 7 22 5 29 15 9 3 25 11 20 6
1 14 20 26 30 23 6 28 16 13 15 8 32 18 21 11 29 12 2 25 31 5 27 17 4 10 22 7 3 24 19 9
11 3 14 12 18 28 13 10 26 23 31 20 9 32 1 22 25 7 24 19 29 17 4 16 21 8 5 15 27 6 30 2
28 29 24 6 14 4 3 9 32 2 7 18 26 22 5 21 20 13 27 16 15 31 17 8 30 12 19 10 1 23 11 25
17 13 8 11 28 7 9 6 30 15 26 23 20 24 16 10 32 27 18 2 21 19 25 31 5 22 1 29 12 4 3 14
2 7 17 22 24 32 18 21 6 13 20 4 12 26 9 8 28 3 14 30 1 25 19 10 23 16 15 11 5 31 29 27
29 5 2 14 27 21 19 18 20 16 25 30 13 31 12 15 10 4 17 22 3 8 9 24 7 11 26 23 6 28 32 1
9 15 26 32 19 20 24 8 5 22 2 27 7 4 25 3 31 29 30 12 14 1 13 18 10 6 11 28 23 16 17 21
12 25 13 2 11 15 22 16 8 14 28 19 10 7 23 9 24 30 21 29 26 18 1 3 31 20 6 4 17 27 5 32
19 24 22 18 25 9 27 1 16 31 14 17 29 5 4 2 20 11 7 15 6 13 21 26 32 3 23 8 28 10 12 30
4 9 30 19 26 31 2 27 1 3 32 10 5 23 28 18 12 6 16 14 17 22 8 20 24 21 25 7 11 13 15 29
3 26 15 20 9 22 12 30 29 5 11 14 23 2 16 6 19 8 13 18 28 32 7 27 17 25 4 10 24 1 21 31
25 22 7 12 5 23 14 31 11 18 17 3 30 6 24 27 32 15 19 1 9 26 28 29 8 4 10 20 21 2 13 16
24 23 29 6 31 27 15 19 12 21 7 16 17 3 8 1 30 22 10 32 11 28 5 2 26 9 13 25 4 20 14 18
14 6 27 28 10 19 25 20 18 8 21 7 32 13 11 12 22 23 26 3 4 16 24 5 9 31 2 30 29 15 1 17
26 17 5 9 1 18 4 12 27 29 8 13 2 11 3 14 25 24 28 31 20 23 10 16 6 15 21 22 19 32 30 7
15 18 9 31 17 14 13 5 24 11 30 28 7 8 10 32 4 26 6 20 27 2 29 25 22 19 12 1 16 3 23 21
30 19 6 26 12 29 3 23 10 24 27 25 22 1 5 7 21 17 4 28 8 15 20 32 2 16 31 11 13 9 18 14
22 27 23 8 15 25 16 29 20 4 31 1 3 9 18 17 5 19 11 6 10 21 14 12 28 24 7 13 2 30 26 32
2 8 16 7 22 28 5 13 15 32 24 11 4 21 17 31 23 3 26 10 9 27 12 1 20 30 29 18 14 25 6 19
1 7 21 15 30 26 8 14 19 23 13 6 24 17 2 20 28 31 29 4 22 11 16 9 25 32 18 3 5 12 27 10
20 28 18 3 14 17 24 10 5 7 4 32 15 29 19 30 11 8 1 21 13 12 23 22 31 27 16 6 26 9 2 25
21 24 19 10 6 8 20 2 32 17 12 22 31 15 30 29 9 1 7 11 28 26 5 14 18 13 27 16 3 23 25 4
9 1 25 16 7 3 23 21 30 12 10 20 11 14 22 28 29 6 15 8 32 5 2 13 24 18 17 26 27 19 4 31
27 4 26 9 5 30 18 19 22 20 15 2 25 10 29 23 31 13 14 16 12 24 6 7 3 11 32 17 1 21 8 28
29 32 28 2 13 12 1 22 21 6 5 15 27 20 7 25 16 17 19 23 26 30 11 4 9 10 24 14 18 31 3 8
3 14 12 11 28 7 10 23 13 27 29 24 8 26 1 21 17 30 18 5 2 4 15 6 16 31 19 9 22 25 32 20
11 16 10 19 18 13 29 5 8 30 6 4 28 32 27 17 2 22 21 26 7 23 1 9 12 20 14 24 25 3 31 15
16 10 14 4 23 1 32 18 25 31 19 17 13 12 9 22 8 21 30 2 11 3 28 5 7 6 26 15 20 24 29 27
18 12 4 15 24 2 31 7 6 8 9 27 16 3 13 19 14 11 28 25 17 20 21 10 26 29 5 23 32 1 22 30
13 9 2 1 25 32 22 6 31 18 26 14 20 8 17 10 24 7 27 19 4 15 12 21 30 3 11 29 23 28 16 5
17 5 22 7 27 6 9 30 26 14 21 31 10 19 25 4 3 29 2 24 16 18 8 11 1 12 23 32 15 20 28 13
6 11 32 3 29 13 19 4 28 2 8 12 17 25 23 16 10 18 31 30 14 7 26 1 27 5 9 21 24 15 20 22
26 25 31 23 3 12 27 8 19 13 20 30 14 17 21 11 18 15 29 22 6 16 7 24 10 9 1 28 4 32 5 2
19 29 7 18 9 11 25 12 13 21 2 23 6 5 20 26 22 32 15 3 1 27 24 4 14 28 30 8 31 10 17 16
7 26 3 28 4 10 6 11 12 24 17 18 5 27 32 9 16 2 20 31 25 21 13 29 23 15 8 22 19 30 14 1
13 3 17 32 26 5 15 27 18 10 28 7 30 1 19 14 29 25 22 24 20 12 16 23 8 4 21 31 9 2 11 6
14 13 27 25 15 4 2 20 6 3 23 9 1 11 8 12 24 16 10 28 5 32 18 31 17 26 7 30 21 22 19 29
12 22 30 20 11 17 26 31 32 6 14 10 18 7 3 8 9 23 24 15 21 1 27 28 5 19 2 25 29 16 4 13
6 12 9 8 31 30 4 28 15 5 11 3 26 23 24 10 21 27 32 25 29 19 14 18 2 16 22 13 1 7 20 17
5 10 20 22 18 7 14 25 4 29 6 26 23 9 31 27 15 24 1 12 30 28 3 13 21 8 16 19 17 11 32 2
24 1 29 26 20 3 17 9 8 27 4 16 21 31 13 6 30 12 7 14 18 11 22 19 25 23 32 10 28 5 2 15
25 5 24 31 13 19 8 2 30 21 27 1 29 15 11 7 14 4 17 18 6 10 20 26 22 32 28 12 23 9 16 3
28 32 15 12 10 6 18 16 11 22 29 7 9 13 1 2 8 14 4 26 3 23 19 17 20 21 31 24 25 30 27 5
32 23 11 30 24 28 29 13 25 16 15 19 12 10 2 1 20 5 21 7 8 31 17 6 14 22 27 3 18 4 26 9
4 16 10 27 22 25 12 1 24 17 7 23 32 21 9 3 2 26 19 11 14 30 31 8 28 13 29 6 20 15 5 18
19 7 21 4 17 8 26 3 1 11 13 28 22 16 6 32 31 23 14 9 5 24 29 2 12 27 10 20 15 25 18 30
26 17 13 23 19 1 20 29 22 2 9 21 10 6 30 18 11 15 24 32 31 4 5 27 8 25 14 16 3 12 28 7
1 15 23 31 9 21 16 6 10 14 26 13 18 5 27 17 28 25 30 19 7 22 2 3 32 20 12 8 11 24 29 4
7 9 5 14 1 24 10 21 11 30 22 25 26 29 12 16 19 2 18 4 3 8 32 15 23 28 31 17 13 27 6 20
22 26 11 19 31 20 14 8 15 4 12 18 6 24 29 13 23 7 3 5 21 25 9 16 30 10 28 2 27 32 1 17
28 21 19 15 30 29 25 31 27 8 10 14 13 23 4 24 7 32 2 16 9 26 1 20 18 5 17 11 12 3 22 6
27 14 16 9 3 18 6 32 20 24 19 4 2 31 22 26 21 13 11 30 1 28 15 12 29 17 23 7 5 10 25 8
29 19 14 6 26 5 3 17 18 12 28 32 20 8 21 11 25 27 16 2 4 13 24 7 10 30 22 23 9 31 15 1
16 3 15 18 28 13 1 30 19 20 14 6 7 2 26 4 32 29 23 21 25 17 10 22 5 24 8 9 31 11 12 27
21 28 12 22 29 11 24 14 13 19 30 3 23 32 20 9 4 1 17 10 2 5 8 25 27 26 18 15 6 7 31 16
5 29 7 10 25 26 15 28 31 11 8 24 12 14 18 22 19 30 27 23 16 2 3 32 1 6 9 4 17 20 21 13
15 25 4 3 12 23 28 10 2 32 21 8 5 9 7 30 13 14 20 29 27 31 18 24 16 11 6 1 19 26 17 22
18 4 20 8 23 10 31 5 16 13 2 30 27 12 11 25 17 19 32 3 29 15 6 14 26 9 7 21 24 22 1 28
20 24 6 12 30 32 23 11 26 17 13 15 3 19 31 21 5 16 22 1 18 4 29 9 7 8 25 14 28 2 27 10
9 8 30 26 19 2 17 24 21 5 15 11 31 7 28 20 14 22 6 4 12 25 13 23 3 16 10 32 27 1 18 29
30 11 8 28 1 3 32 23 25 22 5 26 4 13 17 27 24 12 15 6 20 7 14 18 9 19 21 31 2 10 29 16
6 4 17 32 27 1 19 12 5 18 24 22 14 15 23 29 9 10 11 8 13 20 7 28 2 31 30 26 16 21 25 3
14 27 24 16 7 17 13 25 21 3 23 4 22 6 2 8 15 11 28 5 30 9 19 10 32 18 1 29 26 12 20 31
1 21 9 7 5 14 27 13 22 23 12 19 15 25 6 2 8 18 10 30 11 16 31 20 17 29 24 3 32 28 26 4
11 17 29 19 23 12 9 6 20 4 10 31 30 1 32 14 2 7 13 16 8 21 25 3 24 15 26 18 22 5 28 27
32 22 18 27 15 25 12 1 2 9 20 28 29 26 16 7 23 24 31 14 5 3 17 21 30 10 19 4 6 13 11 8
19 24 13 1 18 20 23 7 5 6 11 9 17 10 8 4 31 25 2 21 32 22 26 30 28 12 27 14 29 16 3 15
4 8 3 20 11 7 29 24 32 16 17 25 21 18 5 15 28 30 26 10 22 27 2 31 6 23 13 12 14 9 19 1
24 9 31 7 17 28 10 4 26 27 29 15 11 20 13 3 5 21 23 2 8 19 32 16 22 30 12 25 1 6 14 18
12 19 10 4 20 30 18 8 27 29 22 13 24 11 3 6 7 1 16 31 14 2 9 15 23 32 5 28 26 25 21 17
27 31 21 26 9 23 5 12 1 24 32 18 14 7 30 10 3 4 15 20 28 8 16 17 29 13 11 2 25 19 22 6
25 29 27 30 7 6 17 2 8 5 9 1 16 22 24 28 14 15 19 32 10 11 31 13 12 3 4 21 18 23 26 20
5 14 23 11 13 19 26 9 29 10 6 2 15 3 12 21 22 8 4 28 7 32 27 25 18 31 24 20 17 1 16 30
17 23 9 15 31 21 20 22 4 7 27 10 32 2 19 1 29 14 18 24 12 5 13 6 16 26 25 11 3 30 8 28
7 18 28 25 26 31 22 29 12 30 2 24 20 17 1 19 16 6 3 11 4 9 14 27 10 8 23 32 21 15 5 13
14 26 30 31 22 24 16 27 13 8 17 7 5 32 25 18 21 29 1 19 2 10 20 23 11 6 28 3 15 4 12 9
2 28 5 1 3 18 32 23 10 14 15 16 9 24 29 8 4 27 30 25 21 7 11 12 31 17 26 22 20 13 6 19
1 25 4 10 22 8 9 14 28 17 19 21 18 3 27 30 11 16 29 23 13 15 12 2 7 20 6 26 32 24 31 5
13 14 11 4 17 32 8 16 25 12 3 27 6 21 28 2 20 19 7 1 30 23 10 31 26 24 29 15 5 9 18 22
29 7 3 12 10 5 15 17 24 2 32 6 23 27 31 26 8 20 4 9 11 18 21 14 25 16 30 13 19 28 22 1
16 15 19 28 29 11 30 21 18 10 12 26 8 13 4 20 9 22 3 2 6 17 7 25 1 5 14 23 24 27 32 31
9 32 20 5 28 7 13 10 4 31 21 12 3 15 23 22 24 18 6 14 16 30 17 1 8 25 27 19 11 26 2 29
21 16 24 2 9 4 31 32 6 18 5 8 12 29 3 23 22 13 26 30 25 1 15 7 14 27 19 17 28 20 11 10
20 4 6 27 24 29 19 13 11 26 23 30 2 14 21 25 17 5 10 7 1 3 8 28 22 9 16 31 12 32 15 18
4 21 16 6 1 19 12 3 15 23 24 9 14 22 2 13 25 32 31 11 18 20 26 29 17 10 7 5 27 30 28 8
26 11 8 23 5 12 6 28 29 3 13 32 31 16 30 17 15 14 22 18 20 2 19 9 27 24 21 10 25 4 1 7
15 13 21 7 12 2 25 9 32 30 22 20 26 8 11 31 3 6 17 19 4 28 24 10 14 23 18 29 16 1 27 5
11 22 7 2 3 17 24 30 8 12 6 14 18 23 20 10 19 26 13 4 31 27 21 32 28 29 9 15 1 25 5 16
30 18 23 8 13 20 2 22 31 9 11 17 15 19 7 21 4 29 14 26 32 16 5 27 10 12 6 1 28 24 25 3
21 17 10 6 19 14 8 25 16 24 9 2 12 26 27 29 13 4 15 32 28 31 18 20 5 11 1 7 3 22 23 30
24 9 12 20 15 8 27 11 21 13 29 31 6 18 5 16 14 2 32 28 10 22 1 26 7 30 17 4 23 19 3 25
32 31 15 16 27 26 1 5 6 8 4 29 22 11 24 9 30 23 28 10 7 25 14 19 3 18 13 2 17 12 20 21
27 29 31 10 25 1 23 26 30 32 7 28 16 12 17 2 18 8 24 20 22 13 6 11 21 3 5 9 14 15 19 4
15 19 18 32 30 28 29 14 31 22 20 21 5 1 12 3 11 17 27 23 2 26 10 13 9 8 4 25 24 7 16 6
16 27 30 28 18 25 22 1 15 5 13 3 4 21 29 9 10 11 24 8 20 19 7 17 26 6 23 32 12 2 14 31
13 1 24 7 30 23 16 4 10 14 12 18 2 20 29 15 8 19 6 5 27 25 11 3 9 22 21 26 31 32 17 28
18 23 4 9 11 21 14 16 22 8 7 10 29 12 26 17 25 15 20 5 6 13 2 30 3 27 19 24 32 31 28 1
7 16 17 25 9 3 6 14 12 18 5 4 22 8 28 13 2 24 29 30 11 15 10 19 1 32 31 20 26 23 21 27
9 29 13 10 25 6 23 5 19 16 2 8 11 15 12 4 20 17 27 24 18 1 14 28 32 3 30 31 21 7 26 22
19 14 15 12 26 10 17 13 11 4 6 7 27 25 8 24 29 5 2 31 1 32 3 21 30 22 16 23 9 28 20 18
20 24 11 19 12 4 5 18 2 7 10 6 9 14 13 27 28 8 1 23 30 26 32 3 25 31 29 22 15 16 17 21
4 5 3 27 10 7 9 2 6 11 22 13 23 16 24 8 32 1 31 20 25 30 26 12 29 28 14 17 19 21 18 15
14 8 16 11 7 25 15 3 26 17 27 29 24 31 21 28 23 32 30 1 9 10 12 2 22 4 13 5 18 20 19 6
26 3 14 4 23 5 22 29 27 2 28 1 10 11 32 12 9 30 19 7 31 8 25 13 6 18 24 21 17 15 16 20
6 25 18 14 5 26 1 21 24 3 4 28 32 7 2 31 30 27 23 22 29 9 8 16 20 17 10 13 11 12 15 19
5 7 26 23 1 29 4 19 25 32 3 27 31 10 9 30 17 13 28 8 22 11 16 24 21 15 12 18 20 6 14 2
2 21 6 16 28 1 30 24 32 26 31 19 13 29 3 25 22 10 4 12 5 23 27 15 18 20 7 8 14 9 11 17
1 15 19 26 27 32 29 31 28 23 24 30 8 22 25 11 21 16 18 10 7 3 20 14 17 9 2 12 13 5 6 4
29 27 31 30 24 28 10 32 1 22 23 15 20 3 18 19 16 21 26 25 14 7 9 17 11 8 5 6 12 2 4 13
32 1 29 22 20 24 31 28 30 27 26 25 17 9 19 23 15 12 7 16 21 18 6 11 2 13 4 14 5 3 8 10
25 31 27 32 22 30 28 26 29 20 19 24 7 1 17 14 18 23 16 21 13 4 15 5 8 6 11 3 2 10 12 9
