20007 16853 7609 7536 6143 5743 5743 5171 5171 4316 2591 2321 1928 1393 1323 855 748 751 572 464 407 357 331 283 201 163 124 108 117 104 113 84 61 52 52 34 32 24 22 20 13 9 10 7 7 5 5 4 3 2 2 1 1 1 1 1 1
14 3 13 1 4 7 9 15 2 5 11 10 6 16 8 12
13 12 4 11 3 9 15 1 5 14 7 2 16 10 8 6
15 10 7 12 4 5 14 1 2 3 13 8 16 9 11 6
4 5 8 6 16 11 14 2 10 1 13 7 9 3 15 12
5 1 7 12 13 4 10 2 9 3 11 15 16 6 8 14
10 2 8 5 4 12 1 6 14 16 3 11 13 9 7 15
15 8 1 11 13 5 6 14 12 2 7 4 9 16 10 3
7 3 12 8 4 1 5 9 15 14 10 2 16 6 13 11
8 15 13 12 16 14 11 1 3 6 4 10 7 5 9 2
11 5 6 1 15 2 10 3 8 7 14 16 9 4 12 13
5 6 12 9 14 3 7 2 15 1 10 4 16 11 8 13
3 10 15 9 16 4 14 11 12 5 13 6 8 7 2 1
4 2 11 3 14 10 1 7 9 16 13 12 5 6 8 15
10 1 5 6 13 11 14 4 16 3 7 8 15 9 2 12
7 10 8 5 4 12 6 2 14 1 3 15 13 16 9 11
1 6 12 10 16 2 5 4 8 14 11 7 9 3 13 15
15 13 6 8 11 5 12 3 9 4 10 16 7 1 2 14
13 6 5 11 4 2 1 16 15 10 14 7 3 9 8 12
11 14 6 1 13 8 7 9 12 16 3 10 15 4 5 2
10 13 1 9 15 5 11 6 16 4 2 8 7 3 12 14
5 8 12 3 13 1 6 2 14 7 11 4 9 16 10 15
15 10 6 5 4 12 14 1 3 2 7 8 16 9 11 13
1 6 8 10 15 4 12 9 14 7 13 11 5 16 2 3
4 8 11 1 14 10 5 7 16 3 2 15 13 9 12 6
11 14 5 6 16 8 7 4 9 2 13 12 15 3 10 1
10 2 1 9 13 11 12 6 3 14 7 16 8 4 5 15
1 10 12 8 4 11 14 16 15 2 7 6 3 9 5 13
10 6 5 9 16 2 11 4 15 1 7 12 13 3 8 14
8 3 1 9 11 12 5 2 16 10 14 6 7 4 13 15
13 10 5 8 16 2 14 6 9 7 3 4 15 1 12 11
4 14 13 5 15 1 7 9 12 6 2 11 8 16 10 3
5 2 6 10 14 8 1 3 15 16 11 12 7 4 9 13
11 13 8 6 15 10 5 1 9 4 14 7 16 3 2 12
10 5 11 12 4 1 14 7 16 2 3 15 13 9 8 6
13 8 11 6 4 10 12 7 9 3 2 16 15 1 5 14
15 6 12 9 13 8 14 4 3 10 11 7 5 16 2 1
5 2 12 10 16 11 6 1 15 4 7 8 3 9 13 14
10 13 12 8 14 2 6 1 16 11 7 4 5 3 9 15
15 5 8 9 11 2 7 16 12 3 14 6 13 4 10 1
16 14 5 4 11 12 3 6 9 1 15 7 8 10 2 13
10 6 11 8 13 4 12 3 5 2 14 1 7 16 9 15
11 13 5 12 14 8 1 16 3 10 7 4 15 9 2 6
11 2 12 6 16 10 14 7 15 5 3 8 9 4 13 1
15 10 12 4 13 8 6 3 5 7 11 1 16 9 2 14
4 8 1 12 13 11 5 2 15 16 7 6 9 3 10 14
16 5 11 10 14 2 3 7 12 4 15 8 13 1 9 6
13 14 6 12 4 8 1 2 5 7 11 16 3 10 9 15
10 2 13 8 11 4 7 16 3 5 14 1 15 9 12 6
15 10 5 6 13 2 12 7 3 11 14 16 9 4 8 1
4 8 11 9 15 12 14 3 16 2 7 1 5 10 13 6
11 13 8 10 14 4 1 9 12 6 7 15 5 16 2 3
16 13 12 10 4 2 3 7 5 6 15 11 9 1 8 14
4 2 5 12 13 11 14 16 3 10 7 15 9 1 8 6
10 5 6 9 11 4 1 16 12 2 14 8 7 3 13 15
10 14 8 6 4 12 1 3 5 2 7 11 16 9 13 15
16 2 5 8 13 11 3 7 12 6 15 1 9 4 10 14
4 13 12 9 15 10 14 2 3 7 11 16 8 1 5 6
