60710 56246 46363 41415 40377 39576 38744 39162 35996 36196 32780 30526 30566 27303 26595 23636 22150 18107 17178 16250 16959 16296 16484 15950 14725 13968 12503 11610 10925 10472 8800 9881 8771 8488 8024 7129 6441 6026 6504 5931 5483 5532 5480 5113 4947 4561 4247 3997 3678 3426 3043 2937 2802 2599 2611 2356 2170 1950 2009 1824 1742 1605 1530 1338 1469 1368 1350 1210 1180 1115 995 949 972 936 885 792 779 688 711 684 620 569 594 490 438 403 431 396 389 377 341 343 316 311 250 270 250 238 237 197 197 195 179 170 161 154 146 134 129 123 103 117 108 99 92 95 85 83 75 68 62 59 60 58 56 51 45 43 42 37 35 36 32 33 31 29 26 26 24 22 20 20 20 17 16 15 16 14 15 14 12 12 12 11 9 9 9 9 8 8 7 7 6 6 6 6 5 5 5 5 4 4 4 4 3 3 3 3 3 2 2 2 2 2 2 2 2 1 1 1 1 1 1 1 1 1 1 1 1 1 1 1 1 1 1 1 1 1 1 1
35 24 8 34 41 6 19 36 5 10 29 22 44 18 40 7 45 37 43 27 38 25 15 14 39 20 28 2 47 4 46 3 32 9 12 33 11 42 48 26 30 1 31 13 16 21 17 23
7 25 15 38 28 33 45 44 23 48 10 22 8 39 34 42 5 2 4 14 35 43 26 3 36 12 9 11 37 41 16 24 31 1 46 27 13 19 6 21 30 32 20 47 40 29 18 17
22 21 41 32 39 48 18 9 16 23 4 10 29 38 7 3 36 6 45 15 33 31 44 37 11 1 40 19 5 14 46 2 27 30 43 24 28 42 8 26 35 20 13 12 34 47 17 25
17 33 30 36 47 6 7 4 45 34 10 20 44 37 28 43 3 39 23 40 38 18 15 14 21 42 46 2 31 19 16 8 32 27 48 5 11 29 1 35 22 12 9 24 25 41 13 26
7 4 23 34 42 19 27 38 25 15 26 3 21 24 40 11 41 37 31 22 47 36 6 44 20 9 8 12 32 17 16 48 43 14 33 39 10 28 45 29 30 5 35 2 1 46 13 18
25 38 35 46 22 24 30 2 45 14 1 21 29 12 39 36 8 27 48 37 23 26 15 10 18 42 34 32 6 40 11 9 31 20 17 19 16 13 43 5 7 41 3 28 4 47 44 33
44 24 26 35 14 16 12 32 9 15 29 45 3 31 1 39 43 20 10 36 18 8 46 42 17 7 6 34 48 47 25 22 38 30 4 23 2 40 41 33 13 19 5 21 27 11 37 28
11 20 33 6 26 46 34 9 16 25 36 32 38 27 48 10 45 24 39 15 12 17 47 23 4 14 13 22 28 30 37 31 3 18 40 8 29 42 7 35 5 1 21 19 43 41 44 2
27 18 22 23 17 32 15 47 39 1 19 38 44 37 11 41 16 7 25 14 31 42 4 5 40 21 20 6 43 10 33 8 2 24 35 46 9 48 3 26 45 29 28 13 12 30 34 36
39 48 28 19 31 36 18 44 16 23 10 30 8 42 22 25 47 37 41 3 35 12 2 1 33 34 38 7 27 32 20 45 15 17 11 6 40 13 21 14 9 46 5 29 26 4 24 43
30 10 9 32 27 47 13 19 18 24 29 20 44 23 41 40 38 31 26 6 33 34 14 7 46 12 39 2 3 25 48 5 8 15 21 36 28 17 37 22 35 42 4 11 45 43 1 16
14 17 43 20 41 9 36 48 25 37 39 22 10 4 19 23 28 2 18 33 42 31 40 47 29 1 8 44 35 3 16 24 21 26 12 32 45 38 6 30 7 11 13 15 34 27 46 5
9 21 16 3 39 25 28 30 48 2 22 43 42 24 45 27 6 14 38 26 32 10 13 37 34 4 5 12 11 35 41 20 7 36 18 44 15 19 47 29 40 31 1 46 33 17 8 23
38 1 30 36 28 40 45 27 11 10 4 24 29 12 13 15 37 39 23 31 47 9 26 43 48 2 35 14 7 19 46 34 6 3 22 42 41 25 8 21 32 20 33 5 16 18 44 17
21 38 17 29 42 24 40 6 23 34 26 14 11 45 44 9 1 16 5 46 10 33 32 18 39 43 3 19 22 41 8 2 12 35 28 4 31 37 48 27 36 30 20 47 15 13 7 25
12 33 48 38 21 15 19 31 8 30 1 7 5 44 20 42 46 32 4 37 40 25 39 16 45 11 23 28 10 27 17 18 47 43 9 24 13 6 2 41 22 35 3 14 36 29 34 26
46 14 47 39 37 21 8 17 9 42 41 3 35 22 34 4 10 12 16 13 2 43 15 36 6 19 31 24 23 48 29 33 20 38 7 27 25 28 11 5 44 32 30 18 40 26 45 1
35 45 46 34 41 19 2 4 15 26 6 13 17 10 43 31 25 28 21 27 8 36 23 20 11 39 40 5 33 44 12 3 32 1 37 30 29 7 42 24 14 47 9 38 48 16 18 22
40 25 15 1 3 2 47 14 7 48 32 10 6 36 28 22 19 8 12 9 18 26 45 44 41 31 33 27 37 16 34 4 43 5 46 35 11 29 17 38 30 23 39 24 20 42 13 21
22 32 12 7 29 16 20 38 5 15 42 34 30 11 3 26 21 40 1 24 17 23 35 39 13 44 9 45 2 14 27 37 36 10 43 33 47 8 41 18 31 4 19 6 25 48 28 46
44 4 27 15 25 28 17 24 40 13 45 32 16 18 7 38 30 26 43 11 23 12 31 46 36 20 48 14 47 39 1 6 33 9 2 5 21 42 10 3 19 8 34 29 37 35 41 22
14 35 45 4 5 17 6 3 30 41 36 12 46 16 21 18 8 27 37 34 1 28 44 24 43 29 10 33 31 47 13 40 42 32 38 2 22 25 23 9 26 19 15 39 11 7 48 20
28 37 44 2 46 45 38 11 33 40 17 31 14 32 10 21 5 24 3 18 12 8 48 25 30 23 13 34 9 4 47 29 22 27 42 36 26 19 43 15 6 41 16 7 1 20 39 35
7 40 41 48 12 30 43 36 10 21 19 35 45 47 2 29 14 1 31 22 38 18 37 3 25 13 15 42 6 20 44 27 8 46 23 39 32 16 33 4 28 5 11 9 24 34 17 26
10 9 8 27 26 5 22 18 39 24 33 41 3 2 37 7 44 6 45 14 15 32 19 30 11 17 42 40 43 46 23 4 12 28 48 21 20 47 16 1 13 29 35 36 31 38 25 34
47 39 32 14 30 3 34 7 25 5 35 11 26 9 29 8 41 44 15 36 20 13 33 2 24 45 1 21 27 40 12 10 38 23 6 18 16 43 46 37 48 28 17 22 4 31 42 19
42 41 30 22 35 13 7 15 4 3 31 2 40 38 1 47 17 33 46 19 29 48 9 21 45 26 14 20 28 25 39 37 6 5 32 16 10 12 8 24 23 34 18 44 27 36 43 11
4 18 5 9 32 47 33 13 44 6 22 23 48 40 16 28 43 14 20 26 30 19 8 45 42 37 27 24 1 35 11 41 46 7 39 12 38 36 25 29 10 17 31 34 3 2 15 21
43 42 26 18 28 6 36 25 5 11 29 21 33 19 17 22 16 46 27 40 4 23 14 20 15 48 35 41 45 31 8 9 30 44 24 7 34 38 1 2 39 12 10 3 13 47 37 32
12 45 23 36 48 24 41 2 6 19 26 22 17 30 40 32 13 11 21 15 34 31 27 43 29 9 44 25 20 7 16 38 1 37 4 8 28 14 35 3 5 47 39 33 42 46 10 18
1 13 48 17 45 44 19 27 11 20 47 42 35 24 15 34 36 2 10 6 46 26 12 16 37 31 33 32 18 30 29 14 25 8 22 4 5 40 7 43 21 38 9 41 23 28 39 3
11 22 46 10 27 40 42 4 8 1 16 48 12 17 41 33 20 7 25 30 31 36 26 39 18 29 9 45 32 43 34 3 2 24 37 35 21 13 38 47 15 6 44 28 19 14 23 5
24 15 16 25 47 48 28 22 18 26 6 38 37 21 3 46 29 20 8 42 43 34 45 13 32 39 17 11 5 23 35 19 27 36 33 31 12 7 40 14 4 30 41 2 9 10 1 44
37 14 34 43 16 9 47 10 23 42 4 46 21 13 32 30 12 8 18 25 19 39 29 7 35 15 38 48 33 3 17 28 41 1 26 27 11 45 2 5 20 31 40 24 22 6 44 36
8 9 43 2 14 36 27 44 1 29 30 45 5 4 47 31 21 34 33 32 17 42 35 40 20 7 37 3 15 16 25 18 28 13 46 19 23 48 11 39 22 26 10 12 38 41 24 6
22 36 4 10 31 16 17 6 48 7 45 14 23 39 38 26 8 28 1 11 40 41 21 18 47 46 34 5 37 32 33 24 3 9 12 15 2 29 42 30 44 25 19 35 20 27 13 43
35 29 3 44 22 7 18 37 40 39 1 30 10 33 24 36 25 16 19 27 14 20 47 17 41 43 46 12 2 34 28 42 21 11 9 23 48 8 6 38 31 4 5 13 32 26 45 15
46 25 37 9 21 13 26 19 7 14 44 47 38 45 10 32 3 12 22 24 8 15 39 5 27 40 31 28 23 11 4 33 41 18 30 2 29 34 17 20 6 35 16 43 36 42 48 1
27 35 47 1 20 21 7 41 16 37 10 43 44 25 15 17 38 33 40 45 2 8 46 36 4 12 48 32 31 19 13 6 23 26 11 24 9 42 5 22 30 39 34 14 3 18 29 28
25 24 17 29 40 46 14 32 9 30 39 10 27 1 44 4 28 31 26 15 7 45 23 3 36 11 2 42 48 21 41 22 34 43 18 6 13 37 47 33 38 20 35 19 12 5 8 16
30 34 45 7 3 17 12 9 38 10 42 24 29 22 20 41 36 43 2 37 18 33 48 26 15 44 8 19 14 39 27 40 1 35 21 5 47 28 23 16 13 32 4 6 25 11 46 31
1 10 35 39 29 25 20 38 45 48 43 42 8 44 21 37 5 11 16 34 23 12 41 47 7 9 36 18 3 22 40 2 4 32 17 28 33 6 15 26 14 24 31 30 13 19 27 46
5 13 36 48 32 23 30 3 37 43 41 21 6 27 1 38 16 29 10 20 4 26 12 31 39 15 28 33 22 7 46 17 42 14 47 44 45 25 34 9 19 40 8 11 24 35 18 2
43 32 7 46 25 18 10 31 14 47 29 20 19 16 39 8 48 40 44 2 34 13 6 1 28 42 21 27 35 45 37 9 36 38 23 26 22 15 3 41 24 5 33 12 11 30 17 4
26 6 22 38 5 44 45 17 20 35 14 34 16 36 31 27 19 7 3 24 1 9 4 37 42 33 41 2 40 13 48 30 46 29 28 43 12 11 10 18 47 8 21 39 23 25 15 32
24 4 21 34 37 2 6 16 47 15 32 3 30 11 46 29 10 39 12 31 28 25 19 42 13 43 40 41 18 9 44 14 35 20 22 33 5 1 27 8 36 23 26 38 48 45 7 17
4 33 15 17 8 32 5 20 27 14 11 6 3 42 7 28 47 2 39 13 43 34 31 24 37 23 18 12 29 10 1 46 25 48 38 30 26 40 19 21 45 36 44 35 9 16 41 22
39 17 28 37 22 27 8 13 7 23 26 14 25 10 16 6 29 4 42 19 12 36 1 46 3 20 5 30 32 44 31 21 2 47 41 9 24 38 45 43 15 11 18 34 40 48 33 35
12 41 9 15 39 20 16 47 18 29 31 22 48 37 11 25 30 36 46 6 17 8 2 44 33 19 23 5 14 34 4 24 21 45 32 7 42 13 40 26 10 35 28 3 27 1 43 38
17 36 12 14 35 45 33 44 6 26 22 16 11 31 34 7 13 37 41 18 38 32 47 28 40 4 3 21 1 43 39 5 30 10 2 24 25 8 48 27 23 15 9 29 19 46 42 20
35 24 26 20 48 36 2 30 15 3 44 23 45 12 32 47 43 14 5 37 8 19 9 17 6 40 10 34 33 31 11 38 27 46 4 39 16 29 7 22 21 42 41 18 1 13 28 25
44 25 5 22 21 3 18 36 11 39 16 47 33 19 17 43 46 24 48 26 20 28 40 13 45 2 42 6 9 30 29 8 12 27 35 32 38 7 1 14 4 34 15 41 31 10 37 23
38 48 32 36 47 6 40 14 5 11 4 30 42 2 19 21 44 8 31 22 15 43 39 25 29 37 20 7 45 46 27 41 3 18 12 16 34 17 35 24 9 1 13 33 26 28 10 23
21 1 41 18 31 19 34 15 4 2 47 35 27 40 22 42 12 20 45 9 30 48 33 26 32 7 13 25 5 11 23 29 6 3 24 8 10 16 17 38 14 46 39 36 37 43 28 44
40 14 23 43 28 16 17 37 45 7 36 2 35 9 47 22 6 46 15 27 32 39 44 5 48 13 8 11 3 21 33 20 38 26 18 4 41 12 25 30 31 19 1 24 42 29 10 34
7 42 3 4 17 5 36 48 37 6 33 31 38 24 29 9 1 44 23 14 40 10 32 18 25 46 34 45 11 39 47 19 15 30 26 27 21 43 41 16 35 12 20 13 22 2 8 28
42 15 28 9 14 3 27 24 23 25 45 43 11 13 2 26 21 32 4 33 46 41 29 47 34 39 6 44 37 35 12 10 7 17 30 31 20 19 8 5 48 38 40 22 16 36 18 1
9 22 44 39 42 7 14 31 48 5 30 40 26 38 41 45 3 12 20 46 29 15 21 16 18 1 37 24 10 23 28 34 8 25 11 35 32 36 43 33 13 6 17 2 4 47 27 19
37 35 4 44 40 9 16 6 11 19 39 38 8 33 48 34 25 27 22 30 10 23 45 14 46 29 36 20 2 32 17 31 28 13 47 18 15 42 21 1 26 41 3 7 12 5 24 43
11 39 8 3 45 24 42 38 44 1 6 7 21 32 28 36 13 47 26 25 19 20 35 2 17 12 31 40 23 27 48 37 4 10 9 5 16 14 33 41 22 29 30 43 34 18 46 15
10 21 43 6 27 25 15 32 16 34 19 13 40 23 37 4 41 39 5 9 47 12 26 30 24 45 44 36 7 22 8 18 17 14 33 28 42 35 46 29 38 11 2 3 20 1 48 31
22 29 47 19 26 13 9 7 10 16 35 41 12 18 24 23 46 34 33 36 14 38 8 20 30 31 17 3 15 4 37 45 32 28 43 44 40 48 6 2 5 25 11 39 1 27 42 21
28 9 15 34 30 46 22 2 13 42 1 24 41 27 19 32 8 26 43 11 29 48 37 40 4 17 23 18 47 33 25 3 35 36 21 12 10 45 16 20 6 5 44 14 38 31 39 7
8 40 16 27 3 28 33 10 39 20 42 11 17 37 21 30 45 6 15 46 31 18 14 43 29 26 24 32 22 19 35 5 25 38 41 2 47 34 1 48 44 23 4 7 9 12 13 36
9 45 34 8 35 19 12 27 40 24 41 2 5 10 38 17 43 36 39 15 46 33 23 1 6 14 18 7 48 16 13 22 20 47 37 21 11 28 42 3 30 4 31 29 32 26 44 25
7 18 45 37 29 21 2 41 38 30 16 23 3 22 39 8 17 24 42 32 10 15 27 36 47 48 5 34 35 25 1 46 12 11 40 6 31 43 14 9 20 19 28 44 13 4 33 26
46 26 22 25 41 17 34 3 1 40 4 10 16 9 24 6 36 8 19 31 15 45 28 21 37 12 14 48 5 47 44 33 27 20 38 30 29 11 2 39 32 42 13 18 23 7 43 35
44 20 30 2 8 36 26 16 25 47 10 35 23 4 40 29 28 1 21 45 18 42 48 24 27 34 39 41 31 13 11 9 3 37 46 19 32 7 38 43 22 15 5 33 12 14 17 6
10 39 48 15 17 27 13 47 30 19 35 6 25 32 29 18 12 4 40 14 20 43 31 37 33 23 28 5 7 44 41 21 46 45 2 42 22 1 3 8 9 26 16 34 36 38 24 11
22 15 9 48 16 40 47 24 5 3 19 7 8 39 13 25 44 32 23 33 2 12 46 28 34 20 21 30 10 43 31 14 41 27 17 36 45 6 37 18 35 1 26 38 11 42 29 4
28 1 37 29 42 20 6 22 15 7 26 48 30 21 44 43 14 46 18 40 32 23 9 31 13 4 10 24 2 11 34 17 8 3 39 12 25 47 45 41 5 36 33 35 19 16 27 38
35 36 17 39 27 24 38 20 14 13 47 16 29 30 2 41 5 37 48 42 1 32 15 3 18 44 46 6 40 10 8 34 7 9 28 33 26 12 23 4 45 31 19 21 43 11 25 22
21 18 8 32 14 6 19 7 9 37 30 43 10 25 11 33 48 31 2 22 34 17 41 46 24 26 38 44 20 3 40 28 36 35 42 23 13 29 27 1 47 12 15 5 4 45 39 16
42 24 36 18 22 23 41 32 20 2 11 45 37 31 16 38 29 44 8 26 40 28 1 7 39 19 15 14 6 9 27 30 33 48 4 46 5 25 47 21 13 17 35 12 3 10 34 43
37 35 21 22 48 47 8 44 39 1 43 3 6 45 31 27 20 14 10 34 17 19 2 42 36 7 13 28 23 32 12 40 15 29 24 26 33 38 11 5 4 30 9 41 16 25 18 46
38 42 33 17 26 45 18 19 47 29 14 24 44 12 41 31 10 16 21 6 28 13 32 5 35 11 40 25 9 20 4 2 22 46 23 15 48 36 8 27 7 39 1 30 34 43 37 3
14 40 5 46 39 7 45 9 38 10 44 34 48 11 22 28 41 29 3 25 8 36 26 13 32 31 33 19 1 27 35 4 23 18 12 21 20 37 43 16 24 47 17 6 42 30 15 2
11 21 44 36 37 30 22 10 4 5 6 47 26 16 3 46 17 7 12 27 38 41 28 39 40 2 23 42 43 34 31 29 1 15 35 18 24 19 48 33 14 32 8 9 25 13 45 20
30 14 7 1 40 21 3 48 8 35 36 22 33 42 45 37 47 2 44 24 43 34 6 31 17 25 41 12 11 4 16 5 38 32 18 39 9 15 10 29 26 46 20 13 27 19 28 23
17 48 20 38 25 28 36 15 16 11 39 30 12 19 32 47 1 40 4 8 31 18 27 44 3 14 2 21 33 35 46 26 42 7 29 9 34 13 6 22 23 24 45 43 37 41 10 5
25 29 43 27 47 18 44 16 31 23 33 48 46 24 34 9 8 20 22 30 19 10 35 21 14 40 17 11 37 28 39 36 6 5 26 13 38 42 7 3 15 45 4 2 1 12 41 32
24 33 37 7 5 44 30 13 6 15 22 40 17 47 1 4 3 12 26 36 29 9 16 43 45 39 42 31 27 23 11 18 2 10 32 35 19 8 14 38 48 34 41 28 20 46 25 21
26 34 13 9 32 22 5 29 43 46 45 21 35 15 17 7 30 27 37 11 12 25 20 10 28 1 24 2 31 42 23 3 47 44 16 6 41 40 19 48 36 8 39 14 38 4 33 18
47 38 4 40 12 36 15 17 27 39 1 35 21 5 20 34 16 11 45 28 14 26 8 37 48 42 30 18 29 19 33 24 31 23 41 43 25 46 32 2 44 10 3 7 22 9 13 6
40 26 48 12 3 7 38 37 25 34 31 16 29 44 45 10 36 39 41 9 47 20 21 18 19 33 1 27 22 46 13 42 4 28 43 32 15 30 35 24 6 23 14 11 5 2 8 17
8 22 9 20 16 5 12 25 15 48 42 6 24 2 11 23 38 7 46 32 35 45 18 40 43 13 34 28 14 33 29 19 21 39 30 44 4 17 41 37 1 26 10 3 31 27 47 36
48 9 12 3 45 19 33 30 5 24 8 10 25 23 32 11 28 43 18 13 42 15 14 2 35 29 31 6 36 41 37 20 7 17 22 27 47 16 1 46 40 4 21 39 26 38 44 34
5 45 35 14 42 16 28 27 40 6 29 11 3 36 47 26 48 4 25 19 33 43 13 23 46 41 9 44 38 39 2 10 34 30 7 8 21 37 17 20 32 12 18 22 24 31 1 15
12 41 16 4 30 32 27 14 13 25 11 31 23 1 3 29 6 26 33 18 7 39 44 20 42 46 36 5 35 45 34 8 15 38 21 2 48 28 22 43 10 47 9 24 40 17 37 19
4 42 22 8 21 17 10 6 44 26 39 14 41 13 46 18 45 28 20 40 23 38 48 16 27 43 3 12 47 7 25 37 2 24 33 5 31 19 15 9 30 34 35 36 32 11 29 1
8 34 30 43 29 2 20 3 23 14 6 41 48 38 15 22 21 12 31 42 10 13 37 1 4 17 44 24 9 11 47 27 32 36 28 26 5 25 16 33 39 35 40 19 45 18 46 7
27 25 45 6 46 13 26 2 10 5 16 47 19 4 28 30 43 1 39 31 15 32 33 24 29 37 8 3 7 22 41 38 23 35 42 12 40 14 34 18 21 36 11 9 48 20 17 44
44 37 33 19 5 47 17 22 30 16 41 7 42 40 34 27 46 24 43 2 18 12 23 36 25 48 20 32 3 13 21 45 1 14 9 4 11 29 38 39 28 6 10 35 15 26 8 31
35 22 5 7 31 27 9 20 1 13 32 23 40 47 21 46 44 36 16 45 12 42 4 30 11 26 28 19 15 25 2 34 6 48 37 33 10 17 41 14 38 39 8 18 24 29 43 3
11 13 15 44 12 40 43 31 14 34 47 46 37 17 24 42 10 16 5 33 35 19 29 3 18 7 23 30 32 27 28 21 38 9 48 8 26 6 25 2 20 1 41 39 4 36 45 22
46 35 47 15 28 45 40 38 10 24 36 3 16 2 13 25 14 34 48 26 30 23 39 17 32 41 18 42 22 20 21 4 33 7 12 43 9 1 37 8 19 31 44 29 5 6 27 11
40 32 12 25 3 30 16 17 18 39 26 45 14 33 37 6 20 11 42 15 10 8 31 28 47 13 21 41 36 23 1 2 22 5 38 9 29 34 7 24 44 46 19 43 27 35 48 4
1 48 23 2 27 25 19 37 33 7 35 20 45 18 29 34 5 39 15 6 14 17 21 42 13 9 8 36 43 46 44 10 4 11 32 28 24 12 40 47 26 30 31 3 22 16 41 38
7 21 26 12 47 9 6 48 11 35 1 13 30 31 16 37 25 14 41 27 46 28 40 3 34 43 38 45 18 44 39 33 17 15 4 24 20 8 42 5 10 29 2 22 36 19 23 32
10 26 21 4 48 18 8 27 25 20 44 40 11 36 39 38 12 6 19 37 29 34 9 7 3 23 46 22 14 41 17 28 31 47 2 32 16 30 45 15 1 24 33 5 43 13 42 35
28 15 16 34 39 44 12 25 9 48 14 42 5 21 1 43 29 37 3 22 38 33 8 36 6 45 13 40 10 19 20 18 41 46 30 23 4 35 2 27 31 32 26 24 11 7 47 17
25 10 17 48 41 20 2 19 37 23 4 30 27 5 22 32 13 29 12 9 43 31 15 46 40 21 33 14 45 16 11 24 42 39 47 7 26 38 35 3 6 8 28 44 1 34 18 36
4 41 9 20 14 23 13 47 27 11 8 43 38 45 40 10 21 33 1 46 28 26 35 24 18 44 6 3 29 34 31 22 30 32 7 16 12 36 17 37 5 19 39 2 42 48 15 25
30 24 35 29 8 46 14 7 48 37 22 11 10 25 31 9 36 44 26 20 4 18 45 40 19 17 39 33 38 3 27 41 21 43 23 28 34 47 16 1 32 15 5 6 12 42 13 2
42 14 34 40 26 36 41 13 15 6 17 2 24 12 44 33 25 8 46 32 1 28 18 16 39 19 37 30 48 21 29 9 47 3 22 35 45 43 38 4 23 10 20 11 31 27 7 5
24 40 7 43 17 5 10 14 44 29 31 34 6 30 38 39 3 2 23 18 47 48 12 13 33 11 1 32 37 9 4 8 25 27 41 42 21 46 22 16 35 26 15 36 19 45 28 20
37 18 15 8 35 19 43 24 14 30 33 10 26 42 41 11 12 20 27 31 7 36 44 28 45 4 34 21 23 47 48 6 3 29 46 2 22 40 32 38 39 5 1 13 9 25 17 16
38 1 4 36 22 6 7 41 18 3 19 35 44 27 17 28 16 47 12 11 23 10 29 14 37 39 5 24 33 40 25 31 8 26 43 15 32 13 48 46 9 42 21 30 20 2 45 34
39 38 45 37 21 7 47 9 6 34 42 24 12 1 2 4 8 27 44 14 32 41 16 5 48 29 40 28 20 43 13 30 46 17 35 31 25 11 33 22 36 15 3 19 23 18 10 26
9 36 8 46 16 24 40 15 4 10 26 6 41 44 20 47 1 31 22 33 18 19 27 2 29 42 3 48 11 32 12 28 35 13 21 39 5 45 34 43 7 17 14 38 37 30 25 23
22 45 44 14 32 3 42 31 43 47 30 41 10 19 29 7 38 40 37 36 8 9 23 18 24 33 48 2 6 35 46 5 28 20 11 26 13 16 27 15 21 4 34 12 25 17 39 1
26 22 43 3 40 25 9 30 47 46 45 21 11 23 48 8 6 34 18 13 42 12 14 39 4 2 36 27 35 10 41 29 32 37 17 44 19 15 1 20 28 38 33 7 16 5 24 31
5 17 48 38 37 22 34 3 30 41 44 16 21 11 24 31 47 6 10 19 20 39 13 23 36 12 15 18 1 27 35 40 8 14 42 46 29 28 25 2 45 32 4 33 26 9 43 7
48 42 12 27 25 45 18 2 13 16 22 14 46 24 39 17 5 4 19 30 40 34 31 37 6 1 10 11 32 33 28 20 41 7 9 36 38 35 8 29 47 23 26 21 3 43 44 15
47 33 13 17 12 32 6 29 39 7 11 48 3 4 21 42 43 16 45 28 19 23 20 44 14 46 31 5 2 41 8 38 27 36 24 18 10 25 15 30 22 1 40 9 37 26 34 35
17 9 28 19 29 30 45 10 20 25 35 22 16 39 11 41 14 24 4 2 31 33 37 43 13 40 44 7 5 34 46 27 42 23 26 6 47 12 3 48 38 36 15 18 32 1 8 21
22 29 23 18 31 17 5 7 8 40 41 38 25 33 37 6 28 26 15 42 34 32 39 1 43 4 30 20 27 44 16 14 47 9 48 13 11 36 19 21 24 12 35 2 45 46 10 3
11 25 36 44 42 16 26 22 10 35 29 43 27 38 2 23 37 33 31 40 8 20 6 7 32 34 14 12 9 4 47 3 21 24 28 5 15 46 48 18 30 45 17 39 13 41 1 19
10 13 37 32 35 3 19 16 1 26 8 45 17 22 28 43 20 47 5 15 30 25 33 21 11 48 24 44 40 39 34 36 2 38 12 27 42 29 14 9 4 31 18 6 23 7 41 46
48 36 33 1 8 20 27 6 23 47 14 7 30 19 13 45 10 46 3 26 4 18 9 37 34 11 17 25 15 16 41 21 38 44 35 32 31 42 22 39 40 24 5 28 12 2 29 43
9 4 22 7 37 46 28 14 5 20 47 23 38 18 3 36 30 43 8 24 19 26 15 44 25 13 2 41 31 21 35 45 33 10 39 12 40 16 32 27 48 6 1 29 34 11 42 17
27 34 26 9 32 2 16 25 31 14 43 35 5 12 29 10 41 11 39 37 20 17 8 23 40 1 28 22 6 47 13 46 3 45 18 4 33 19 7 24 15 30 21 36 42 38 48 44
37 14 30 22 48 23 8 24 33 2 32 11 29 44 40 18 45 36 43 6 17 42 12 5 27 26 9 34 10 28 4 19 31 25 21 16 41 13 47 3 20 46 39 38 15 35 7 1
21 1 17 6 28 5 22 41 9 24 4 10 26 2 34 33 29 37 46 45 47 13 48 20 35 7 31 19 3 25 8 42 30 18 40 36 23 38 27 14 44 39 16 11 43 12 15 32
38 15 9 40 41 21 47 37 25 5 39 3 14 27 1 34 46 2 42 32 29 43 35 18 33 17 20 6 23 7 48 10 36 26 11 44 12 30 45 4 19 8 28 24 16 31 13 22
28 10 21 15 30 44 38 13 47 39 36 31 19 16 22 26 12 7 41 46 35 8 45 43 42 29 5 40 27 23 17 34 1 32 33 18 48 11 2 37 9 25 3 14 20 4 24 6
4 39 16 27 21 18 10 9 15 37 1 42 6 45 41 25 47 8 48 36 23 38 32 14 3 20 30 31 22 46 12 2 7 28 24 26 11 43 17 33 35 29 13 19 40 34 44 5
24 26 27 29 31 7 2 38 37 19 6 46 40 1 20 47 8 39 25 11 15 28 4 30 18 12 41 42 48 3 16 45 17 43 22 33 21 34 35 5 32 10 14 44 9 13 23 36
8 29 44 12 14 6 17 27 38 15 19 24 23 21 16 4 3 32 1 20 33 10 26 42 46 31 18 45 37 43 28 9 22 11 41 30 13 40 34 47 36 35 2 5 25 48 39 7
39 48 5 25 26 24 12 31 33 1 10 2 42 13 15 9 16 29 23 14 32 41 18 40 45 44 3 36 38 22 37 8 46 47 28 35 19 7 6 43 21 4 34 30 11 17 27 20
5 35 32 8 16 36 43 3 40 13 30 41 24 17 47 39 6 28 26 22 38 31 29 2 4 33 37 48 45 11 44 42 23 20 7 21 9 15 1 46 14 19 18 12 27 10 34 25
35 18 20 17 39 45 7 47 14 43 16 30 37 11 21 38 28 27 44 34 12 25 31 13 48 46 42 2 36 9 29 5 4 3 26 24 32 8 10 1 23 40 41 22 19 6 33 15
30 41 47 37 22 9 13 19 8 6 11 40 45 36 44 32 38 12 2 27 18 34 33 31 24 39 10 21 35 16 20 26 28 48 43 46 42 14 23 15 7 5 4 3 1 29 25 17
12 32 33 34 28 16 14 29 4 10 17 6 30 40 38 7 5 44 42 9 43 36 23 1 37 2 48 24 20 19 25 22 27 35 46 8 15 47 41 18 39 11 31 13 3 26 45 21
7 40 35 4 45 30 28 15 9 48 32 42 38 25 24 29 44 20 3 8 1 23 27 17 39 37 36 12 2 13 11 41 33 14 18 19 34 6 16 22 5 47 10 21 31 43 46 26
26 45 5 48 17 27 41 16 1 29 4 35 44 31 32 22 13 8 23 42 7 18 14 39 47 19 24 33 11 40 12 21 3 15 9 2 10 37 25 38 6 30 20 28 34 36 43 46
1 38 46 14 27 47 12 48 43 3 29 13 6 5 41 11 36 4 31 28 35 19 44 10 17 23 2 42 32 21 33 20 25 24 37 15 16 45 8 39 40 26 9 7 22 30 18 34
24 34 4 3 40 19 18 14 27 23 47 20 35 30 48 28 43 6 37 13 12 9 21 36 25 41 15 44 5 42 1 46 8 45 32 39 22 7 38 33 10 31 11 29 26 16 17 2
8 4 13 46 41 40 6 44 39 7 26 47 23 10 19 27 1 37 20 31 2 32 15 3 34 45 28 11 14 22 21 33 30 25 24 12 29 43 42 16 35 36 17 18 9 5 48 38
4 24 8 20 29 32 16 10 30 11 43 14 37 18 31 39 41 2 48 22 40 33 6 46 36 21 44 25 1 28 35 17 38 27 23 7 5 47 15 9 26 34 13 12 45 19 42 3
28 37 22 18 32 25 20 9 23 14 33 45 19 36 15 6 30 31 41 34 1 26 40 10 42 12 21 2 29 43 13 3 46 39 17 27 47 16 11 5 48 4 8 24 38 35 7 44
48 25 28 7 35 3 27 20 11 10 14 16 21 23 17 37 19 12 15 36 38 42 13 2 47 9 39 18 40 45 41 8 22 44 29 4 31 1 33 24 30 6 26 5 32 34 46 43
1 17 48 36 37 6 43 38 31 2 44 21 5 15 29 46 12 11 39 26 23 41 20 24 3 19 40 32 18 25 47 30 35 7 16 13 33 34 14 27 28 8 45 22 42 9 10 4
37 22 32 1 47 17 26 30 5 6 10 2 45 4 20 9 48 39 25 15 31 12 16 21 43 42 14 3 38 7 34 27 41 13 28 18 40 11 19 8 36 24 44 33 23 46 29 35
27 42 23 32 5 9 34 25 40 15 31 48 24 10 44 33 38 43 8 30 14 17 4 16 35 41 6 36 47 3 2 19 7 18 39 46 26 13 21 29 1 45 28 11 20 12 37 22
47 33 27 22 48 18 5 41 20 1 8 3 26 12 34 45 36 14 16 19 30 28 9 7 29 2 17 44 43 11 39 38 23 10 42 32 24 40 37 21 4 46 35 6 13 25 15 31
44 41 26 9 25 36 19 27 48 16 6 34 12 24 40 17 21 7 43 14 8 10 39 18 30 45 33 22 31 32 28 2 42 46 11 35 20 29 38 3 23 1 15 13 37 4 47 5
26 48 7 44 42 16 2 24 6 5 36 40 17 13 47 4 25 27 1 18 15 8 35 37 39 43 34 20 3 9 31 29 21 23 22 33 38 30 11 46 45 10 14 19 12 41 28 32
25 40 44 19 12 24 16 17 13 26 39 41 29 5 28 42 1 33 22 37 10 15 18 36 14 20 8 48 6 23 46 34 2 9 43 31 4 38 35 30 32 47 3 21 11 45 27 7
39 18 12 43 21 27 22 13 15 35 41 46 14 11 3 34 8 16 45 24 32 36 40 44 6 25 38 28 10 30 37 4 31 29 48 26 5 42 7 20 47 17 2 9 33 1 23 19
12 35 9 4 16 32 45 47 10 30 31 7 3 33 38 11 6 28 27 20 42 48 44 1 40 23 14 25 22 46 8 18 17 37 26 21 29 15 2 43 24 5 41 34 19 13 39 36
21 38 47 2 3 28 10 6 37 20 19 45 40 42 22 25 17 24 12 8 33 26 29 31 11 46 44 27 9 35 48 14 4 30 7 5 41 16 32 1 15 39 34 43 36 18 13 23
42 36 37 15 32 45 8 19 25 43 33 11 10 21 13 26 5 46 2 27 34 20 16 40 17 39 23 41 48 47 44 31 1 28 35 30 12 14 3 4 9 29 18 7 22 38 24 6
5 9 21 38 30 3 28 2 31 24 35 23 25 17 32 18 46 26 10 6 20 33 1 16 48 29 13 34 37 39 4 42 36 43 41 7 22 8 15 47 14 12 19 44 40 27 45 11
35 32 43 12 39 19 13 22 38 34 42 10 16 40 21 41 3 29 45 11 18 9 26 14 24 37 17 30 7 44 33 28 47 5 2 8 48 6 23 15 20 25 4 46 27 36 1 31
9 13 16 10 26 25 41 24 11 19 4 6 42 32 47 23 30 1 3 28 46 39 12 43 18 44 20 22 29 45 27 36 15 38 33 2 31 17 8 37 21 40 5 14 48 7 34 35
7 15 30 6 14 40 42 25 18 13 11 24 3 31 19 47 41 44 16 46 17 32 37 5 4 34 1 33 45 20 23 26 28 36 21 9 10 12 27 2 38 35 39 29 43 48 8 22
10 37 34 20 8 46 7 30 33 48 14 42 44 1 39 32 47 31 4 9 43 19 6 3 25 12 28 21 11 35 29 5 27 17 40 23 13 45 22 38 26 15 16 36 24 2 41 18
35 26 47 46 28 2 27 41 14 37 29 20 8 12 31 22 44 32 5 40 18 43 21 39 13 4 10 11 15 34 1 6 23 36 9 24 25 42 16 48 7 19 33 3 45 30 17 38
22 24 32 8 29 7 17 15 47 25 16 30 6 2 46 31 45 36 26 18 4 38 23 20 27 13 40 3 5 41 35 33 42 37 12 39 9 19 34 14 10 11 21 28 1 43 48 44
28 22 17 18 42 20 6 44 5 47 8 38 46 30 3 29 10 4 41 37 14 34 27 13 19 7 36 40 23 21 11 9 33 43 32 12 16 15 1 39 48 45 35 24 31 26 25 2
12 41 20 7 48 17 40 3 8 39 26 14 27 44 34 38 16 2 18 22 42 31 9 23 45 33 37 19 36 10 21 46 4 47 35 15 24 25 6 29 13 5 28 30 32 11 43 1
47 33 23 34 3 9 20 37 48 40 1 13 41 19 15 30 29 43 31 2 7 17 32 28 46 21 18 6 35 16 4 22 25 14 42 27 26 11 10 8 24 12 45 39 38 5 44 36
42 25 5 14 27 22 47 29 6 34 36 43 45 38 24 7 28 11 44 15 31 23 48 30 37 17 9 32 40 46 16 21 35 26 2 8 33 13 41 4 19 39 1 12 3 10 18 20
11 42 37 32 47 44 22 9 30 29 39 2 23 24 16 28 43 12 27 31 15 18 8 17 33 26 3 45 14 40 34 36 7 48 38 19 21 6 25 20 5 46 10 41 13 35 1 4
38 10 12 22 39 30 45 47 15 3 6 31 5 25 20 43 14 36 8 24 34 13 35 21 18 40 33 2 27 11 1 17 41 32 48 9 23 7 42 37 44 19 4 46 16 28 29 26
30 17 33 36 22 18 43 16 13 19 32 10 42 4 44 23 6 8 20 14 40 48 45 7 35 31 34 12 1 28 27 24 46 5 29 2 11 37 47 21 39 25 9 38 26 41 15 3
8 35 28 37 12 47 38 10 20 14 42 11 17 40 1 27 48 39 15 34 19 9 33 2 4 44 41 5 3 7 25 45 22 29 18 31 32 43 21 46 30 24 26 36 23 6 13 16
26 29 27 3 5 21 10 13 39 35 44 41 30 36 17 8 25 14 22 45 47 34 20 37 42 1 2 31 32 9 48 4 38 23 16 46 19 28 33 24 6 40 15 11 12 18 7 43
37 39 7 48 41 24 2 31 40 23 35 3 38 10 13 45 19 46 43 30 17 12 15 26 29 42 21 20 22 25 11 27 6 18 9 36 4 34 14 47 28 32 44 33 1 16 8 5
27 1 26 4 37 6 14 20 43 24 10 16 19 45 22 18 46 44 12 11 38 17 13 42 39 7 8 48 31 47 2 3 32 28 33 35 40 30 23 15 36 29 41 5 9 25 34 21
25 20 35 14 40 5 18 17 27 41 30 48 24 15 21 11 12 7 1 32 2 39 4 46 19 9 10 36 43 33 44 29 8 13 23 16 42 47 37 3 22 26 31 34 38 45 28 6
17 4 36 10 25 21 5 7 9 15 45 35 11 13 29 6 37 24 48 26 30 41 39 28 3 23 20 34 2 32 33 19 31 46 22 18 38 14 43 1 40 47 8 44 27 12 42 16
9 45 8 25 35 7 26 6 16 13 43 21 12 42 41 38 10 28 37 36 33 19 14 24 34 46 48 44 47 22 31 18 17 27 30 4 15 40 3 5 1 23 11 2 20 29 39 32
5 48 22 40 45 25 12 27 10 29 31 34 26 11 28 41 3 47 2 9 23 42 32 36 43 21 6 7 20 4 8 33 30 35 39 24 13 1 19 16 15 17 18 14 37 46 44 38
44 36 4 1 26 20 9 16 8 11 41 46 40 33 19 37 45 29 12 6 32 25 31 10 24 14 23 18 7 28 13 2 3 30 21 5 34 17 48 22 35 38 39 43 42 27 47 15
21 15 9 6 14 17 34 22 5 40 32 45 29 38 48 4 13 37 31 19 20 18 12 30 47 26 1 42 33 44 39 41 2 25 46 7 10 11 27 43 23 8 3 28 16 36 24 35
4 14 44 7 28 19 13 24 23 43 29 40 16 32 2 22 5 20 25 15 8 31 18 42 11 48 39 27 6 3 17 26 47 38 37 21 9 12 10 30 45 35 34 41 36 1 33 46
39 24 46 3 27 9 7 29 4 5 30 38 10 1 40 47 21 6 44 42 18 33 37 20 25 43 15 14 36 23 12 28 35 45 41 13 26 8 17 2 19 31 16 22 32 34 48 11
7 38 43 32 12 30 41 14 47 3 8 6 37 23 34 9 16 27 42 20 10 28 44 1 13 31 36 25 48 39 35 40 21 17 26 33 22 29 45 18 4 15 2 5 24 11 46 19
14 42 22 27 8 2 5 44 38 47 1 7 25 39 37 34 29 26 10 28 15 23 21 18 46 4 13 41 11 43 16 30 36 9 17 32 31 19 35 48 24 12 33 6 40 20 45 3
47 9 16 34 46 22 6 48 37 2 4 23 35 30 31 42 28 1 39 40 14 43 26 44 45 41 17 12 18 19 29 20 32 10 24 27 21 15 8 33 7 11 5 38 3 13 25 36
46 25 3 44 29 18 43 2 11 37 6 20 21 42 38 30 8 32 23 31 35 36 40 13 33 39 14 48 45 22 41 5 15 7 28 26 12 16 34 27 47 10 9 24 19 4 17 1
48 35 43 8 32 47 17 10 25 20 36 24 6 4 15 33 41 31 22 13 7 26 1 23 27 45 9 11 29 30 46 38 2 44 12 39 16 34 42 3 21 40 14 19 5 28 37 18
30 48 28 22 42 5 16 3 1 34 11 46 40 19 2 32 17 4 18 14 31 12 29 26 37 25 44 6 9 10 21 8 27 39 7 24 33 45 47 38 20 36 35 13 15 41 43 23
42 29 48 20 45 44 8 6 18 7 19 14 26 16 47 28 36 1 46 2 4 38 9 5 30 37 3 24 15 39 27 21 22 17 40 35 25 13 11 43 10 32 41 33 31 12 23 34
38 17 35 9 47 36 42 37 14 39 33 13 8 15 16 25 44 26 5 22 46 20 27 2 6 29 40 32 3 21 23 34 4 7 11 30 24 43 41 18 48 1 28 12 45 19 10 31
24 33 9 12 39 40 22 41 44 26 8 16 27 5 3 46 30 14 2 18 23 32 6 31 35 17 36 21 37 20 47 42 38 15 43 28 48 25 1 4 13 45 19 29 11 10 34 7
5 13 26 46 40 3 27 15 33 37 14 48 41 45 22 31 12 11 19 32 1 8 39 36 17 2 24 28 35 34 20 6 25 10 29 16 47 38 23 21 4 30 18 9 43 7 42 44
25 26 23 29 16 28 9 27 44 11 1 42 17 22 31 37 47 34 15 8 43 13 45 7 18 40 38 3 10 33 4 24 36 35 32 39 20 6 48 2 14 46 21 30 12 5 41 19
27 32 21 36 3 17 38 14 18 30 35 43 19 5 1 29 8 47 20 37 4 48 44 40 11 13 6 2 23 16 28 10 41 26 7 12 31 42 25 33 9 39 45 34 24 46 15 22
28 18 20 43 40 25 47 17 23 16 22 35 12 44 11 26 6 27 41 24 42 10 4 21 14 34 37 7 32 19 48 8 33 36 39 31 13 30 2 46 45 38 15 3 5 9 29 1
10 1 16 8 35 24 26 13 25 2 43 11 29 18 19 17 14 33 27 32 38 15 23 36 39 40 28 12 6 4 20 31 30 9 37 44 41 42 21 3 22 47 34 5 48 45 7 46
11 13 27 29 22 46 12 9 10 14 42 2 16 24 37 30 44 6 4 34 15 23 26 7 48 33 17 5 40 3 31 20 41 25 18 28 32 8 35 21 47 45 39 19 43 38 1 36
17 10 22 12 5 18 20 7 15 30 32 3 21 27 28 9 13 14 8 11 35 43 6 24 19 2 34 41 37 23 1 4 42 45 46 33 16 25 48 29 38 26 31 39 40 36 47 44
22 21 3 40 17 28 14 19 43 6 31 23 12 45 41 32 5 39 20 18 2 10 13 44 35 7 24 25 48 34 37 36 46 9 33 4 47 16 15 1 26 8 11 29 42 30 27 38
39 26 4 18 3 30 19 20 11 25 14 10 38 22 24 42 28 7 27 31 34 41 8 17 43 12 23 21 2 9 47 45 33 44 16 32 40 6 1 48 5 36 15 13 37 29 46 35
8 32 21 19 29 20 9 25 4 16 39 6 27 17 22 18 3 12 10 28 40 38 44 14 37 33 13 48 7 11 41 30 31 5 43 15 42 46 23 47 24 35 1 34 36 2 45 26
4 1 7 36 25 6 18 31 8 5 22 16 24 11 3 28 12 37 15 20 14 48 32 40 13 41 2 33 35 46 29 17 38 10 42 19 9 47 45 27 39 30 21 43 34 26 44 23
27 37 9 17 8 19 10 41 31 20 4 40 11 13 21 6 16 32 2 24 7 34 12 46 36 39 44 45 5 47 28 3 1 30 35 18 48 15 43 14 23 29 26 38 33 25 42 22
24 33 12 27 14 32 13 22 30 19 10 20 37 2 17 11 43 29 48 9 31 8 35 3 46 45 1 40 47 44 39 42 28 23 38 5 34 7 6 15 4 25 18 36 26 16 41 21
14 4 26 44 12 9 27 16 5 3 35 41 10 40 48 33 46 34 19 6 43 36 37 18 47 1 28 42 11 45 21 24 8 15 32 2 22 38 25 39 7 23 17 30 31 13 29 20
7 20 5 6 16 2 22 15 48 29 36 35 14 10 44 39 30 47 23 46 12 42 31 13 45 34 41 3 18 43 4 40 32 28 26 27 25 1 33 38 21 17 8 9 24 11 37 19
5 36 13 32 22 27 41 24 44 26 8 45 35 12 29 4 47 31 43 30 23 39 48 1 40 42 14 28 10 7 2 38 3 46 17 9 11 37 21 16 19 15 33 18 25 20 34 6
9 41 36 37 26 3 28 27 33 35 47 30 44 31 34 46 1 2 42 45 32 13 16 39 24 4 48 18 43 40 17 5 6 38 12 7 21 29 8 22 20 11 19 14 23 10 25 15
28 39 17 4 35 45 34 30 37 47 26 7 42 44 46 29 48 8 41 40 20 15 1 43 33 13 38 36 31 32 25 22 21 3 23 16 10 19 27 5 14 12 2 6 11 9 24 18
26 18 33 46 32 47 38 44 27 43 45 48 30 21 40 23 41 24 16 13 1 17 14 37 42 31 39 34 36 20 35 10 25 29 22 8 12 28 19 4 9 6 5 2 3 7 15 11
44 34 37 1 46 40 45 38 47 48 43 42 41 23 39 31 29 20 26 27 8 9 21 16 4 25 36 11 22 33 13 2 15 14 28 12 5 17 32 30 35 24 10 7 19 6 18 3
35 45 44 48 30 22 40 47 1 24 41 43 46 25 38 34 36 33 39 26 42 32 18 31 27 37 21 19 20 28 16 9 7 13 29 6 23 11 14 8 15 10 4 3 12 5 17 2
12 22 46 43 37 44 47 48 38 40 42 34 25 39 32 41 45 27 1 19 10 28 33 21 29 17 18 31 14 16 8 6 36 35 24 26 20 30 2 9 13 5 3 11 15 4 23 7
