0.17618517936540273 0.002942033775794848 0.1571768883007284 0.08981839225059139 0.07536118547375117 0.04993915760187744 0.03986610220056395 0.043434558883157115 0.035383292576179545 0.04492501972548936 0.05637804301042497 0.05256465915686578 0.03814545859953255 0.043214360878153786 0.03898233153095517 0.020004402020721127 0.01622877185571349 0.014494507275342464 0.004955655518754698
5 6 3 2 4 1
4 2 3 5 6 0
2 3 6 4 1 5
1 4 2 5 3 6
4 1 5 3 6 2
6 2 3 1 5 4
5 3 4 6 2 1
2 4 1 5 6 3
3 6 2 5 1 4
4 5 1 2 3 6
4 2 6 3 5 1
5 6 3 4 1 2
2 3 4 6 5 1
5 3 2 1 6 4
2 4 3 5 1 6
6 4 2 5 3 1
1 3 6 5 4 2
2 6 5 4 3 1
6 4 5 2 1 3
