19336 10119 12371 9859 7825 7371 4637 3105 3355 3355 2953 2252 1980 1980 1527 1185 1125 913 725 663 555 378 402 351 281 210 192 133 139 117 102 77 60 62 49 42 35 23 23 25 16 13 13 13 9 9 7 5 4 3 3 2 2 2 1 1 1 1 1 1 1
2 7 12 1 6 8 5 16 4 11 14 9 13 3 15 10
4 6 3 16 13 15 14 9 12 2 11 1 10 8 5 7
12 13 3 1 7 16 14 4 11 5 15 6 10 2 9 8
3 5 13 7 11 6 15 9 1 16 8 12 4 2 14 10
5 9 2 16 12 13 3 11 14 15 1 10 6 8 4 7
16 14 10 11 7 2 6 1 15 9 13 3 12 4 5 8
2 1 16 13 7 12 8 3 9 4 6 5 10 11 15 14
3 12 5 7 13 16 9 11 4 14 2 8 15 6 1 10
10 2 4 16 13 9 15 1 3 14 6 11 5 12 8 7
5 14 7 9 10 15 8 3 12 2 11 1 4 13 16 6
13 1 2 4 12 16 6 11 9 14 7 8 3 5 15 10
6 9 8 13 5 15 3 7 12 16 2 10 1 11 4 14
12 5 3 13 8 2 11 16 14 15 1 9 6 4 10 7
14 10 5 11 13 8 9 6 4 3 12 1 15 7 2 16
4 15 16 5 1 6 7 9 3 2 10 11 8 14 13 12
3 13 9 2 4 7 12 1 11 14 16 8 6 10 5 15
5 2 7 16 11 6 15 9 13 4 1 3 10 12 8 14
3 1 13 2 5 12 7 6 14 16 8 10 9 11 4 15
4 9 2 5 8 16 11 7 15 3 13 12 1 10 14 6
2 5 3 11 8 15 12 1 13 4 16 6 9 14 10 7
10 14 9 4 13 7 6 11 1 3 2 8 12 5 15 16
16 12 5 13 4 15 11 7 9 2 8 6 3 14 1 10
13 1 10 16 8 2 9 6 3 5 7 11 15 4 14 12
6 10 8 5 1 2 15 13 4 16 11 9 3 7 12 14
3 15 10 1 11 16 14 4 7 2 12 9 8 5 13 6
5 12 2 4 13 8 3 1 15 16 10 6 9 11 14 7
2 5 9 16 4 7 11 3 13 14 10 8 12 6 1 15
10 13 3 16 5 8 7 11 14 15 2 12 9 4 1 6
3 15 7 2 4 6 8 9 14 5 11 1 10 12 13 16
16 2 13 1 7 15 3 11 9 4 12 6 8 14 5 10
10 12 8 5 1 13 7 4 15 2 16 9 3 11 14 6
6 14 10 2 7 13 9 3 11 16 8 12 1 4 5 15
16 9 2 13 5 15 12 6 4 3 1 11 10 7 8 14
2 1 5 13 4 6 11 9 3 14 7 12 15 10 8 16
16 10 3 2 5 8 12 11 4 15 13 1 9 6 14 7
12 13 2 16 11 9 15 3 7 5 6 1 8 4 10 14
6 2 5 16 13 15 7 1 9 3 11 8 4 14 10 12
16 15 9 4 8 7 12 6 3 14 2 11 1 13 5 10
3 5 8 2 13 12 7 1 15 16 10 9 4 11 14 6
16 9 3 5 11 7 15 6 4 2 10 1 12 13 8 14
6 1 8 4 7 13 3 11 9 16 2 12 15 14 5 10
3 14 2 16 13 8 11 4 7 9 12 6 1 5 10 15
2 10 7 5 8 9 14 1 3 15 16 11 4 12 13 6
10 12 9 16 4 2 8 6 7 5 11 1 3 13 14 15
6 14 2 1 7 13 3 11 15 16 8 12 9 4 5 10
12 15 10 2 5 8 9 4 1 14 16 11 3 6 13 7
16 1 5 13 11 6 7 3 9 4 2 8 15 14 10 12
12 14 5 4 7 13 6 1 3 15 2 9 10 11 8 16
2 5 9 4 13 15 14 3 1 16 11 12 8 7 10 6
3 2 10 16 13 9 11 4 15 14 12 6 1 5 8 7
6 10 2 13 4 15 7 11 3 16 8 1 9 12 5 14
16 14 7 1 8 9 6 3 4 5 2 12 10 11 13 15
3 13 9 16 7 2 6 4 1 15 10 11 8 5 14 12
3 9 2 13 7 6 14 1 15 4 11 8 12 10 5 16
2 5 7 1 4 15 8 11 9 14 16 6 3 12 13 10
16 14 10 4 13 6 11 3 7 2 12 9 1 5 8 15
6 2 7 5 11 8 3 4 9 15 10 12 1 14 13 16
3 2 10 4 13 9 7 11 1 5 16 6 15 12 8 14
2 14 3 16 5 9 15 1 7 4 8 12 10 11 13 6
16 15 7 2 11 8 6 9 4 14 12 1 3 13 5 10
10 13 5 1 4 15 11 6 3 16 2 9 8 7 14 12
