143601 72565 68981 61720 54678 52268 49154 43518 38854 36590 32441 25432 26633 22892 21824 21824 21427 17002 14766 13806 10692 9942 10624 10438 9834 8656 7552 7042 5416 5706 5298 5405 5109 4671 4036 3606 3162 3666 2981 2544 2189 2264 2083 1997 1796 1448 1562 1626 1503 1212 1284 1159 974 1010 853 747 779 688 634 624 602 506 463 397 423 398 352 339 297 303 287 231 238 200 180 154 129 134 118 117 107 89 93 92 84 73 69 62 55 50 44 40 36 34 36 30 28 25 26 22 20 19 18 16 15 11 12 11 9 10 9 8 8 7 5 6 6 5 5 4 4 4 3 3 3 2 2 2 2 2 2 2 1 1 1 1 1 1 1 1 1 1 1 1 1 1
11 2 13 5 10 24 22 31 26 30 6 9 23 7 25 21 18 3 17 8 32 29 15 28 12 20 1 19 4 14 16 27
21 12 4 17 11 31 27 7 22 24 8 2 20 18 32 5 6 10 14 30 25 1 19 16 3 15 26 28 13 29 23 9
10 13 6 17 16 23 27 7 26 30 20 32 4 2 19 29 28 31 3 24 1 14 8 11 21 12 18 25 9 22 15 5
31 7 14 6 10 17 1 11 12 28 21 3 27 18 25 8 30 24 13 23 32 9 19 26 29 15 5 22 16 2 4 20
21 18 15 29 32 19 7 25 8 10 5 13 3 1 20 11 17 14 12 30 24 6 27 16 4 2 26 31 22 28 23 9
7 25 29 11 9 27 28 10 6 30 32 4 19 16 8 18 22 3 14 2 31 12 24 17 23 1 26 13 15 20 21 5
14 9 8 31 18 16 4 24 23 2 27 10 26 3 12 13 11 21 28 5 25 15 22 7 17 6 32 1 19 29 30 20
9 11 13 17 27 22 10 4 1 19 2 7 29 14 18 6 32 3 21 8 5 30 31 24 28 20 26 15 25 12 16 23
30 28 21 1 7 14 22 5 25 10 4 18 2 12 23 15 6 19 26 31 11 29 9 8 13 16 32 27 20 24 3 17
11 24 22 19 28 17 8 2 9 14 3 15 20 5 30 27 12 18 4 21 16 13 23 10 31 32 26 25 29 7 6 1
15 4 28 20 14 30 17 7 22 13 19 25 16 29 21 3 8 24 18 23 1 2 5 32 6 12 31 10 27 11 26 9
28 15 24 30 2 14 19 32 17 21 22 4 10 13 16 1 23 8 25 27 7 31 20 18 12 9 5 3 11 6 29 26
12 13 30 4 19 23 15 3 18 7 8 11 22 25 9 16 17 21 27 10 32 1 2 5 29 20 6 31 14 28 26 24
7 19 26 5 1 31 25 29 4 24 32 17 3 30 11 12 2 10 8 16 15 14 21 23 28 9 20 22 6 27 18 13
18 25 1 12 20 28 32 30 13 4 21 10 11 8 31 26 16 19 5 2 3 9 29 15 24 17 7 14 27 23 6 22
1 31 32 11 23 13 20 27 19 25 15 29 26 14 3 30 21 5 10 22 24 12 6 7 4 28 18 8 16 2 9 17
29 17 10 30 26 18 9 28 12 32 5 7 2 16 13 21 6 8 31 14 1 3 11 19 23 22 27 15 25 20 24 4
32 28 12 8 16 27 17 29 25 22 2 24 23 21 11 1 10 14 26 3 31 15 9 18 13 30 7 19 5 6 4 20
16 8 31 7 15 5 13 17 26 19 18 22 1 6 4 14 32 25 27 10 29 11 20 24 30 2 9 21 12 23 28 3
25 26 22 29 20 16 4 7 27 6 32 13 31 12 8 15 19 18 3 21 2 9 24 28 17 1 5 10 11 14 23 30
7 32 24 1 25 17 15 30 18 20 4 19 28 2 21 11 8 9 12 5 14 6 29 16 31 3 26 13 22 10 27 23
21 7 28 5 11 22 6 10 17 2 20 32 25 29 9 27 4 31 24 30 15 14 23 26 13 16 12 3 19 8 18 1
28 11 3 17 32 15 7 25 13 21 12 2 27 1 19 26 23 10 14 24 30 4 5 8 18 6 20 31 9 22 29 16
14 9 8 4 10 1 27 13 24 28 3 15 29 30 20 19 22 5 25 16 7 31 11 17 12 32 6 21 2 18 23 26
31 4 29 28 13 17 24 2 3 10 22 18 20 5 16 32 15 14 21 27 25 23 8 30 6 7 1 19 12 11 26 9
15 18 6 19 2 16 22 11 9 7 27 25 10 12 28 8 30 3 26 23 14 13 21 31 29 17 32 1 20 24 4 5
30 23 5 15 27 22 19 21 7 1 26 32 11 13 18 3 28 9 29 8 10 2 31 6 24 4 17 25 14 12 16 20
10 3 16 27 28 19 1 32 2 23 8 22 31 6 9 21 17 11 24 4 5 30 13 26 20 15 12 14 29 7 18 25
7 13 26 20 8 31 32 17 18 6 22 3 25 29 4 14 12 21 5 28 11 24 2 16 23 1 27 10 15 9 19 30
15 26 14 11 25 5 10 7 12 3 16 24 1 21 30 29 4 19 18 31 22 8 20 32 17 6 9 27 13 2 28 23
30 12 32 7 23 14 8 24 4 20 2 19 28 18 1 17 15 25 13 5 16 11 9 29 31 3 26 22 6 10 21 27
31 32 30 14 12 4 13 25 8 24 23 17 16 2 21 5 11 29 9 26 7 6 27 10 15 18 19 28 22 20 3 1
11 29 25 20 1 27 15 10 26 14 19 28 9 24 31 13 22 21 23 2 32 12 6 8 3 30 18 4 5 17 7 16
16 11 13 5 7 30 32 6 17 22 18 2 1 3 25 14 8 31 4 10 24 15 29 27 21 23 20 12 19 28 9 26
32 7 21 17 14 13 5 4 1 19 27 6 23 22 26 16 10 24 12 18 29 20 2 11 25 28 30 15 9 8 31 3
9 18 26 10 11 7 19 30 25 4 3 15 27 6 12 29 28 13 31 24 16 1 21 23 22 32 5 14 20 2 8 17
1 28 22 15 19 16 6 32 23 13 20 10 26 29 11 8 21 3 27 30 2 14 12 17 18 9 7 31 25 4 24 5
10 15 19 13 8 28 20 17 27 25 5 29 16 7 23 26 32 18 30 21 31 3 22 24 4 1 2 12 11 9 6 14
4 23 28 29 9 14 1 21 19 2 32 7 20 18 16 30 12 5 25 26 3 8 11 6 17 22 31 10 13 27 15 24
21 8 31 27 32 23 7 3 9 30 4 13 2 1 24 11 19 10 12 5 14 25 20 28 22 17 6 26 15 29 16 18
28 4 24 12 19 13 22 11 8 7 2 32 25 5 20 21 17 9 18 10 15 31 23 16 30 6 26 3 27 14 29 1
12 31 23 7 15 17 28 24 18 6 21 11 3 25 8 1 10 19 29 4 32 2 9 26 20 16 30 27 5 22 14 13
25 9 32 1 14 5 17 12 7 21 26 18 11 13 10 27 4 29 8 30 19 16 24 3 28 2 20 22 6 15 31 23
14 12 16 10 20 19 8 5 31 17 4 24 26 21 22 32 23 13 3 28 25 1 29 15 6 7 27 30 2 11 18 9
18 13 5 19 23 7 27 29 12 1 8 6 22 17 24 3 26 11 20 31 10 14 15 16 25 4 9 28 21 32 2 30
1 26 6 4 11 31 10 2 21 23 18 3 25 22 12 28 14 9 7 8 5 30 13 27 29 20 17 19 16 15 24 32
19 3 8 28 7 6 5 32 22 16 11 15 10 14 26 12 30 24 13 2 1 9 27 29 23 17 18 25 31 4 21 20
16 29 27 2 12 11 32 15 23 30 22 8 31 20 9 5 17 4 28 24 13 25 10 6 7 3 21 1 14 18 19 26
25 2 26 20 27 22 16 13 3 32 14 19 29 30 4 17 28 8 23 18 11 6 5 15 31 9 1 21 12 10 7 24
21 18 3 12 1 4 8 7 24 10 23 2 28 26 13 19 11 25 9 16 15 20 22 17 5 32 6 31 29 14 30 27
9 32 14 17 26 30 6 4 2 20 19 7 23 24 1 29 21 13 5 8 25 10 31 11 3 15 18 27 22 12 28 16
18 23 22 14 25 32 28 10 1 6 12 13 9 29 11 30 15 5 31 2 7 4 8 26 21 16 19 3 20 24 27 17
32 31 1 5 9 15 22 30 17 24 2 25 20 6 28 21 16 14 10 27 8 11 19 7 23 18 12 26 13 29 3 4
4 17 25 15 8 27 10 28 26 23 32 29 11 1 18 5 19 3 21 22 30 24 12 31 6 2 7 14 9 20 16 13
1 7 29 22 2 15 13 6 25 21 17 32 27 3 16 8 14 31 4 5 24 12 20 28 30 23 26 10 19 11 9 18
14 9 6 1 32 13 7 25 21 2 15 17 10 30 20 28 22 11 27 16 29 8 4 18 5 24 31 19 23 26 12 3
28 2 12 29 16 30 27 17 4 13 18 10 1 21 3 11 32 9 24 31 22 15 5 19 25 6 20 8 14 7 26 23
20 26 24 19 28 18 3 7 8 4 27 2 16 5 23 12 11 21 6 10 14 31 13 32 17 22 1 25 15 9 29 30
32 18 13 8 19 27 10 21 9 16 3 28 25 12 31 15 23 29 7 26 2 11 24 14 22 20 30 1 6 17 4 5
9 4 19 13 15 31 17 30 23 7 11 18 22 26 25 1 27 8 5 3 32 20 10 24 29 28 12 21 16 2 6 14
18 25 5 7 9 11 13 29 19 14 16 6 26 20 21 3 8 24 12 28 1 10 22 23 15 30 17 4 31 27 2 32
11 13 31 4 20 32 1 5 18 10 21 17 9 22 19 14 27 3 30 24 29 12 6 28 7 23 2 26 25 15 8 16
16 4 21 5 11 6 22 10 17 1 26 32 28 7 8 27 30 31 20 23 3 24 2 19 12 18 9 25 29 14 15 13
10 32 16 27 1 19 9 25 13 4 8 11 23 14 28 29 12 5 18 21 24 3 15 7 20 6 26 31 2 22 30 17
29 7 8 10 14 16 17 2 24 22 15 6 27 13 11 19 23 25 31 4 5 30 9 26 28 1 21 3 12 32 18 20
12 9 16 2 7 17 5 6 26 3 23 8 20 25 1 30 19 10 13 18 22 15 29 14 31 32 27 28 21 11 24 4
25 17 6 15 16 7 28 32 2 20 5 3 31 24 26 13 22 14 8 30 10 4 27 18 23 9 19 12 11 29 21 1
21 8 3 14 23 13 16 28 1 30 12 19 2 17 18 26 15 29 6 5 11 31 4 10 20 22 32 27 25 24 7 9
20 23 10 11 32 1 7 24 25 28 19 13 22 2 12 16 26 18 9 14 30 8 21 31 29 15 5 4 6 17 3 27
1 31 30 29 10 22 8 7 4 17 14 28 3 18 9 15 21 11 25 27 19 13 23 32 6 16 20 26 5 2 12 24
16 12 8 28 20 5 3 25 6 1 27 15 29 2 13 32 10 9 4 30 31 14 11 24 21 17 18 19 23 7 26 22
4 25 14 30 28 7 6 17 22 23 20 8 19 29 10 1 32 5 27 16 15 12 13 11 18 24 31 21 2 26 9 3
14 29 13 12 26 4 1 15 27 6 3 32 2 18 22 11 28 19 23 31 24 9 5 17 25 7 21 8 20 10 30 16
32 15 26 22 11 6 27 4 31 16 17 2 25 14 3 21 12 18 28 24 30 23 8 19 5 20 7 10 13 9 29 1
19 18 21 20 25 1 9 2 7 13 32 10 11 24 8 28 16 4 5 23 14 6 31 3 22 15 17 30 29 12 27 26
11 23 28 2 9 32 27 3 17 24 4 25 16 6 18 30 26 14 29 10 13 20 19 7 12 1 31 22 21 15 8 5
21 3 27 8 1 13 22 32 9 7 4 17 10 29 12 5 30 11 20 18 2 16 6 15 31 28 26 25 19 14 24 23
28 26 22 19 14 5 8 13 12 20 18 25 23 7 4 29 15 31 30 21 10 2 24 11 17 3 9 1 16 27 6 32
29 11 23 1 15 22 13 6 31 19 16 7 9 5 10 12 17 21 8 26 32 25 2 28 3 30 18 14 27 24 4 20
20 9 5 4 28 19 6 12 2 21 11 15 31 13 26 17 10 8 7 3 14 30 23 16 18 32 1 25 22 29 27 24
1 19 32 27 2 17 9 29 13 30 16 18 20 22 25 14 6 10 23 28 8 11 12 31 7 24 5 4 21 26 15 3
21 8 24 11 19 16 32 5 26 2 22 17 28 12 20 30 14 25 29 4 13 1 9 10 3 6 7 31 23 15 18 27
19 31 27 10 23 7 3 28 25 4 32 29 11 1 30 26 8 21 9 14 5 24 13 18 15 20 2 12 16 22 6 17
9 3 10 7 25 13 5 24 1 14 8 6 26 20 23 15 4 18 28 31 11 16 19 29 12 17 27 22 2 32 21 30
4 25 24 2 10 31 22 21 23 28 27 7 1 17 13 12 11 19 6 3 15 8 20 14 5 18 32 30 29 9 26 16
14 17 1 15 32 16 27 13 24 23 3 11 25 2 19 28 26 29 21 5 31 20 6 8 22 7 30 10 12 18 9 4
18 32 30 5 1 15 7 4 19 22 20 13 16 14 3 21 28 11 10 23 29 6 27 24 17 9 12 25 31 2 8 26
10 8 13 30 11 4 3 25 27 32 16 24 19 29 28 5 6 14 18 21 22 31 2 26 7 23 20 1 15 17 12 9
11 15 23 8 7 18 13 12 4 21 14 28 31 6 16 29 22 9 24 26 19 1 10 17 25 30 2 27 5 20 3 32
12 29 19 22 2 6 1 5 18 7 17 32 9 25 31 8 14 4 20 30 16 23 11 3 28 15 26 21 13 10 24 27
19 11 28 20 26 32 10 6 21 30 12 25 29 7 1 27 17 13 8 22 2 24 4 23 31 3 5 14 9 15 16 18
25 7 32 1 14 4 6 3 26 2 19 8 10 5 30 13 21 31 27 18 29 9 15 16 23 22 17 12 20 11 28 24
29 13 26 14 20 31 28 21 4 16 8 17 27 6 25 32 23 24 5 10 1 15 12 7 18 9 19 30 11 22 2 3
21 4 22 13 19 1 10 32 3 14 5 2 28 26 12 11 8 29 7 16 30 25 24 15 20 17 27 31 6 9 18 23
1 12 30 5 7 6 32 10 2 20 27 3 23 13 26 17 16 8 29 28 15 4 22 11 25 24 31 19 9 18 21 14
32 31 14 28 15 5 6 4 13 10 22 18 3 17 23 26 19 25 9 27 1 2 21 24 30 16 7 8 11 12 29 20
18 26 27 19 28 15 16 2 25 13 32 29 20 7 9 3 23 5 4 24 8 11 31 17 21 6 1 10 12 14 30 22
12 2 31 4 11 7 8 24 23 28 15 10 25 18 20 19 6 14 30 16 5 13 29 32 3 1 21 22 27 26 9 17
4 23 21 8 2 19 28 17 27 32 3 25 22 12 11 1 10 31 18 5 16 6 9 26 29 7 30 14 13 24 15 20
10 17 13 1 26 11 9 6 12 16 14 8 2 24 22 27 30 4 7 21 25 31 15 23 20 32 18 3 19 29 28 5
9 19 5 22 14 16 27 29 21 23 8 32 1 25 10 13 15 3 20 26 2 30 6 7 17 18 12 28 31 11 4 24
20 7 28 30 16 17 1 13 24 22 4 15 27 29 3 14 11 18 10 2 5 8 12 19 31 23 9 21 25 26 6 32
11 15 32 12 9 22 5 28 26 7 18 17 10 1 16 21 4 13 24 3 8 25 29 31 23 2 20 19 6 14 27 30
25 9 12 15 23 13 27 32 18 19 11 22 31 14 1 29 17 24 21 30 3 20 6 28 7 16 26 8 5 10 2 4
14 13 26 29 1 32 8 15 6 4 17 2 3 22 31 30 21 9 25 10 19 11 24 16 5 28 7 12 20 27 18 23
28 3 1 20 10 18 13 4 7 17 23 24 29 5 26 32 14 21 6 27 31 16 19 11 25 22 2 30 15 8 12 9
18 2 23 14 25 16 7 29 22 30 27 19 28 26 20 3 6 10 31 4 13 12 21 8 15 9 32 1 11 17 24 5
32 18 5 13 20 1 16 25 2 24 23 28 9 17 21 30 19 8 12 22 11 14 10 6 3 4 27 31 15 7 29 26
10 25 27 1 32 5 13 7 19 21 12 29 20 18 9 11 8 3 28 24 16 2 23 14 4 6 17 30 31 15 26 22
21 26 8 19 12 7 9 6 4 3 17 10 16 1 13 15 22 29 24 18 31 23 11 32 28 2 5 25 27 20 30 14
1 29 22 15 23 17 6 21 3 4 20 13 2 25 11 26 30 19 7 28 14 9 31 10 12 18 32 27 5 8 16 24
16 17 14 20 7 6 32 12 1 23 21 2 19 13 25 28 10 11 5 8 22 24 15 31 30 3 18 26 29 9 4 27
28 11 23 4 19 31 8 2 7 17 5 15 26 29 12 27 14 24 25 16 30 13 22 3 21 1 20 10 9 32 6 18
9 29 1 30 10 15 5 13 24 20 16 11 31 14 28 32 8 4 21 23 2 6 19 17 18 7 26 22 25 12 27 3
14 13 10 12 32 11 7 15 25 6 19 28 20 24 22 5 17 18 30 26 1 31 8 29 4 23 21 3 16 27 2 9
19 25 13 28 20 11 1 32 31 14 18 3 27 22 10 8 4 5 6 30 29 16 9 26 15 24 2 21 23 7 12 17
4 9 12 22 16 32 27 7 18 2 3 6 11 21 23 1 19 13 28 14 25 24 10 8 5 17 30 31 29 20 15 26
20 3 26 1 8 5 6 4 13 21 22 7 29 2 31 11 16 25 18 27 14 15 24 23 17 30 9 12 19 10 28 32
12 11 32 27 26 22 28 25 19 16 4 18 1 5 20 29 17 10 31 2 13 14 8 7 23 9 21 3 6 15 24 30
32 23 21 14 1 18 13 24 22 19 27 17 28 7 30 5 15 3 10 31 16 9 20 11 25 6 12 8 2 29 26 4
29 8 31 13 25 7 16 3 27 24 23 32 10 1 4 26 21 14 9 28 11 6 12 18 22 15 19 30 20 17 2 5
10 18 29 19 2 13 5 17 21 3 20 8 25 24 16 14 6 9 27 4 15 30 11 32 31 28 1 26 12 22 7 23
1 15 24 20 32 17 10 28 25 22 27 19 11 18 26 8 23 31 4 30 5 12 29 6 3 16 7 14 21 2 9 13
25 26 28 12 9 1 22 24 13 7 3 17 20 2 11 15 10 21 5 18 31 23 6 14 29 4 32 19 16 27 8 30
9 7 31 27 20 16 32 5 24 6 15 25 26 12 21 17 8 11 30 3 1 2 23 19 28 22 18 4 13 10 29 14
14 2 23 1 15 31 27 10 6 32 5 18 19 17 12 13 30 8 29 24 22 4 9 28 7 3 26 25 11 20 21 16
21 29 10 30 25 11 7 6 23 17 14 3 9 26 31 28 15 18 13 8 19 20 27 16 12 24 2 1 5 32 4 22
20 19 1 5 16 6 7 28 4 24 21 13 10 29 26 32 17 3 12 22 8 11 2 15 18 23 30 31 25 14 9 27
14 3 13 4 1 30 8 10 27 32 11 29 23 12 22 21 16 19 20 26 2 31 9 28 7 15 17 25 5 18 6 24
16 7 12 8 19 15 1 29 26 23 17 6 20 25 28 3 11 5 4 2 22 13 21 14 30 32 9 10 31 24 27 18
21 31 8 29 28 18 5 32 22 20 19 25 3 17 13 11 6 14 27 23 30 12 24 10 4 16 7 1 2 15 26 9
11 23 14 2 10 7 6 15 18 30 32 28 9 29 25 27 26 13 24 5 16 4 19 31 3 1 20 22 21 12 8 17
25 15 26 14 2 32 27 17 1 7 16 11 29 13 23 30 22 8 6 10 19 20 31 18 28 4 5 21 12 9 24 3
4 13 23 29 26 5 9 25 2 16 22 7 19 20 1 28 30 8 10 31 3 24 27 6 17 18 12 14 15 11 21 32
20 29 28 22 15 1 32 21 3 14 18 19 27 26 10 5 16 31 13 8 24 2 12 23 25 6 30 4 11 17 7 9
32 26 21 12 25 15 7 24 17 19 4 2 27 18 9 13 22 10 8 16 5 31 6 3 29 28 1 14 23 11 30 20
10 19 27 5 7 6 16 3 21 4 11 17 26 22 23 15 14 9 25 2 8 1 20 18 28 30 12 31 13 32 29 24
16 12 26 15 19 5 13 4 17 22 20 3 11 18 1 8 21 25 6 10 14 23 2 7 31 24 32 30 9 29 28 27
25 8 32 20 12 11 10 2 6 17 16 7 1 13 9 3 4 18 29 14 5 30 31 28 22 23 19 21 15 27 24 26
12 15 29 14 11 17 1 25 3 10 18 13 16 2 20 5 8 4 30 28 31 24 6 32 23 9 26 19 27 7 21 22
4 9 10 13 14 19 8 5 1 2 23 32 28 24 11 30 12 21 31 22 3 20 29 17 18 6 7 27 25 26 15 16
28 7 13 1 8 31 9 17 4 6 21 18 29 14 10 32 30 11 5 24 2 15 23 19 25 22 27 26 12 20 16 3
1 2 24 4 26 22 32 6 27 3 8 10 19 7 30 28 23 29 9 31 11 13 20 15 21 18 17 25 16 14 12 5
20 13 30 19 1 32 27 12 25 28 22 29 23 5 3 14 10 31 21 26 24 16 15 11 7 17 9 8 6 2 4 18
19 25 22 30 32 18 28 29 23 7 14 8 31 20 4 26 15 24 10 21 1 6 27 16 17 3 5 12 11 9 2 13
29 32 1 28 23 30 22 13 31 24 5 11 25 26 16 21 17 10 18 27 19 9 12 6 15 4 2 3 20 8 7 14
