26805 10699 7450 7103 6958 5954 4416 3249 2563 2281 2067 1765 1971 1521 1382 1099 1224 967 892 1008 875 892 785 592 552 439 492 304 349 310 280 272 267 228 205 183 142 140 132 127 116 109 96 88 76 60 52 53 42 36 29 33 26 24 24 23 21 18 15 12 11 10 9 10 9 7 6 5 4 4 3 3 3 3 2 2 2 2 2 1 1 1 1 1 1 1 1 1 1
7 3 20 10 17 11 16 13 12 8 22 21 23 18 19 15 14 1 5 24 4 6 2 9
3 6 7 13 5 23 1 19 11 20 18 10 24 17 2 16 14 15 21 22 4 9 8 12
7 11 9 24 4 22 15 1 19 10 8 2 20 14 12 23 3 18 5 17 16 6 13 21
22 15 2 12 14 5 21 23 19 20 24 7 8 11 6 3 9 13 4 18 10 17 16 1
4 20 10 22 15 12 3 9 19 16 2 11 13 23 18 7 21 6 17 1 24 8 5 14
24 10 1 21 4 23 20 11 6 12 22 18 17 8 5 14 7 2 19 3 9 15 16 13
6 19 18 9 11 3 13 4 21 23 8 15 7 10 22 12 14 5 2 17 16 24 1 20
3 8 12 24 13 17 1 21 11 19 9 5 20 14 6 23 18 4 15 7 22 16 10 2
2 6 9 20 16 22 17 21 10 1 13 3 24 14 19 15 18 4 8 23 5 12 7 11
8 3 12 7 15 18 16 24 4 19 5 17 13 11 21 22 6 20 2 9 23 14 1 10
3 6 19 10 4 7 1 18 5 9 8 15 2 14 22 23 11 12 17 20 16 24 13 21
2 13 14 19 9 17 21 8 22 24 6 7 23 10 15 3 1 20 4 11 18 12 16 5
21 23 15 18 19 3 1 2 8 16 13 20 4 24 10 17 14 9 5 7 11 6 12 22
7 3 6 19 14 16 11 4 10 23 17 24 9 2 5 22 1 13 12 15 8 21 18 20
24 19 1 10 18 2 16 6 23 14 22 17 13 11 4 8 7 15 20 9 5 3 21 12
17 18 12 7 11 4 6 23 21 22 1 9 13 3 19 16 2 24 15 10 20 5 8 14
2 6 8 23 3 14 20 10 13 21 24 11 17 16 9 15 5 22 1 18 4 12 7 19
8 20 2 9 16 12 13 22 11 4 15 21 7 10 17 6 19 5 3 23 14 24 18 1
6 15 13 5 4 17 22 14 3 24 9 12 8 7 19 23 21 18 2 1 10 16 11 20
24 18 9 12 13 4 10 11 19 23 1 5 20 14 16 8 3 21 7 17 22 15 2 6
21 12 17 20 2 22 15 4 18 6 7 23 14 19 5 11 24 3 16 10 9 1 13 8
22 10 14 21 23 16 17 8 6 12 5 2 1 11 20 9 18 4 19 3 24 7 15 13
18 21 6 23 15 14 11 1 5 10 13 7 24 3 22 12 9 2 4 20 8 19 17 16
17 24 8 7 9 18 20 19 22 16 6 15 5 23 4 3 11 10 14 12 13 21 1 2
8 15 12 9 18 2 16 6 24 19 7 20 23 4 10 22 21 13 17 1 14 3 11 5
3 13 1 10 4 17 6 9 21 20 22 24 2 7 15 23 19 5 12 11 18 14 16 8
7 20 2 18 19 3 13 21 11 22 9 23 8 24 17 16 1 6 4 15 10 5 12 14
4 12 19 5 16 7 22 18 24 14 15 9 13 17 6 3 2 10 20 23 11 21 8 1
2 24 13 19 11 23 3 14 22 9 8 10 7 4 15 6 20 12 17 18 16 1 21 5
6 8 15 20 24 22 17 10 19 4 1 7 5 21 2 23 11 9 14 12 18 16 13 3
3 13 17 12 2 4 10 24 5 23 18 11 14 19 21 8 6 15 16 9 20 7 1 22
4 6 19 8 5 12 21 23 18 14 22 15 1 11 16 7 24 3 20 17 13 9 2 10
8 20 7 24 14 5 15 18 3 21 13 2 9 23 10 17 19 4 12 22 11 6 16 1
6 19 1 5 18 7 11 2 8 16 24 12 17 10 4 22 14 13 21 23 9 3 15 20
17 3 15 12 9 4 20 21 23 19 5 24 10 14 6 13 18 22 1 11 8 16 7 2
7 24 12 19 15 18 17 22 13 20 6 21 23 3 5 11 9 2 8 10 4 14 1 16
3 12 9 20 23 17 10 24 4 6 1 5 13 7 22 15 11 18 2 14 16 21 8 19
4 21 8 18 3 16 22 10 24 7 15 11 20 2 12 9 5 23 14 1 13 19 17 6
2 6 13 10 12 23 1 14 19 9 17 20 7 22 4 16 3 5 21 11 24 15 18 8
18 8 9 23 16 14 11 3 15 4 2 17 24 6 19 12 20 21 7 10 22 1 13 5
17 18 22 1 13 9 20 12 4 15 8 3 2 16 6 11 21 24 19 23 14 7 5 10
22 13 8 21 23 17 24 19 6 1 9 18 5 11 10 16 7 15 20 14 4 3 2 12
18 12 6 2 5 7 3 4 1 22 19 24 8 23 15 9 11 13 14 17 10 16 21 20
8 10 1 19 9 2 22 23 13 14 18 15 7 4 20 6 21 11 17 3 16 5 12 24
4 23 12 20 19 16 21 6 3 10 1 9 14 24 5 15 2 18 8 22 11 7 17 13
7 21 2 24 11 3 1 22 23 12 15 17 20 16 4 13 6 10 5 9 8 19 18 14
6 19 17 8 16 18 13 21 5 23 22 7 10 14 15 11 3 4 2 12 20 9 1 24
17 13 15 18 3 5 6 9 8 23 24 21 4 10 2 7 14 22 16 12 20 1 11 19
4 18 7 2 24 22 10 6 19 20 5 23 13 17 12 16 9 11 1 15 14 21 8 3
2 20 19 5 15 4 24 14 11 16 13 12 23 21 17 22 18 10 3 1 9 6 7 8
6 8 7 24 14 2 3 21 1 20 19 11 4 23 22 9 5 18 12 17 16 15 13 10
22 3 13 8 18 14 10 4 23 12 5 21 17 11 19 7 20 2 1 9 24 6 15 16
24 8 2 19 23 4 11 22 5 10 17 12 20 14 21 15 6 3 7 1 18 9 16 13
3 20 17 1 14 9 16 23 8 19 15 18 2 7 10 12 24 4 5 11 22 21 13 6
7 24 9 23 16 22 17 19 18 1 13 3 10 4 6 8 5 15 12 14 11 21 2 20
8 21 6 5 19 3 13 12 11 15 9 7 24 16 20 17 1 10 2 23 4 14 18 22
7 15 1 20 11 23 21 18 24 14 22 9 8 17 4 6 2 13 16 3 10 19 5 12
4 19 7 10 13 5 20 3 15 12 6 11 23 2 21 9 14 24 17 22 18 16 1 8
6 18 22 5 24 14 15 23 4 9 2 10 13 21 16 17 19 12 8 11 20 1 7 3
2 10 15 9 18 16 6 21 11 4 19 23 1 24 12 13 3 22 5 17 14 7 8 20
6 23 13 19 12 2 3 14 5 21 1 24 4 10 22 8 11 18 7 20 9 15 17 16
3 6 7 8 23 17 1 4 19 20 15 5 2 22 10 11 24 21 14 18 13 9 16 12
8 21 22 24 3 14 16 10 1 19 17 15 20 6 9 7 18 11 2 23 4 5 12 13
7 10 15 12 14 23 11 6 13 4 8 18 17 24 20 22 5 21 3 9 16 19 2 1
4 13 2 23 15 7 11 19 18 20 1 24 9 10 17 12 6 22 16 14 8 3 21 5
24 12 13 10 16 18 20 21 4 1 5 17 23 2 19 15 14 3 7 22 11 9 8 6
3 23 12 5 4 16 17 14 6 10 13 7 24 21 9 15 2 18 8 20 22 1 11 19
18 8 17 9 11 5 1 10 23 19 2 15 14 7 4 13 3 24 21 12 20 6 16 22
24 3 19 21 9 4 6 23 1 16 22 5 8 7 18 17 20 12 2 15 11 14 13 10
22 24 10 19 13 16 3 6 23 12 9 17 1 2 20 11 7 4 14 15 18 21 5 8
18 20 19 1 3 2 16 4 8 7 6 23 5 14 21 9 11 22 17 12 24 15 13 10
3 24 12 20 15 14 13 4 19 22 21 9 5 6 2 23 18 11 7 1 10 8 17 16
2 12 22 8 23 5 1 19 11 10 17 6 14 4 16 7 9 13 3 15 24 21 18 20
8 19 17 12 24 18 22 23 3 1 9 21 10 16 15 13 4 7 5 20 11 14 2 6
24 15 2 23 11 20 3 22 12 21 5 10 4 14 6 9 19 18 8 17 13 16 7 1
22 6 13 21 9 4 5 10 1 16 19 23 20 18 15 8 11 2 24 3 14 7 12 17
7 23 9 2 12 17 16 24 8 20 13 5 1 22 19 15 21 4 14 18 10 6 11 3
3 10 8 24 13 14 6 16 18 19 2 9 7 21 17 23 20 11 1 12 4 15 5 22
2 3 19 9 4 7 15 18 11 10 1 20 13 24 16 6 14 12 21 23 22 5 17 8
24 8 7 5 16 22 13 12 4 21 6 10 23 17 14 9 18 3 2 11 20 1 15 19
17 13 15 1 11 2 21 19 23 7 22 18 24 4 14 12 6 10 3 20 8 9 5 16
8 20 6 18 14 5 17 4 13 12 15 7 23 10 2 22 21 3 24 1 9 16 11 19
7 8 12 10 9 17 5 6 4 22 13 23 2 14 19 11 3 24 16 15 18 21 1 20
4 6 7 1 11 14 3 10 19 23 5 9 17 2 12 22 24 13 21 18 20 8 15 16
6 13 9 23 15 2 21 14 3 20 22 7 24 18 4 8 19 11 5 17 16 1 12 10
22 15 13 5 3 23 16 24 6 4 19 10 20 21 14 9 11 18 17 1 8 7 2 12
18 20 15 24 19 22 10 23 12 21 9 5 4 16 6 11 1 2 8 14 13 3 7 17
17 23 1 21 16 4 20 22 5 15 24 18 8 6 2 12 7 10 14 11 9 19 13 3
24 18 2 19 14 20 1 16 23 7 6 15 10 22 21 17 9 4 12 3 11 5 8 13
