17407 9695 11382 9695 9695 6776 4170 4170 3991 2919 3005 2740 2410 2381 1537 1312 1069 980 694 694 531 399 313 332 289 219 179 182 179 140 89 80 66 47 39 39 30 19 21 16 15 11 8 8 5 5 3 3 2 2 2 1 1 1 1 1
10 4 12 7 13 6 5 3 11 9 14 2 8 1
9 14 6 3 13 5 7 10 11 2 12 8 4 1
1 12 3 14 4 13 7 5 8 2 6 9 11 10
13 7 5 8 3 10 2 9 11 1 12 14 6 4
2 9 8 13 14 5 6 12 10 11 3 4 7 1
11 1 6 7 13 3 10 2 14 9 4 5 12 8
10 12 14 2 9 4 8 3 13 5 11 7 1 6
9 13 8 11 4 2 10 7 12 6 1 3 14 5
10 7 3 14 2 8 5 6 4 11 12 9 1 13
9 1 6 7 12 3 2 14 8 4 5 10 11 13
10 14 5 2 9 4 8 3 13 6 11 7 12 1
11 6 7 1 2 12 5 4 9 10 14 13 3 8
8 13 3 11 4 10 9 6 12 5 2 1 14 7
9 11 6 14 13 2 5 7 10 1 12 3 8 4
2 12 10 3 5 9 4 7 13 6 1 8 11 14
1 9 5 11 3 10 12 8 14 2 13 7 4 6
5 3 9 7 14 8 2 12 11 4 1 6 13 10
11 6 10 14 4 3 9 1 8 2 7 5 12 13
8 11 12 3 9 13 7 14 2 4 5 10 1 6
10 12 7 2 3 4 8 5 9 6 11 13 1 14
1 9 5 11 12 2 6 4 13 10 14 8 3 7
1 13 12 3 2 10 9 8 11 5 4 7 14 6
9 14 12 1 13 3 5 6 2 4 7 8 11 10
10 9 7 1 3 8 6 12 11 2 13 5 4 14
8 11 9 3 14 2 10 1 12 4 5 6 13 7
5 6 12 7 9 3 4 14 13 11 2 1 8 10
11 3 5 7 4 9 8 12 2 6 14 10 1 13
1 9 10 8 13 4 2 6 12 5 11 3 14 7
13 12 7 2 14 5 9 4 11 1 3 10 6 8
2 13 6 7 5 3 10 14 4 11 12 9 8 1
9 14 12 11 5 8 7 1 2 10 13 4 3 6
11 3 8 7 13 10 5 9 12 6 2 4 1 14
10 11 5 14 4 9 7 12 8 2 13 1 3 6
1 14 12 3 13 8 6 9 2 4 5 7 11 10
5 13 6 1 3 2 4 8 12 10 7 9 11 14
8 6 5 2 13 10 7 9 4 11 12 3 1 14
9 3 10 14 2 4 12 8 13 11 5 7 1 6
13 14 6 3 5 9 8 12 2 10 11 1 4 7
5 12 7 14 13 3 8 9 11 6 2 1 4 10
1 9 12 11 5 2 6 8 13 10 7 4 3 14
8 11 7 1 14 5 9 12 2 10 3 4 6 13
9 14 12 3 2 10 5 6 8 4 11 13 1 7
1 13 10 8 4 3 12 14 9 5 2 7 11 6
5 13 12 1 4 2 7 9 8 11 3 10 14 6
2 11 5 8 14 4 12 9 13 6 7 10 3 1
11 6 12 8 4 3 10 14 9 2 5 13 1 7
2 9 8 11 3 5 4 12 13 6 7 1 14 10
13 9 6 3 2 10 4 8 12 5 11 7 1 14
8 14 10 1 13 5 6 12 9 2 11 3 4 7
9 12 7 8 4 5 10 6 11 1 2 3 14 13
2 6 7 11 14 10 9 8 12 5 13 4 3 1
5 14 8 3 13 4 12 9 2 6 11 7 1 10
5 9 8 2 4 3 6 12 11 10 7 1 14 13
13 14 8 1 3 2 12 6 9 5 11 10 4 7
8 9 10 3 14 4 6 12 2 1 5 7 11 13
11 13 6 14 2 5 12 9 8 4 7 1 3 10
