1513 1539 1299 1257 879 793 621 489 351 199 228 212 163 124 73 44 43 42 40 22 22 14 7 8 4 3 3 3 2 1 1 1
1 7 3 2 4 6 5
5 3 7 1 6 2 4
4 1 6 7 5 2 3
7 4 5 3 1 6 2
3 6 4 1 2 7 5
6 2 3 5 7 4 1
2 7 6 4 5 1 3
1 5 2 7 4 3 6
3 2 4 6 1 5 7
1 7 5 6 3 2 4
6 5 4 3 1 7 2
5 7 3 4 2 1 6
1 2 7 6 3 5 4
6 2 1 7 5 4 3
2 5 3 4 6 1 7
5 4 1 3 6 2 7
1 5 4 3 6 2 7
7 4 2 6 5 1 3
2 7 1 4 3 5 6
4 7 2 1 6 3 5
7 5 4 3 6 2 1
4 7 1 6 5 3 2
7 2 1 5 3 4 6
1 7 4 5 6 3 2
7 5 2 6 3 4 1
6 2 7 4 3 5 1
7 2 1 6 3 4 5
6 4 7 5 3 2 1
6 7 1 4 5 2 3
7 2 4 6 5 3 1
1 7 4 6 5 3 2
7 2 1 6 5 4 3
