0.1254309819749204 0.1267892721652315 0.11615661694280292 0.07362095571527923 0.0680993085716771 0.0616230941938422 0.042280534112472776 0.012513423502115496 0.04364392345100164 0.023035052810944125 0.049039138329989865 0.04452624521851543 0.022361899852967604 0.0143865064990525 0.03491011462963947 0.023561524198980523 0.014178085812792887 0.026721083027420763 0.013797659794661465 0.016582160952063673 0.01351713748284567 0.008888664807694848 0.010146549506531183 0.005988880825866526 0.0049322727287623705 0.003268912891927829
8 5 6 2 7 3 1 4
3 6 8 7 1 5 4 2
7 1 3 6 4 2 8 5
1 4 2 5 8 7 6 3
4 5 7 8 2 6 3 1
5 2 4 1 3 8 7 6
3 8 5 4 6 1 2 7
6 7 1 3 2 4 5 8
2 3 5 8 7 1 4 6
8 7 4 3 5 2 6 1
8 5 2 1 6 7 3 4
6 8 4 5 1 3 2 7
1 2 5 4 7 6 8 3
2 3 7 6 4 8 5 1
8 4 1 3 7 5 6 2
1 6 2 5 3 4 7 8
3 1 7 2 5 8 4 6
1 5 6 2 4 7 8 3
4 7 8 1 2 3 6 5
3 7 1 8 2 6 5 4
8 5 3 6 7 2 4 1
2 4 5 6 1 3 7 8
6 1 2 4 7 8 5 3
5 6 7 3 2 1 8 4
3 2 7 8 1 4 6 5
1 4 8 7 3 5 2 6
