0.1707628306624041 0.14897076106685878 0.11078961695715848 0.09236665863674762 0.08675063617210496 0.03713057969591052 0.029007135232702423 0.024982175493616122 0.02963153429714982 0.03105060338814412 0.035576743537585435 0.02739007954649856 0.01805800131470107 0.02945132835920297 0.020342758924074267 0.029043446548989764 0.02118080579420484 0.012804745422333138 0.012385426888277085 0.009196896820887715 0.00901025482035998 0.0045988724291291675 0.005652713454296284 0.0038653945366628967
6 1 7 8 5 2 3 4
4 3 6 2 8 5 1 7
5 8 7 6 1 3 4 2
1 6 4 3 2 7 8 5
8 5 3 4 7 1 2 6
2 4 5 1 6 8 7 3
7 2 1 5 4 3 6 8
3 2 8 7 5 6 4 1
4 7 2 1 3 8 5 6
2 8 6 5 1 4 3 7
5 7 1 8 6 3 2 4
1 6 4 7 8 5 3 2
8 2 5 3 4 7 6 1
2 3 6 1 5 7 4 8
4 8 7 1 2 6 5 3
1 2 5 3 6 8 4 7
4 2 6 5 8 3 7 1
2 3 4 7 1 5 8 6
5 6 7 1 4 8 2 3
3 8 1 7 2 5 6 4
8 5 2 7 4 3 1 6
4 6 5 8 3 1 7 2
2 6 8 4 1 5 7 3
3 1 4 5 8 6 2 7
