12573 11641 10957 10127 8586 7469 5886 4616 3627 3310 2687 2735 2402 2119 1733 1609 1168 959 950 768 496 535 519 363 412 313 266 194 185 165 111 90 83 69 45 42 37 23 25 19 17 15 14 8 7 5 5 3 3 2 1 1 1 1 1 1 1
6 4 10 5 7 8 2 3 1 9
9 1 7 3 8 2 10 6 5 4
7 3 9 2 4 10 8 1 6 5
8 10 6 9 5 7 1 4 3 2
3 5 8 4 7 1 9 2 10 6
2 6 5 8 10 3 4 7 9 1
4 7 2 1 9 5 3 10 6 8
10 2 1 7 4 9 6 5 8 3
6 8 3 10 1 4 7 9 2 5
2 9 1 5 8 3 10 6 4 7
1 4 3 8 2 6 5 9 7 10
10 2 4 5 3 9 6 8 7 1
4 9 2 6 1 10 3 7 5 8
3 4 8 6 9 1 2 5 10 7
5 3 10 1 6 8 7 9 2 4
6 7 4 10 5 1 8 2 9 3
3 9 5 10 2 6 4 1 8 7
8 2 3 9 6 5 10 1 7 4
9 8 6 1 7 2 5 3 4 10
7 10 1 9 8 5 6 4 2 3
5 8 4 7 10 9 3 2 6 1
8 5 2 7 9 3 1 6 10 4
4 1 9 10 8 7 2 6 3 5
8 2 10 5 1 6 7 3 4 9
1 8 5 7 10 2 3 4 9 6
9 7 3 1 8 10 4 2 6 5
5 2 10 4 1 3 6 9 8 7
10 9 4 6 3 5 7 2 8 1
4 10 8 1 2 7 5 3 6 9
1 4 5 9 6 2 8 7 10 3
8 9 2 10 1 5 7 6 3 4
10 8 6 3 9 7 5 1 2 4
5 7 10 6 3 1 2 9 4 8
1 10 2 4 9 3 7 6 8 5
10 4 2 5 3 8 6 7 9 1
4 9 6 1 8 10 5 7 2 3
1 7 5 3 10 8 2 4 6 9
8 4 2 9 5 10 3 1 7 6
5 9 3 10 2 7 1 4 8 6
4 10 9 6 1 5 8 7 2 3
10 8 2 4 7 1 3 9 6 5
10 2 8 3 9 7 5 6 4 1
8 4 5 9 2 10 6 1 7 3
8 9 6 5 1 10 7 4 2 3
9 7 3 10 6 8 2 1 4 5
5 9 4 3 10 7 1 6 2 8
10 8 6 4 3 5 7 9 2 1
9 10 8 6 7 5 2 1 4 3
5 9 4 6 10 1 2 7 8 3
4 10 9 3 1 8 2 7 6 5
8 4 3 5 9 10 7 6 2 1
7 4 6 9 8 5 2 1 10 3
8 10 4 6 9 1 3 7 2 5
4 9 5 10 8 7 1 6 2 3
4 8 3 9 2 5 6 7 10 1
7 2 8 10 9 1 3 6 4 5
8 4 9 5 7 10 2 1 6 3
