0.1508435926257372 0.14596518602626077 0.11720488996597336 0.10224933241397093 0.059674799869089905 0.0895849903741045 0.008042811444977389 0.02132197252703498 0.009001481101554071 0.03888175501569023 0.07832317212819474 0.01937010078850015 0.04384097099977501 0.03701862307429375 0.027697567617900962 0.01679104966256284 0.01364690402564324 0.00846070236692818 0.007828805789205577 0.00425129218260228
1 6 5 4 2 3
5 1 3 2 4 6
6 3 2 5 1 4
4 5 1 6 3 2
2 4 6 1 5 3
4 2 5 3 1 6
3 2 1 4 6 5
3 6 5 1 4 2
6 4 2 3 5 1
6 2 5 1 3 4
5 6 1 4 2 3
2 5 4 6 1 3
3 1 2 4 5 6
2 4 5 1 6 3
6 4 3 1 5 2
3 2 5 6 4 1
6 4 5 2 1 3
2 6 3 4 5 1
3 5 1 2 4 6
6 3 2 1 4 5
