8449 7746 7138 6792 5957 6146 5674 5375 5130 4619 4531 4110 3534 2774 1892 1892 1894 1668 1508 1156 1204 994 1103 1002 934 809 703 569 537 419 430 396 344 307 274 236 193 157 179 132 133 106 82 87 83 76 66 52 48 41 42 30 26 29 23 23 17 15 15 14 11 9 9 6 6 6 5 4 4 4 3 2 2 2 2 2 1 1 1 1 1 1 1 1
10 11 13 5 8 4 2 3 6 14 1 15 7 9 12
1 3 9 11 5 8 14 10 7 13 4 12 15 2 6
9 12 10 7 15 6 1 11 5 3 13 2 4 8 14
2 6 3 15 9 1 5 14 8 4 11 10 13 12 7
4 13 11 2 3 12 7 1 10 8 5 6 15 14 9
6 8 12 1 2 15 13 9 3 5 10 4 14 7 11
7 4 8 14 11 13 12 2 6 10 15 1 9 3 5
8 9 7 12 10 5 4 6 14 15 1 3 11 13 2
15 7 6 10 4 14 11 13 1 12 2 9 3 5 8
13 2 4 3 14 7 6 8 15 1 9 5 12 11 10
14 15 1 13 7 2 10 5 4 9 12 11 8 6 3
5 1 2 4 12 9 8 3 11 7 14 13 6 10 15
2 10 5 9 6 11 15 7 12 8 3 14 1 4 13
12 3 14 8 1 10 9 11 13 2 6 7 5 15 4
1 12 15 6 13 3 14 4 2 11 7 8 5 9 10
4 5 13 11 7 12 3 15 9 6 8 10 2 1 14
11 14 9 8 15 7 2 12 13 3 5 6 4 10 1
3 8 11 6 9 5 1 4 2 14 10 15 7 13 12
7 13 15 2 3 11 14 1 9 5 6 8 10 12 4
9 12 8 5 1 13 3 14 10 4 7 2 6 15 11
5 6 14 15 13 8 4 2 3 10 11 12 1 9 7
4 14 5 10 12 6 15 9 7 11 8 3 2 1 13
6 3 10 7 11 14 1 13 15 12 4 5 9 2 8
14 5 1 11 10 9 13 3 8 15 7 4 12 6 2
10 4 7 6 14 2 11 15 12 1 8 13 5 3 9
12 7 11 1 15 3 6 9 4 14 13 2 10 8 5
13 11 15 2 4 12 10 7 9 6 3 14 8 5 1
11 10 5 9 2 7 14 8 1 13 6 12 4 15 3
1 14 3 4 8 13 12 5 6 11 10 9 2 7 15
15 12 8 2 13 6 7 14 10 4 11 1 3 9 5
13 6 4 12 1 3 8 2 11 10 9 15 7 5 14
8 10 14 5 12 9 2 13 11 7 4 3 6 1 15
3 2 6 10 5 8 9 15 14 13 11 7 1 4 12
15 12 1 9 6 11 3 8 10 7 14 4 5 2 13
5 13 9 1 7 14 15 12 2 4 10 6 11 8 3
9 5 15 2 8 6 13 7 4 11 12 1 3 10 14
4 1 11 6 9 7 10 14 8 5 3 15 12 13 2
13 9 10 15 12 2 1 3 6 4 5 14 7 11 8
14 6 3 4 10 9 5 2 1 15 13 11 8 7 12
11 14 15 12 5 10 9 1 8 7 6 4 13 3 2
1 9 11 13 14 2 7 6 4 12 8 10 15 3 5
11 7 10 15 9 13 3 8 2 6 4 5 1 12 14
12 4 1 10 6 8 11 5 9 13 14 7 2 15 3
1 5 8 11 13 7 15 12 14 10 3 2 9 6 4
3 14 9 2 7 15 4 13 6 8 5 12 11 10 1
11 12 6 4 14 10 1 7 15 13 9 8 5 2 3
9 4 5 15 1 12 6 2 13 10 3 14 7 11 8
8 1 7 5 2 3 13 14 15 9 12 11 10 4 6
10 5 3 12 8 9 2 15 1 7 6 13 14 11 4
7 13 4 9 15 2 10 3 12 1 14 6 11 8 5
12 8 7 6 5 15 11 1 10 14 9 3 2 4 13
4 7 1 13 10 3 12 5 11 9 8 2 6 15 14
6 14 10 11 1 7 13 12 9 2 5 3 4 8 15
5 1 14 7 9 8 4 3 11 6 10 13 12 15 2
6 7 9 2 10 5 8 14 13 12 4 11 15 1 3
11 13 1 5 15 12 10 8 2 9 6 14 3 7 4
1 2 3 10 8 9 5 13 4 6 12 7 14 11 15
7 2 8 9 11 6 3 5 1 4 15 12 10 13 14
3 8 15 11 13 5 1 2 9 7 4 10 14 6 12
9 4 14 15 5 13 11 1 10 2 3 8 7 12 6
4 1 10 12 11 7 9 14 2 13 8 6 15 3 5
13 14 6 4 8 3 15 7 12 10 5 2 9 11 1
10 12 6 2 9 8 7 3 11 1 14 15 5 4 13
13 5 8 9 1 14 7 2 6 11 10 3 4 12 15
7 2 10 4 13 6 3 15 9 8 12 5 11 1 14
5 14 7 13 1 9 8 12 4 15 10 11 6 3 2
11 1 9 4 15 14 5 7 6 10 13 3 8 2 12
4 12 10 9 14 2 3 1 8 11 15 13 7 6 5
1 5 8 6 11 3 7 12 15 14 9 2 10 13 4
9 8 3 10 4 7 11 14 1 2 12 5 13 15 6
15 7 11 8 2 12 9 5 3 13 10 6 14 4 1
10 4 14 12 7 3 15 13 8 1 5 6 9 11 2
10 9 15 7 14 13 8 2 4 6 5 3 11 1 12
5 13 7 6 10 15 1 8 2 9 3 12 4 11 14
7 12 1 2 9 14 10 13 11 8 15 3 5 6 4
11 2 14 7 10 8 3 15 9 12 4 13 6 1 5
6 9 11 12 5 13 8 3 2 7 14 15 10 4 1
3 4 5 13 7 9 1 14 10 8 12 6 11 2 15
9 4 3 2 5 6 13 12 11 1 10 15 14 7 8
3 5 7 11 2 14 4 8 15 10 6 12 9 13 1
4 13 6 12 14 8 15 5 1 7 9 10 3 11 2
5 6 11 9 1 13 10 7 8 14 3 2 4 12 15
15 1 10 13 9 12 7 3 6 11 14 5 2 4 8
10 14 1 8 11 15 9 2 4 13 5 6 7 3 12
