10975 10975 7611 8426 6187 4990 4817 4990 3818 3893 3364 3247 2846 2621 2138 1733 1788 1459 1523 1172 1368 1095 942 709 617 685 672 555 415 378 401 372 351 340 304 272 230 233 166 129 109 104 100 88 90 78 69 61 54 53 44 33 31 32 28 28 20 18 14 16 14 12 11 10 8 8 7 6 5 4 5 4 4 3 3 2 2 2 2 1 1 1 1 1 1 1 1 1 1 1
20 19 14 7 6 12 3 4 5 23 15 16 22 10 11 17 2 24 18 21 8 13 9 1
13 21 20 24 19 14 6 9 7 18 2 4 16 12 23 5 11 1 10 15 17 22 3 8
23 11 24 21 4 18 19 16 6 8 9 20 7 5 12 22 10 13 15 1 14 17 2 3
11 10 21 22 18 1 2 7 6 3 15 5 9 13 16 24 8 14 19 17 20 4 23 12
24 11 3 7 6 12 9 4 21 20 14 2 1 8 22 19 15 16 13 5 17 23 10 18
3 20 14 5 13 4 6 16 11 23 7 19 22 24 8 17 18 12 1 21 9 10 2 15
11 6 20 19 12 21 22 2 24 17 23 13 18 14 16 1 3 10 15 9 8 7 4 5
13 14 22 7 4 11 1 6 20 18 19 9 15 23 2 16 5 17 12 8 3 24 10 21
10 19 24 5 6 12 4 11 23 9 21 8 7 20 15 18 16 22 2 13 14 17 1 3
3 10 4 23 5 18 17 7 13 11 2 19 21 12 20 24 9 16 1 15 14 8 6 22
12 11 17 21 3 4 19 24 16 14 8 20 5 9 7 1 10 23 13 22 18 6 2 15
18 21 10 3 9 14 7 8 11 23 20 4 24 5 15 19 13 12 16 2 1 22 6 17
14 19 2 18 12 6 15 9 10 4 22 3 16 21 8 1 24 17 11 5 20 13 7 23
16 6 14 24 15 13 21 4 19 20 11 5 1 10 3 22 2 23 12 17 8 7 9 18
19 14 2 22 24 23 16 3 20 8 1 12 5 6 11 17 13 15 7 21 18 10 4 9
6 7 16 5 17 22 9 21 3 19 14 10 18 12 13 2 15 24 20 1 23 4 8 11
11 24 8 4 6 13 1 10 5 17 9 16 20 14 22 19 7 15 18 2 21 23 3 12
2 10 15 1 7 16 3 17 24 8 18 22 23 9 5 6 11 13 19 21 12 4 20 14
10 23 4 7 19 20 16 18 15 3 24 8 22 5 12 17 2 21 14 13 9 6 1 11
18 1 21 19 9 3 4 11 23 16 10 7 15 20 2 22 17 14 5 6 13 24 12 8
4 7 3 23 5 12 6 2 17 9 15 16 21 22 20 11 18 1 13 19 8 24 10 14
20 22 16 15 23 24 13 19 21 5 6 17 9 18 11 4 8 10 2 12 14 7 1 3
13 20 24 4 18 6 19 3 5 12 7 2 16 14 8 21 10 22 1 15 17 11 23 9
16 24 14 22 15 1 7 20 13 4 23 19 12 17 21 18 6 3 11 5 10 8 9 2
11 19 20 24 12 16 2 17 18 8 9 13 7 23 22 6 15 3 14 1 21 10 4 5
14 23 10 1 7 18 9 4 24 19 8 22 2 12 16 5 17 15 6 21 3 13 20 11
20 14 15 5 17 1 19 21 18 11 24 3 12 6 13 8 10 16 7 22 9 23 4 2
16 9 8 10 4 22 2 24 3 17 14 13 7 21 5 18 11 23 1 20 12 6 19 15
6 1 13 19 3 11 15 4 22 14 18 10 24 9 7 2 16 12 20 17 23 21 8 5
12 10 17 3 9 13 18 5 11 24 1 19 15 23 2 21 7 14 16 8 20 4 6 22
13 12 24 21 6 4 15 16 23 18 20 2 22 8 5 1 3 17 9 19 10 11 7 14
4 20 21 6 18 3 22 9 16 14 7 17 5 13 1 24 2 11 19 15 12 10 23 8
8 11 5 7 23 14 6 19 13 4 10 12 17 20 16 22 15 24 2 1 21 18 3 9
18 24 10 11 12 19 4 20 9 17 22 15 23 5 21 6 8 13 16 2 14 7 1 3
10 16 14 4 15 20 2 8 21 11 19 3 9 18 7 5 6 1 22 17 13 24 12 23
12 1 22 15 3 24 13 7 11 5 6 4 16 17 2 19 18 14 20 8 23 10 9 21
11 19 4 1 5 23 7 6 24 16 14 10 2 21 8 18 9 22 15 12 3 13 20 17
19 14 15 24 13 16 18 17 22 9 2 4 21 10 3 1 11 12 5 6 20 23 7 8
6 23 17 3 19 18 9 7 20 4 11 22 2 12 15 13 24 16 1 5 10 21 8 14
16 11 20 7 9 21 19 24 3 18 14 8 12 23 22 17 10 15 2 6 13 4 1 5
18 6 17 19 4 22 21 2 16 5 24 7 15 20 12 13 9 3 14 1 10 8 23 11
8 10 20 4 24 14 1 16 19 12 23 17 9 5 22 2 7 11 13 21 3 18 6 15
13 20 4 21 18 1 9 6 5 24 15 7 17 8 11 2 3 10 16 12 23 22 19 14
14 9 16 10 7 6 4 8 18 17 24 3 5 22 15 21 13 23 19 20 1 11 2 12
18 10 20 15 24 4 13 3 19 11 6 5 16 9 12 17 8 1 14 2 21 7 23 22
4 14 15 6 18 11 7 5 23 8 10 2 12 13 1 22 16 17 9 19 20 24 3 21
11 12 22 3 19 24 6 10 17 14 15 16 1 23 20 5 7 21 2 8 9 13 4 18
12 7 17 1 9 16 19 18 15 20 21 22 23 14 3 13 2 24 11 6 10 4 8 5
20 23 16 19 13 3 4 24 18 9 8 7 15 12 22 11 6 14 5 17 1 21 10 2
6 20 14 23 7 1 2 4 5 16 11 10 21 18 12 19 9 13 22 15 8 24 3 17
4 19 13 7 3 20 18 9 16 23 1 12 5 17 8 21 24 10 15 22 14 6 2 11
10 6 8 4 18 14 1 17 23 12 19 13 22 20 11 24 7 16 2 5 3 21 9 15
14 16 3 6 4 22 21 20 19 18 24 5 17 8 1 2 10 15 11 12 23 13 7 9
18 11 4 5 6 21 19 2 17 8 14 22 9 10 15 24 16 3 13 20 12 7 1 23
19 9 10 3 24 4 21 5 13 14 23 8 16 12 2 11 18 17 7 1 20 22 6 15
16 10 8 19 12 23 18 17 22 4 7 3 15 6 21 5 13 24 1 2 9 11 20 14
8 6 4 10 15 19 22 7 3 9 2 17 20 21 11 18 24 14 16 5 1 13 23 12
12 7 17 23 19 11 4 10 21 3 24 16 22 20 5 13 6 1 14 15 8 18 9 2
10 16 3 11 15 24 1 8 18 17 2 12 21 23 7 6 9 13 20 22 14 4 19 5
20 1 13 10 18 14 9 6 24 19 23 7 5 17 21 2 3 15 16 8 12 11 4 22
2 12 10 24 4 6 13 18 9 20 7 15 23 5 8 21 17 16 14 19 3 22 1 11
11 10 13 24 3 4 1 20 15 12 14 5 2 18 16 17 8 21 19 22 23 6 7 9
12 9 20 5 24 22 7 3 10 23 19 13 16 18 15 6 2 14 11 17 1 21 4 8
8 16 3 4 23 1 2 19 18 24 21 17 12 9 20 22 11 10 15 6 14 13 7 5
14 23 17 7 6 21 16 4 24 9 20 12 22 5 2 8 10 11 13 19 3 18 1 15
4 11 14 23 5 24 22 8 15 17 1 16 20 13 12 21 6 3 9 2 10 7 19 18
6 24 5 21 13 18 4 2 22 19 14 10 1 12 7 11 3 16 20 15 9 8 23 17
10 14 22 11 19 23 21 16 17 18 15 7 9 6 5 24 2 13 1 20 8 4 3 12
16 20 10 6 19 3 2 24 13 4 11 5 15 21 22 18 8 1 7 17 12 23 9 14
3 6 4 10 7 13 21 18 9 14 20 15 12 8 1 17 11 24 16 5 23 22 19 2
4 23 24 5 6 16 7 17 3 20 8 12 22 21 11 13 10 15 19 1 14 18 2 9
20 6 2 1 12 18 16 5 21 11 10 13 17 23 3 8 9 24 15 19 14 4 7 22
19 12 4 3 15 20 1 6 10 18 7 8 16 13 22 2 24 17 11 5 9 21 23 14
12 7 22 4 5 6 13 3 18 23 21 2 1 17 8 19 16 11 14 20 10 24 9 15
11 20 24 1 13 21 4 7 16 12 2 10 5 9 15 18 17 14 22 8 23 6 19 3
10 9 17 24 18 4 22 20 13 16 19 3 15 14 7 21 11 1 2 12 8 23 6 5
14 11 10 6 24 22 19 18 21 3 1 17 9 12 5 2 7 13 16 15 20 8 4 23
2 6 17 15 23 13 21 19 9 4 14 16 20 5 11 22 8 12 7 1 3 24 10 18
8 7 14 21 24 23 4 3 10 11 6 5 2 22 1 17 9 16 13 19 12 18 20 15
14 24 2 5 4 3 18 9 13 16 20 15 12 10 7 11 6 17 19 22 8 21 1 23
19 11 5 10 23 18 16 20 22 9 14 7 12 6 21 1 24 3 15 17 8 13 4 2
8 20 5 7 15 23 13 9 16 3 18 22 17 14 21 24 2 11 19 1 10 4 6 12
6 23 10 4 3 18 22 7 15 14 11 17 9 21 12 19 13 16 1 8 20 24 2 5
12 6 3 4 9 11 19 8 13 16 24 7 15 10 5 18 17 1 2 22 14 21 20 23
11 9 2 10 13 14 18 4 24 8 19 3 1 22 7 5 16 15 20 17 12 23 6 21
3 7 14 24 19 4 22 6 18 12 15 10 17 5 8 1 11 21 16 20 23 13 9 2
2 16 13 5 7 3 9 24 22 4 21 17 23 20 1 11 6 14 15 12 10 8 19 18
10 11 24 3 15 22 21 19 17 23 1 16 12 18 20 6 7 13 14 5 8 4 2 9
14 24 22 7 4 21 13 18 11 19 23 15 20 17 16 8 10 12 9 2 3 6 1 5
19 14 8 23 18 24 1 16 21 17 20 22 5 6 3 13 2 10 7 15 9 11 4 12
