0.1054896369915341 0.09906666901021709 0.10892082296830607 0.09752822765602943 0.06852538609712872 0.0785851284384197 0.055936328147070474 0.03288660435398005 0.02739184611242176 0.05135683067062743 0.03618822665060875 0.05629424933989212 0.029808160133483794 0.027600284937464623 0.02312777018578223 0.01528923268233309 0.012701669743234159 0.014134373546694012 0.010081189850732994 0.008391022980144335 0.01088668197148738 0.009945419723840488 0.008600441558457414 0.007348376350188271 0.003915419899921609
8 4 6 1 3 7 2 5
1 7 4 2 5 6 3 8
3 1 8 7 4 5 6 2
5 6 7 3 2 4 8 1
4 2 3 1 6 8 5 7
6 8 5 2 7 1 4 3
7 5 2 6 8 3 1 4
8 3 1 4 5 2 7 6
2 3 4 5 1 7 6 8
8 4 5 7 3 6 1 2
1 6 8 5 3 2 4 7
4 3 6 1 5 7 2 8
5 2 3 4 8 6 7 1
8 4 6 2 1 3 5 7
8 5 7 1 6 4 2 3
7 2 4 1 3 5 8 6
6 4 1 8 3 7 5 2
8 6 2 1 7 5 3 4
5 8 2 4 3 1 6 7
8 5 3 2 6 7 4 1
7 1 3 5 4 6 2 8
2 4 8 1 5 3 6 7
5 2 4 3 6 7 1 8
6 8 4 2 3 7 5 1
3 5 6 1 7 4 8 2
