38620 39687 36225 35272 33561 34838 34040 32537 31475 30164 30341 30117 28853 29338 28097 27463 27883 26572 26065 25063 24724 23060 21346 22580 22132 21404 19983 18518 17641 16253 13405 5991 6286 6182 6919 5524 5171 5258 5061 5138 5119 4618 4821 4421 4311 4035 3711 3890 3824 3517 3357 3135 3014 2784 2924 2649 2478 2482 2069 2020 1839 1418 1217 1440 1410 1086 1302 1044 1121 974 915 1018 866 941 766 763 744 703 690 683 642 583 572 509 551 425 466 436 349 371 377 359 308 281 268 243 231 227 207 209 196 179 169 174 147 136 133 128 117 108 105 101 106 96 85 79 88 80 64 64 63 57 54 51 51 45 45 42 38 37 35 34 32 31 28 29 26 24 25 24 20 20 20 17 17 16 15 13 13 12 10 10 9 9 9 8 8 7 7 7 6 6 6 6 5 5 5 5 4 4 4 3 3 3 3 3 2 2 2 2 2 2 2 2 1 1 1 1 1 1 1 1 1 1 1 1 1 1 1 1 1 1 1 1
14 1 28 19 18 23 10 26 25 3 2 31 8 17 13 9 32 24 15 29 16 7 30 22 4 5 20 21 6 27 11 12
21 26 19 2 20 22 6 9 11 17 16 3 30 8 7 14 5 28 29 32 13 27 25 31 12 15 23 10 1 4 24 18
4 25 29 5 30 12 1 6 16 19 21 11 26 3 14 2 8 18 24 10 27 23 13 7 17 9 22 20 31 28 15 32
9 30 6 25 22 16 2 29 13 26 18 28 4 20 10 8 12 31 14 24 32 5 3 1 27 19 7 15 11 17 21 23
32 23 31 7 12 9 13 11 10 5 8 26 24 22 2 6 15 4 3 20 1 25 29 17 14 30 28 19 18 21 27 16
2 17 10 6 5 7 9 19 23 16 11 22 27 31 1 4 20 32 30 14 12 8 18 28 25 3 13 24 15 29 26 21
16 11 26 31 24 3 14 8 30 21 4 27 12 6 32 15 7 20 23 13 29 1 22 9 5 18 2 28 17 10 19 25
17 13 18 22 8 19 32 14 15 30 25 9 3 7 24 1 16 10 21 26 2 11 5 20 6 31 29 23 27 12 4 28
25 18 14 23 19 28 4 21 29 7 10 15 20 11 30 16 2 13 17 5 26 32 12 24 9 22 1 27 3 8 31 6
3 20 27 29 28 31 19 15 17 9 13 8 22 14 11 21 30 23 2 4 5 10 1 16 7 24 12 18 32 25 6 26
10 5 32 15 25 4 20 7 6 29 1 13 28 12 31 24 27 30 26 11 8 22 2 19 18 17 21 14 16 23 9 3
26 3 7 30 29 2 15 1 22 27 24 32 31 10 9 19 25 16 20 8 14 21 4 12 13 6 18 17 28 5 23 11
12 9 4 17 11 13 5 20 8 14 32 6 29 21 25 18 31 19 28 7 22 24 23 27 15 16 26 2 10 3 1 30
31 28 1 16 17 25 7 2 21 24 29 14 6 5 27 20 26 12 13 3 19 18 15 32 22 4 30 9 23 11 10 8
27 15 12 10 4 8 29 28 20 31 17 24 23 19 5 7 22 25 11 16 21 26 32 18 3 2 14 6 9 1 30 13
23 12 30 8 3 32 25 4 1 22 28 17 9 18 19 26 29 11 7 15 10 16 21 6 31 27 5 13 14 2 20 24
8 10 20 4 27 6 3 23 14 32 26 16 2 9 12 28 13 29 19 30 18 31 17 25 21 1 24 11 7 15 22 5
19 6 15 13 31 17 18 3 26 23 7 12 11 2 20 27 1 14 22 25 9 28 10 30 8 21 4 16 5 24 32 29
28 7 16 32 9 14 27 25 31 18 20 5 10 29 22 23 3 6 1 21 24 19 11 26 2 13 17 4 8 30 12 15
5 16 23 24 15 20 17 18 27 8 12 19 21 30 26 25 11 1 31 6 4 14 28 10 29 7 9 3 2 32 13 22
30 32 9 14 13 1 31 22 24 12 5 2 19 4 3 11 23 27 16 18 15 29 26 21 28 25 10 8 20 6 17 7
15 24 17 3 23 27 30 10 5 25 9 1 7 26 28 31 6 2 18 22 20 12 19 8 32 14 11 29 21 13 16 4
18 19 8 1 21 26 28 17 3 2 6 23 13 32 15 12 9 7 5 31 30 4 24 11 20 10 27 22 25 16 29 14
1 29 11 20 16 18 21 32 9 28 14 7 25 24 17 22 4 26 10 27 31 13 6 3 23 12 15 5 30 19 8 2
20 4 2 9 1 11 24 16 19 6 22 30 18 23 29 3 21 5 25 12 28 17 31 15 10 32 8 7 13 26 14 27
22 27 21 18 10 24 12 13 2 1 30 4 5 25 23 32 28 17 6 19 11 15 9 14 16 8 3 26 29 31 7 20
29 31 22 27 2 5 16 30 12 11 3 25 15 13 18 17 14 21 8 1 6 20 7 23 24 26 19 32 4 9 28 10
7 21 25 11 26 30 22 5 28 4 15 10 32 16 8 29 24 3 27 9 17 2 20 13 19 23 6 31 12 14 18 1
6 8 13 19 14 29 26 24 7 10 27 20 1 15 21 30 17 9 4 23 25 3 16 5 11 28 32 12 22 18 2 31
11 22 5 28 32 21 23 27 4 13 19 18 14 1 16 9 10 15 12 2 3 6 8 29 26 20 31 30 24 7 25 17
13 2 24 12 6 10 11 31 32 15 23 21 17 27 4 5 18 8 9 28 7 30 14 22 1 29 16 25 26 20 3 19
24 14 3 21 7 15 8 12 18 20 31 29 16 28 6 13 19 2 32 17 23 10 27 4 30 11 25 1 26 22 5 9
13 2 3 26 6 15 8 12 18 20 21 29 16 28 14 10 31 22 24 17 23 7 27 4 30 5 25 1 19 32 11 9
24 14 28 21 7 22 26 9 18 3 31 11 8 27 4 10 20 1 12 29 16 23 13 2 30 15 6 32 19 25 5 17
14 21 5 26 18 23 8 11 10 7 31 13 30 1 3 2 19 24 32 20 16 9 27 4 17 22 25 29 6 28 15 12
18 14 3 12 22 26 29 31 4 9 21 8 1 7 6 13 15 28 5 10 20 23 30 2 27 11 16 25 32 17 24 19
6 31 24 2 20 13 10 26 3 17 8 15 16 32 21 18 4 22 27 7 23 25 12 29 1 30 28 14 19 5 11 9
29 32 31 26 30 21 13 27 15 3 25 28 17 14 19 6 18 10 9 2 4 8 24 20 7 1 22 16 11 12 5 23
25 8 10 1 32 15 20 9 6 2 16 26 14 17 31 12 21 11 23 29 30 7 3 5 13 19 28 18 24 22 27 4
1 4 13 2 21 19 15 24 12 14 23 22 27 16 7 8 32 18 30 17 6 5 20 11 26 9 31 3 10 28 29 25
12 27 29 3 22 9 19 17 1 4 11 32 8 15 20 30 25 6 18 31 13 23 16 28 14 21 7 26 5 10 2 24
24 22 8 7 26 1 14 5 32 30 18 9 15 4 10 19 12 20 3 13 17 27 29 2 25 6 23 21 31 16 11 28
7 16 17 11 12 32 9 30 13 19 10 29 3 28 26 5 14 25 31 23 24 22 21 8 4 20 27 6 18 1 15 2
10 29 11 12 2 18 32 16 7 15 1 20 24 19 8 21 6 31 13 4 27 9 22 17 30 26 5 28 3 23 25 14
30 2 1 27 14 22 5 12 23 26 13 21 32 20 28 10 3 19 7 9 31 25 6 4 18 24 8 17 15 11 16 29
19 18 25 26 31 27 7 11 17 6 10 28 4 22 13 29 1 14 8 5 23 32 9 16 15 30 3 2 12 24 21 20
15 20 14 31 6 30 11 19 8 29 2 27 13 26 5 17 9 28 4 10 16 21 32 7 3 23 12 22 25 18 24 1
3 25 32 20 16 31 28 9 2 1 27 6 22 23 11 15 30 26 14 24 10 4 18 12 19 29 17 13 21 8 5 7
9 23 18 25 7 20 2 32 29 31 4 30 12 10 15 14 8 22 21 6 11 24 1 19 27 16 13 5 17 26 28 3
32 6 2 18 5 10 12 7 30 22 19 17 29 13 25 1 24 23 11 16 21 14 26 15 9 31 20 4 28 3 8 27
22 19 28 21 3 29 23 13 16 24 32 14 26 25 12 9 7 27 1 8 15 31 5 30 17 2 4 20 10 6 18 11
11 15 21 32 25 28 24 1 5 23 8 3 10 29 30 26 22 13 17 27 14 9 19 6 12 4 18 31 7 20 2 16
21 14 22 28 11 4 30 15 31 5 25 1 18 2 10 32 17 12 6 26 19 29 7 3 24 9 16 8 20 13 27 23
6 3 10 9 1 5 21 29 22 25 13 2 17 12 14 24 11 7 16 15 8 27 28 26 20 18 32 23 4 30 19 31
23 5 3 10 30 7 4 20 11 28 24 16 21 18 9 31 26 29 19 12 25 6 15 32 22 8 14 1 2 27 17 13
31 7 16 2 4 8 3 21 27 13 23 11 20 30 22 28 19 32 9 18 5 25 14 10 29 17 24 12 6 15 1 26
5 26 4 14 29 24 17 10 28 20 15 23 19 8 18 7 2 21 25 11 3 1 27 13 31 12 22 30 16 9 32 6
18 13 26 1 19 17 25 4 24 12 3 5 16 21 29 20 23 10 15 28 22 7 30 14 6 32 11 9 27 2 31 8
28 12 7 19 24 6 16 14 20 8 1 4 11 31 17 27 29 9 2 3 30 18 23 21 32 13 10 15 22 25 26 5
20 24 19 29 8 25 1 26 21 32 28 9 5 27 16 4 10 17 23 14 18 12 31 2 13 3 15 11 30 7 6 22
13 11 6 4 15 14 22 8 9 18 29 7 31 5 2 3 28 16 20 32 26 30 10 24 1 27 21 25 23 17 12 19
4 28 15 22 2 26 31 3 14 10 30 13 23 24 6 16 12 5 27 20 9 8 11 18 25 7 1 19 32 21 29 17
8 1 31 5 23 3 18 28 10 11 2 19 25 12 24 13 15 4 30 21 20 26 17 29 16 6 9 27 14 22 7 32
29 8 9 3 12 16 10 18 32 2 6 24 7 31 23 11 27 30 28 20 17 21 4 25 5 22 19 26 13 14 1 15
17 9 25 15 32 23 6 3 5 21 10 31 2 24 4 18 20 1 13 22 27 16 11 12 26 19 28 7 8 29 14 30
5 21 15 24 1 9 12 27 20 17 18 22 30 29 31 6 16 8 26 10 28 32 13 23 3 11 2 7 19 14 4 25
14 17 24 27 18 11 13 2 4 29 31 19 6 26 21 16 1 3 8 30 7 22 12 28 23 15 25 32 9 10 20 5
20 2 21 23 17 27 18 12 26 11 16 15 28 13 32 3 4 7 24 19 5 10 8 9 30 1 6 14 29 22 25 31
25 31 20 6 26 2 22 28 29 12 11 32 23 17 8 30 24 4 3 1 13 5 9 18 21 14 27 16 19 7 15 10
10 22 14 31 28 13 16 17 3 20 21 26 27 8 24 1 30 12 4 2 6 23 32 5 15 29 7 18 11 25 19 9
21 25 30 12 20 29 27 6 22 32 17 8 1 2 5 19 18 14 28 3 10 13 23 11 7 26 31 24 4 16 9 15
8 27 19 24 14 31 3 22 13 9 20 29 5 21 12 26 25 28 7 17 4 11 1 6 16 30 23 2 32 15 10 18
27 28 23 19 13 5 32 18 30 8 7 22 20 9 25 10 3 26 1 15 21 16 17 24 12 4 29 11 14 6 31 2
28 29 7 26 25 22 9 23 18 10 27 4 11 30 13 20 17 16 14 5 19 8 24 2 31 12 15 6 1 3 21 32
32 11 1 21 23 20 4 27 6 2 26 7 17 18 16 14 9 30 15 25 3 10 13 31 8 5 19 28 12 29 24 22
31 20 22 30 3 4 24 8 2 5 32 1 16 25 18 13 6 27 17 9 14 19 26 29 11 21 12 15 7 28 23 10
4 10 3 7 11 1 28 5 24 25 18 13 19 27 30 29 15 21 20 32 16 26 14 23 2 31 9 12 22 17 8 6
18 30 6 8 31 23 29 19 11 16 4 15 14 5 22 12 32 13 21 26 28 17 10 7 20 9 2 3 25 24 27 1
15 2 4 29 28 3 10 31 17 18 16 24 13 12 9 22 11 6 23 21 32 30 5 14 27 25 1 19 26 20 7 8
11 32 16 5 10 30 21 15 12 17 1 18 7 29 27 4 19 31 25 13 23 24 6 8 28 2 14 22 20 26 3 9
10 6 8 15 17 9 1 16 19 26 2 5 29 32 14 7 22 20 27 12 25 3 31 21 18 24 4 13 23 30 11 28
29 24 32 4 15 26 14 1 31 27 12 11 2 28 23 17 7 5 30 8 20 13 19 3 6 18 22 25 16 10 9 21
17 1 13 9 6 16 5 2 7 4 26 20 12 22 19 32 8 29 10 27 15 18 30 28 23 3 11 24 21 31 14 25
30 16 15 22 13 27 2 20 14 3 10 12 25 4 28 9 26 1 31 11 6 23 18 17 29 7 24 21 8 32 5 19
6 3 14 25 2 18 31 12 1 23 17 28 27 24 26 15 9 8 16 4 5 22 7 20 19 11 10 30 29 21 32 13
5 21 12 32 20 14 17 28 8 7 15 3 18 9 6 11 16 19 24 10 31 1 25 30 4 29 26 27 13 2 22 23
14 4 2 1 7 12 23 32 28 13 19 21 22 16 20 8 29 25 11 31 17 5 15 26 24 6 30 18 3 9 10 27
22 15 23 14 5 19 7 3 10 30 13 27 8 31 17 24 21 12 6 29 9 32 11 16 25 20 28 1 2 18 4 26
20 8 16 2 24 29 9 4 15 14 21 23 28 13 3 31 18 26 19 6 10 12 22 27 5 17 32 11 30 1 25 7
31 7 1 23 22 32 18 24 21 6 20 19 30 5 2 27 14 11 12 28 13 10 4 9 17 26 3 16 25 8 29 15
13 2 17 22 4 7 30 14 9 24 25 6 1 10 29 28 5 23 26 18 11 21 20 15 32 8 27 31 12 19 16 3
23 17 24 12 1 10 27 18 20 19 7 32 26 2 5 21 6 22 9 25 8 4 29 3 15 31 16 14 11 13 28 30
27 5 11 32 21 13 25 29 8 15 30 9 31 20 1 10 3 28 2 7 24 19 16 4 22 23 6 12 26 14 18 17
25 18 10 20 26 11 29 30 15 31 8 16 21 12 32 6 19 14 28 24 27 3 9 5 7 1 13 23 22 2 17 4
19 14 4 5 18 6 8 7 23 21 3 26 30 25 24 16 15 17 13 9 12 11 28 10 1 22 20 29 32 27 31 2
21 10 22 9 8 24 12 26 19 1 11 2 17 18 13 29 25 7 31 23 30 20 5 27 3 14 32 6 28 4 15 16
30 25 26 1 27 5 6 13 29 3 8 15 20 22 17 12 4 9 24 14 18 16 32 21 10 19 7 28 31 23 2 11
16 23 32 27 19 28 13 21 12 7 4 10 18 29 6 2 22 3 1 30 15 26 8 11 14 5 31 9 20 25 24 17
4 11 20 29 24 2 19 6 16 9 12 14 28 21 10 32 7 5 17 15 3 31 26 13 30 25 18 23 8 1 22 27
15 19 7 6 31 4 20 17 10 14 18 29 5 26 11 27 24 8 30 3 16 28 13 25 12 9 21 2 23 32 1 22
3 20 28 15 25 21 16 5 27 30 6 7 23 17 18 13 11 19 8 22 10 1 12 31 9 2 29 26 4 24 32 14
18 12 29 26 30 13 21 10 9 2 11 1 6 8 19 5 28 4 15 16 24 25 27 17 14 32 22 3 7 23 20 31
32 29 21 23 15 20 9 11 2 5 30 31 19 24 25 22 8 14 4 10 28 17 6 7 26 3 12 1 16 13 27 18
5 30 2 3 16 11 4 13 14 10 15 17 12 9 28 8 21 32 20 19 26 24 22 18 1 23 25 27 6 31 7 29
20 1 3 21 6 32 10 27 26 24 28 23 11 13 16 25 17 30 18 5 31 12 19 29 4 15 2 8 9 14 22 7
17 28 12 4 1 29 30 32 13 25 16 5 15 20 22 31 14 26 27 6 23 7 3 24 21 18 9 19 10 8 2 11
28 24 30 7 13 12 22 26 31 4 32 9 16 23 3 20 25 1 10 2 21 6 18 8 17 27 11 15 14 29 19 5
31 16 15 2 19 8 32 25 23 28 10 13 22 14 20 7 27 12 6 26 9 11 5 30 18 29 24 21 1 17 3 4
6 13 9 31 14 3 25 4 17 27 21 24 29 32 12 15 18 16 23 1 8 20 10 28 22 7 26 11 2 30 5 19
22 23 18 8 7 27 1 30 28 32 20 3 25 4 2 24 16 31 21 29 12 13 15 11 10 17 19 14 5 6 9 26
23 14 3 25 22 16 17 8 21 29 2 12 13 31 27 18 1 28 19 11 20 32 4 9 24 6 5 7 30 26 10 15
13 9 8 10 18 31 24 16 1 6 3 27 7 19 26 11 2 5 12 23 25 22 28 32 15 14 17 4 21 20 29 30
9 32 19 24 23 14 16 7 6 15 12 11 2 27 1 4 29 20 3 18 22 30 17 26 25 5 10 31 13 28 8 21
14 12 20 19 24 7 28 5 18 26 1 22 31 25 9 6 32 27 11 8 13 10 21 29 3 4 23 30 16 15 17 2
25 18 28 3 29 5 20 24 7 22 13 2 1 10 15 14 30 11 32 12 27 21 16 6 31 26 8 17 19 9 4 23
29 15 6 14 27 10 2 22 3 1 28 4 32 5 23 9 26 7 13 31 17 18 30 25 19 8 12 24 20 21 11 16
10 8 15 7 4 19 31 21 11 20 32 26 27 28 3 17 9 29 2 24 30 16 23 12 5 1 6 22 25 18 14 13
11 17 30 31 3 1 5 14 4 13 27 16 26 18 19 2 22 23 9 28 6 29 20 24 12 25 15 32 7 10 21 8
1 25 23 5 20 6 12 3 24 18 11 19 8 15 16 10 7 13 29 17 32 4 31 2 27 21 28 14 9 22 26 30
27 5 22 8 26 28 6 29 16 21 4 14 20 2 30 1 24 25 17 9 11 23 12 10 32 19 13 18 3 7 31 15
8 20 12 26 17 3 13 2 1 31 15 7 21 22 29 28 19 18 4 27 14 32 9 23 6 24 30 5 10 16 25 11
17 10 9 27 25 24 23 19 22 28 31 29 8 32 18 16 1 21 20 13 3 12 26 5 7 11 4 2 14 30 15 6
28 11 21 29 10 32 19 17 12 16 18 6 13 30 14 24 26 22 27 20 7 8 3 31 4 9 2 15 1 25 23 5
16 29 26 2 31 12 3 28 15 32 25 20 1 14 8 11 4 9 5 21 18 19 10 17 13 22 7 6 30 27 24 23
31 24 7 4 5 22 21 11 29 23 30 1 15 13 10 12 20 3 26 32 19 28 25 9 16 14 18 27 17 8 6 2
30 19 25 23 8 5 18 12 2 24 10 21 26 31 11 22 32 6 7 1 16 3 29 15 14 27 13 28 4 17 20 9
7 3 24 30 32 20 1 6 28 11 29 18 16 10 12 21 23 19 31 26 27 13 15 4 17 2 8 25 5 14 9 22
3 1 8 10 2 6 30 31 11 13 16 32 20 27 23 29 14 25 18 5 15 22 7 19 9 17 24 12 28 4 26 21
13 6 29 25 30 27 4 23 31 3 17 10 14 1 2 5 16 12 24 8 9 7 19 32 26 15 20 11 21 22 28 18
22 28 32 20 21 14 24 1 19 5 6 30 27 4 13 15 9 23 16 17 31 10 11 18 29 8 3 26 12 2 25 7
9 25 5 15 14 16 32 30 26 4 21 31 12 19 28 20 22 17 10 2 13 8 27 7 24 3 11 29 18 6 23 1
14 9 2 6 11 4 10 18 8 27 25 24 28 12 1 7 17 13 15 16 23 21 32 30 5 20 22 3 31 29 19 26
6 30 10 11 20 18 14 32 17 7 29 9 19 5 27 31 15 8 21 12 22 23 4 28 2 25 1 24 13 26 3 16
32 10 6 13 23 29 16 19 21 9 2 12 17 24 15 27 7 1 11 25 28 31 5 20 30 4 26 8 22 3 18 14
18 14 21 1 10 8 27 28 6 22 7 15 32 29 17 30 2 26 12 11 25 4 3 13 31 5 9 23 16 20 24 19
23 20 29 32 22 21 17 24 14 1 10 3 7 16 8 18 28 27 13 4 6 30 12 25 15 26 5 19 2 9 11 31
4 17 1 14 27 2 15 3 18 25 13 22 31 20 9 10 30 28 19 24 8 26 29 11 6 7 23 16 32 21 5 12
25 32 13 9 7 10 20 18 3 17 28 29 2 26 22 6 21 5 8 31 12 11 30 14 27 24 19 1 23 15 16 4
15 16 3 12 24 13 28 27 7 10 20 5 22 2 26 9 18 11 29 23 32 17 31 8 19 30 6 21 4 1 14 25
20 3 7 15 8 31 9 29 22 18 17 28 11 25 5 14 27 16 32 19 26 24 23 6 21 1 12 4 30 10 2 13
19 31 23 24 5 9 6 22 20 26 4 11 10 15 29 1 8 14 28 13 17 16 21 2 12 32 30 7 18 25 27 3
29 13 19 21 32 7 3 15 27 2 12 26 25 23 30 16 4 22 1 14 24 20 9 10 11 6 28 5 17 31 8 18
1 12 11 5 16 24 2 8 29 6 30 23 21 28 20 15 25 7 18 9 10 14 19 27 22 3 17 31 26 13 4 32
5 8 26 3 1 25 13 14 9 24 11 2 23 30 12 28 32 4 7 6 20 19 16 18 29 15 31 22 10 17 21 27
11 23 24 19 2 1 8 4 13 30 16 6 12 32 15 25 5 21 17 27 7 18 22 26 10 31 3 9 14 28 20 29
3 5 22 29 15 11 25 13 10 7 18 16 32 8 27 4 24 12 2 28 14 1 20 19 30 21 9 17 6 26 31 23
8 29 12 13 25 18 19 2 23 14 31 4 6 22 17 11 30 10 5 20 21 3 26 16 7 27 15 32 28 9 1 24
27 15 10 20 17 28 22 5 24 9 1 13 8 21 16 29 14 31 23 32 3 7 18 4 2 19 25 30 12 11 6 26
21 24 9 23 29 2 18 10 12 27 3 20 31 14 25 8 6 19 26 17 11 30 28 5 4 22 16 7 13 15 32 1
13 11 25 14 12 29 5 26 16 1 19 21 17 6 2 24 7 32 9 10 18 31 27 23 28 20 22 3 8 4 15 30
28 9 2 8 30 10 23 1 15 22 26 7 25 4 11 32 16 6 20 21 13 12 17 24 31 14 5 29 27 3 18 19
25 19 14 4 26 23 21 12 1 3 8 18 27 29 6 22 11 30 15 31 28 32 13 5 16 17 24 2 9 20 10 7
7 6 13 24 19 8 4 16 17 21 11 27 14 25 23 10 29 18 3 26 20 28 30 15 32 9 1 12 31 2 22 5
22 1 18 32 25 3 20 30 7 23 15 8 28 19 13 6 9 17 10 14 21 4 24 2 12 11 26 5 16 29 27 31
4 30 8 21 18 25 27 5 3 28 12 32 10 23 9 31 26 29 24 1 19 22 15 17 13 7 20 6 11 14 2 16
18 8 32 1 3 12 15 11 31 20 4 19 2 28 5 30 23 13 16 24 9 10 29 7 26 21 27 25 22 6 17 14
16 31 1 30 13 4 17 21 24 32 29 14 19 12 10 23 2 3 6 11 15 8 7 20 9 26 28 18 25 27 5 22
29 23 28 6 31 7 24 17 9 4 32 10 11 1 18 2 8 14 27 26 12 21 25 13 15 5 30 19 3 22 16 20
11 10 6 9 19 28 8 29 27 15 30 21 20 17 24 7 22 4 14 13 26 16 32 31 5 2 18 23 1 25 3 12
9 13 5 11 17 21 25 32 4 16 7 30 26 20 22 18 3 1 29 12 8 14 10 15 27 31 19 24 2 23 6 28
32 16 29 8 21 20 2 14 13 25 19 31 22 5 1 12 17 10 4 18 27 11 9 28 3 24 23 15 7 30 26 6
17 14 18 22 4 11 13 25 19 5 20 1 30 2 28 9 15 21 31 6 32 26 8 27 10 23 12 16 3 7 24 29
23 4 7 12 29 27 22 6 26 17 1 18 21 8 19 5 20 16 30 2 25 13 3 14 11 15 31 9 32 10 28 24
5 28 30 10 2 13 29 23 14 20 26 15 8 24 11 21 27 25 19 3 17 12 16 4 18 32 6 1 22 31 7 9
1 17 24 26 5 19 12 2 18 3 16 11 7 30 29 13 25 9 15 23 31 28 20 10 14 6 4 32 8 21 22 27
8 5 9 1 14 15 10 12 30 13 2 29 6 26 16 17 21 18 11 28 3 20 23 32 22 25 7 31 27 24 19 4
20 25 1 4 12 9 14 16 28 2 3 7 15 27 18 32 5 8 23 21 22 19 31 24 29 30 10 26 6 13 11 17
19 18 15 29 30 16 9 26 12 32 6 2 13 21 3 14 11 20 5 17 10 22 7 23 1 4 24 28 31 8 27 25
30 12 26 24 3 31 27 17 15 4 25 5 20 16 1 8 29 7 28 32 11 23 21 9 6 19 13 22 10 18 14 2
7 19 2 30 26 14 23 31 10 21 11 9 27 15 4 28 6 5 12 16 24 32 17 18 25 22 20 29 1 3 8 13
22 20 14 5 18 6 30 1 16 9 15 19 2 10 8 25 4 27 13 31 12 29 11 7 24 17 26 21 23 28 32 3
18 32 11 25 7 20 6 4 2 26 13 27 28 19 23 29 15 3 21 9 14 24 12 16 17 31 1 30 5 22 10 8
6 2 32 23 20 29 15 13 21 10 18 26 5 4 17 24 22 11 9 27 16 3 28 30 12 14 31 8 7 1 25 19
10 24 12 32 15 1 16 25 6 22 21 13 14 20 30 27 9 19 8 5 31 18 29 26 7 2 11 17 28 4 3 23
21 29 3 14 1 24 32 27 23 15 28 4 10 6 5 26 2 17 20 25 30 16 19 13 31 11 8 18 12 7 9 22
28 24 23 9 11 10 19 32 29 16 7 22 30 5 13 1 3 12 26 4 6 14 15 25 21 8 27 31 2 17 18 20
29 9 13 8 24 18 4 30 22 23 31 3 12 32 28 20 14 6 7 10 19 1 27 17 15 5 25 11 21 2 16 26
15 27 10 6 4 22 18 24 2 28 30 16 23 13 25 11 32 26 17 20 7 31 5 19 3 1 9 12 14 29 21 8
32 12 19 27 2 3 28 14 13 25 10 30 16 1 9 24 20 29 21 22 15 7 18 11 5 6 23 8 26 31 17 4
25 11 5 10 18 23 21 2 6 1 8 31 17 12 22 29 19 7 3 9 32 13 26 24 28 27 30 4 16 20 15 14
14 5 21 15 25 7 3 4 18 11 12 10 19 8 26 16 17 28 9 2 20 23 32 31 27 24 22 29 13 30 1 6
3 18 28 12 31 8 2 5 15 23 17 6 26 30 19 13 25 10 27 1 16 4 22 32 24 7 14 21 9 11 20 29
16 2 29 31 14 19 12 11 10 13 27 20 25 17 6 22 21 32 4 23 5 24 30 28 9 1 3 7 8 26 15 18
27 15 25 19 8 5 13 12 21 6 29 17 11 2 20 28 16 22 1 10 24 30 26 4 14 23 7 3 32 9 18 31
21 1 6 11 5 12 24 28 8 26 18 14 22 15 10 2 23 27 31 19 3 17 25 20 29 9 4 32 7 30 16 13
1 25 13 23 26 4 16 21 17 9 32 28 31 22 29 7 19 14 30 27 18 11 24 8 6 20 5 15 3 10 2 12
7 4 8 15 13 9 20 23 3 27 19 16 32 25 24 11 5 6 12 22 26 10 18 14 30 21 17 1 28 29 31 2
18 32 17 20 16 2 21 29 7 24 1 13 27 23 11 14 15 4 26 25 9 19 8 6 10 3 12 30 22 31 5 28
5 6 19 21 3 13 23 22 8 11 2 26 7 15 10 4 24 12 16 14 17 18 28 20 29 9 30 25 1 27 31 32
11 16 24 20 12 15 25 6 4 5 18 3 13 22 23 8 14 9 7 21 10 31 29 30 19 2 28 32 26 1 17 27
13 1 21 11 29 2 4 3 12 10 6 14 20 16 24 15 17 30 8 28 31 7 9 27 22 32 18 19 5 23 25 26
19 10 6 8 3 11 15 13 14 2 20 4 12 21 9 7 29 5 28 32 30 16 27 17 26 31 1 22 23 18 24 25
8 14 10 13 17 12 18 22 7 4 16 9 6 26 28 30 32 29 20 31 3 21 15 5 1 27 24 2 11 25 19 23
20 30 11 9 13 7 17 3 23 26 15 31 8 10 1 12 4 14 6 18 27 29 5 2 32 19 21 28 25 22 16 24
22 17 12 26 5 27 6 28 19 15 4 8 30 14 29 2 9 3 31 24 11 1 32 10 18 20 25 23 16 13 21 7
4 13 8 2 12 3 14 6 16 21 31 24 28 29 30 5 27 1 10 26 19 32 22 11 25 15 23 18 7 20 9 17
17 9 2 6 7 24 8 10 28 16 3 30 23 32 27 1 5 31 29 20 22 12 25 18 4 26 13 11 21 15 14 19
6 20 17 27 19 29 24 31 3 22 30 1 7 4 2 32 8 26 25 12 18 28 21 23 15 11 5 9 13 14 10 16
7 27 5 32 16 22 20 23 30 28 11 12 31 1 4 29 26 21 24 9 25 3 18 15 6 8 19 17 14 10 2 13
29 19 28 25 1 23 10 8 31 24 32 7 2 30 26 27 22 18 14 16 15 20 13 9 17 21 6 12 4 11 5 3
15 11 23 24 29 18 31 30 27 1 21 32 22 28 25 9 20 13 2 4 7 17 12 19 16 14 10 26 3 6 8 5
31 32 26 1 30 28 27 29 20 14 13 18 16 24 22 25 23 17 7 5 21 11 19 8 3 6 9 15 10 2 4 12
30 23 32 22 26 31 29 1 17 25 28 27 21 19 18 20 15 11 13 6 14 8 24 16 10 7 2 5 12 4 3 9
18 31 30 23 15 1 28 21 22 3 25 29 32 27 12 26 24 19 17 13 8 10 20 14 11 5 4 16 9 7 6 2
