0.114305987815792 0.11646932941842943 0.09891402887888577 0.06566906661472359 0.02492618257861763 0.02278395686454489 0.021195907774615184 0.09297887774175558 0.0749309133332269 0.058006225307116174 0.051055840942272585 0.04367968891894196 0.04943325468631212 0.033297651707757316 0.03554702232849439 0.029254196616034005 0.01709899403300445 0.02003543611426567 0.01300921137185658 0.00796396272215771 0.004901664883986757 0.004542599347209329
5 6 2 7 3 1 4
7 1 3 6 4 5 2
4 2 5 1 7 6 3
6 3 4 2 5 7 1
2 7 6 4 1 3 5
3 4 1 5 6 2 7
1 5 7 3 2 4 6
3 7 6 2 5 1 4
7 6 2 3 4 5 1
2 5 4 7 6 1 3
4 3 6 7 1 5 2
1 4 5 6 7 3 2
6 2 5 4 3 1 7
7 6 2 5 1 4 3
2 6 3 1 7 5 4
4 1 2 6 3 7 5
7 3 4 1 5 2 6
6 4 1 7 2 3 5
3 7 1 5 4 2 6
1 5 2 4 3 6 7
3 2 4 5 7 6 1
2 6 7 5 4 3 1
