0.19937083221542934 0.1468090025693689 0.107689371173657 0.09572435283550083 0.031001069952947928 0.052376297830023164 0.00043735592868797223 0.06291436990375557 0.03490146880199866 0.04292348246260408 0.051098388168869975 0.05392846695869056 0.030011651228250846 0.01575249935464038 0.02534643459016144 0.014236110271976693 0.017761309409498 0.012260691780024105 0.005456844563914579
3 2 1 5 4 6
1 3 6 2 5 4
2 6 4 3 1 5
5 1 2 6 4 3
4 5 3 1 6 2
6 5 2 4 3 1
5 4 0 1 3 6
3 4 5 2 1 6
2 3 1 5 6 4
1 5 3 6 2 4
6 1 4 3 5 2
5 3 2 1 4 6
3 4 1 2 6 5
2 1 3 4 5 6
1 5 2 3 6 4
5 6 1 2 3 4
2 5 1 6 4 3
5 2 3 4 1 6
4 3 2 6 1 5
