4653 4835 4851 4649 4807 4430 4257 4095 3968 3799 3810 3519 3339 3482 3253 3144 3029 2878 2719 2215 1844 1878 1883 1371 1314 943 903 861 879 821 756 734 690 645 584 550 530 485 494 435 372 384 337 325 301 249 246 241 207 182 185 168 160 155 148 148 128 123 121 102 106 103 90 76 78 66 59 57 58 47 46 44 38 38 35 33 27 27 26 24 22 21 18 19 16 12 12 13 11 12 12 10 9 9 9 8 7 7 7 6 5 5 4 4 4 4 3 3 3 3 3 2 2 2 2 2 1 1 1 1 1 1 1 1 1 1 1 1 1 1 1 1 1
10 3 23 18 15 2 14 1 19 21 24 5 17 8 20 22 13 11 7 6 16 12 9 4
4 5 11 1 21 7 23 10 20 12 6 24 2 9 16 13 14 8 18 22 15 17 3 19
16 4 19 9 17 21 20 23 3 8 2 7 22 10 11 14 6 18 5 12 1 15 13 24
21 20 18 2 5 19 17 11 22 15 3 8 24 16 14 6 7 12 10 13 4 9 1 23
9 17 7 11 10 14 5 13 6 4 18 19 12 22 2 21 23 1 20 16 24 3 8 15
13 9 6 8 2 5 18 12 23 1 15 14 20 19 4 7 24 21 17 11 3 22 10 16
18 7 12 21 3 16 2 8 9 22 14 4 15 24 23 10 11 13 6 1 19 5 20 17
23 1 16 19 18 24 13 15 14 3 9 11 5 20 22 8 12 6 2 17 7 4 21 10
14 22 9 4 13 17 6 24 2 20 11 16 8 15 10 23 3 19 12 21 5 18 7 1
3 10 24 15 14 6 11 9 1 7 21 2 23 4 18 5 17 22 13 19 20 12 16 8
2 11 3 24 12 1 10 7 16 9 20 13 4 17 5 18 19 15 22 14 6 8 23 21
5 12 8 3 23 20 22 2 18 14 1 6 7 21 19 11 10 17 9 24 13 16 15 4
20 6 17 14 19 11 4 3 12 24 23 18 1 13 8 16 22 5 15 7 10 21 2 9
19 2 10 6 7 12 3 20 4 11 22 15 21 23 9 1 5 24 16 18 8 13 17 14
1 21 4 10 11 8 19 18 7 13 17 12 14 2 6 15 16 23 3 9 22 24 5 20
8 14 20 12 24 4 21 16 11 10 5 17 19 3 7 9 15 2 23 22 18 1 6 13
11 23 5 20 6 13 8 17 10 18 24 22 16 1 15 19 4 9 21 2 12 7 14 3
24 13 1 5 22 23 16 6 8 2 4 9 10 7 12 20 21 3 14 15 17 19 18 11
12 15 13 22 4 9 7 19 17 23 16 1 6 5 21 3 20 10 18 8 11 14 24 2
17 8 2 7 9 22 15 21 24 16 19 23 3 12 13 4 18 20 1 5 14 10 11 6
7 18 15 13 8 3 1 14 21 5 10 20 9 6 24 17 2 16 19 4 23 11 12 22
15 24 14 23 16 10 9 5 13 19 6 21 17 11 1 12 8 4 7 3 2 20 22 18
6 3 22 16 1 7 24 4 15 12 8 10 13 18 17 2 9 14 11 20 21 23 19 5
22 19 21 18 20 15 14 23 5 6 13 16 11 2 3 24 1 7 8 10 9 17 4 12
4 16 23 17 8 21 15 1 5 19 12 3 18 14 20 22 13 11 24 6 10 2 9 7
15 20 11 1 19 2 12 22 21 17 7 5 9 13 18 24 14 8 4 10 16 6 3 23
14 4 15 13 17 18 20 11 22 21 7 9 3 6 16 12 8 5 24 23 1 10 2 19
19 24 11 8 15 18 9 5 13 17 10 21 22 7 23 14 2 20 4 6 16 3 1 12
10 7 6 17 21 20 8 12 15 5 3 14 13 16 24 22 1 2 19 23 9 11 4 18
23 5 18 1 9 14 7 22 20 6 21 10 11 24 3 19 17 4 8 2 13 15 12 16
7 2 16 24 13 15 12 11 22 10 14 23 18 1 8 6 20 19 9 4 3 17 21 5
5 8 23 14 3 16 19 15 24 21 7 17 22 12 10 2 18 1 11 9 4 20 13 6
13 15 2 7 6 19 4 21 18 8 12 24 5 3 14 9 11 17 1 10 20 23 16 22
8 18 21 9 5 1 23 14 16 17 6 20 24 4 22 13 10 11 15 7 19 2 3 12
17 16 14 19 7 24 22 8 3 6 13 1 10 11 4 15 12 18 20 23 5 21 9 2
22 9 17 23 24 21 13 2 10 12 8 3 14 20 5 4 15 16 7 19 18 6 11 1
18 1 24 4 16 5 21 3 12 14 2 8 6 15 11 20 9 10 17 13 7 19 22 23
12 22 5 10 11 2 18 9 1 3 19 7 15 21 13 17 23 14 4 6 8 16 20 24
15 17 19 18 22 14 10 6 4 1 11 2 20 8 16 24 3 7 13 5 23 9 12 21
2 13 12 3 14 8 24 10 6 16 15 4 9 17 1 11 19 21 18 20 22 23 5 7
16 20 4 21 23 13 12 18 17 2 14 11 8 19 7 5 6 9 3 22 1 24 10 15
20 4 3 15 18 17 14 1 8 22 5 13 11 23 9 7 24 12 19 21 6 10 16 2
3 21 8 11 4 12 17 24 16 23 6 14 2 18 19 1 22 13 5 15 9 20 7 10
6 19 11 13 20 4 1 23 2 15 10 18 21 9 17 12 5 3 22 14 24 7 8 16
24 16 15 5 2 10 3 13 7 20 9 23 4 6 12 18 14 22 1 11 21 8 17 19
14 10 13 2 15 6 11 12 22 5 17 19 7 4 20 3 16 1 24 18 8 21 23 9
2 3 1 21 9 11 5 14 24 13 20 22 19 7 6 10 23 18 12 8 16 4 15 17
20 1 9 13 10 18 23 17 5 7 24 6 12 22 15 16 21 11 2 3 4 14 19 8
4 17 6 23 8 2 16 7 21 18 13 15 1 14 19 20 22 9 10 12 3 11 24 5
18 10 22 3 17 16 9 21 14 4 1 5 8 11 23 6 19 7 20 24 12 15 2 13
6 18 13 12 22 19 15 2 23 24 10 8 14 20 7 17 9 4 11 16 5 3 1 21
24 13 16 6 23 4 20 19 15 2 8 12 7 1 5 14 11 10 9 21 22 17 18 3
22 14 10 16 21 13 7 8 20 9 12 4 24 2 11 23 5 15 17 3 18 19 6 1
17 22 20 19 14 21 4 10 18 1 3 9 11 23 12 8 24 16 7 5 13 2 15 6
3 24 1 10 6 17 19 23 8 18 2 7 5 16 9 21 15 20 4 12 14 13 11 22
12 11 22 15 4 16 8 5 10 13 19 1 2 21 20 7 3 14 6 18 9 23 17 24
15 20 21 14 24 10 16 11 17 5 9 2 18 8 13 3 6 12 19 22 7 1 4 23
10 4 8 22 5 6 17 1 11 7 18 21 19 24 14 9 13 3 12 16 20 2 23 15
23 9 4 11 7 15 5 13 1 22 6 18 12 17 24 2 16 21 14 20 19 3 8 10
1 2 16 9 11 12 3 18 24 21 5 20 22 19 17 15 4 13 8 14 23 6 10 7
9 8 18 20 16 5 12 24 13 23 14 11 21 15 22 10 2 19 3 4 1 17 7 6
16 7 11 18 19 8 20 22 14 4 17 13 9 5 23 1 10 6 24 15 3 21 2 12
8 21 10 4 23 20 1 3 9 2 7 17 13 12 6 19 14 22 15 11 16 5 24 18
14 3 23 10 18 7 6 9 4 20 21 24 15 22 1 16 19 17 2 8 12 11 5 13
7 5 2 12 17 1 11 19 22 9 24 23 10 14 21 4 8 20 13 16 6 15 18 3
17 6 9 24 20 23 21 12 5 8 11 3 4 18 15 13 22 16 10 2 1 7 19 14
2 12 17 16 9 11 15 7 3 24 20 10 8 13 19 5 18 23 22 6 14 4 21 1
5 19 20 11 2 9 1 14 23 18 8 15 4 6 12 22 13 10 21 3 24 16 7 17
20 23 15 4 8 24 9 10 6 7 12 17 1 3 11 18 16 13 5 19 2 14 22 21
18 16 5 3 10 7 13 21 15 23 2 19 6 24 4 22 12 17 20 1 8 9 11 14
10 1 7 2 16 17 14 11 20 21 15 22 13 5 18 12 6 3 8 24 23 19 4 9
16 14 6 19 5 10 7 23 12 15 9 22 20 2 13 4 1 24 11 18 21 17 3 8
6 15 13 3 14 19 24 20 2 16 10 12 23 11 1 8 21 4 22 9 18 7 17 5
24 12 16 23 6 14 19 15 18 5 1 8 10 4 7 11 3 2 17 21 13 9 20 22
1 5 14 6 24 12 11 2 21 3 18 19 8 9 17 20 22 15 10 23 16 4 13 7
11 2 22 9 15 5 8 21 17 10 13 3 18 20 16 23 24 12 1 4 7 14 6 19
12 18 23 19 8 6 21 5 4 14 16 13 15 17 20 24 11 7 2 22 9 1 10 3
21 7 6 15 11 4 10 9 1 2 8 24 3 22 14 5 20 16 18 12 17 19 23 13
23 13 5 22 10 18 16 1 3 4 19 9 6 7 12 17 15 21 20 8 14 11 2 24
7 4 20 10 13 8 17 18 11 1 12 15 24 19 3 2 23 22 9 14 21 16 5 6
4 6 1 14 17 16 5 13 15 24 7 22 19 8 18 20 12 9 23 11 3 10 21 2
3 24 14 13 21 2 4 8 16 15 11 10 22 12 19 1 6 7 17 5 18 20 9 23
8 1 13 16 7 11 23 14 20 22 17 2 12 3 5 9 18 4 15 21 24 6 19 10
17 10 15 12 1 23 3 19 6 8 5 11 20 16 21 7 4 24 22 13 9 2 14 18
9 11 17 21 2 7 6 24 18 13 3 12 5 4 20 16 8 14 10 22 19 23 15 1
8 3 11 2 6 17 12 20 10 16 15 4 14 23 7 18 9 19 21 1 13 5 24 22
13 19 9 8 18 24 15 12 5 21 10 1 2 20 17 6 14 23 11 4 16 3 22 7
18 21 7 6 13 19 1 22 2 10 14 17 9 15 4 24 5 11 16 3 23 8 20 12
7 15 16 24 9 18 21 3 14 5 4 23 1 2 13 19 20 6 12 11 8 17 10 22
14 8 2 18 4 13 5 20 22 9 16 7 15 6 11 3 10 17 24 23 12 1 21 19
4 16 19 5 7 6 10 17 23 18 22 11 24 8 14 15 21 3 1 12 20 13 2 9
6 3 10 4 17 11 16 12 9 14 2 21 7 18 1 23 24 15 13 8 22 20 19 5
15 9 20 16 2 4 12 10 13 23 1 3 21 17 22 11 19 14 6 18 7 5 8 24
3 19 9 22 24 16 23 15 11 2 20 13 4 7 18 21 8 12 14 6 1 17 5 10
2 22 6 3 1 15 4 9 21 17 18 8 12 11 19 16 23 20 5 14 13 10 24 7
23 18 21 2 15 9 19 7 4 3 17 12 13 14 6 10 11 16 20 5 24 8 22 1
21 12 3 10 14 8 20 22 5 16 11 1 19 24 9 6 18 23 4 15 2 7 17 13
13 8 2 23 20 17 3 24 10 7 6 22 11 5 15 18 12 21 19 9 16 4 1 14
15 1 17 9 8 10 11 21 20 13 7 19 14 12 5 22 4 2 18 24 6 16 23 3
9 15 13 8 5 12 7 2 14 1 21 24 23 22 17 20 3 19 4 16 10 11 6 18
12 24 8 11 10 1 17 14 3 22 5 9 18 15 23 19 16 4 2 20 7 6 13 21
7 11 1 14 16 5 24 13 9 18 8 10 22 2 20 12 6 15 21 19 23 3 4 17
24 9 11 7 21 18 15 10 2 5 13 4 3 19 16 14 17 6 12 1 22 23 20 8
16 4 7 6 19 20 13 11 17 24 21 18 9 23 3 1 22 10 5 14 8 2 15 12
18 7 10 13 3 24 6 8 12 21 19 17 2 20 4 15 9 11 16 22 5 1 14 23
8 23 16 21 5 15 1 18 13 4 11 2 6 3 22 7 20 24 17 9 12 14 10 19
1 10 14 12 11 9 21 19 16 2 3 23 15 18 7 24 13 17 6 4 20 5 8 22
17 2 4 18 11 1 8 7 22 9 15 20 3 16 12 21 14 24 23 5 19 10 13 6
6 13 3 22 21 19 14 15 1 23 4 24 5 9 16 10 8 7 11 18 17 20 12 2
4 24 20 16 15 6 12 1 11 3 2 7 21 14 23 17 5 19 22 8 9 13 18 10
20 16 5 11 2 12 10 3 23 6 7 21 13 17 1 9 24 22 14 15 18 4 19 8
21 5 23 4 3 20 24 17 18 14 12 6 1 19 9 11 22 16 10 2 8 15 7 13
14 21 13 15 10 24 5 8 4 22 1 9 11 7 18 3 16 17 12 6 20 19 2 23
3 14 11 12 20 8 13 24 21 16 10 18 22 6 17 4 2 15 9 19 1 23 5 7
1 19 18 2 14 4 15 12 6 10 9 3 7 16 5 24 17 21 13 20 23 11 8 22
2 15 22 9 19 18 3 5 16 7 17 11 4 8 13 23 10 14 20 1 12 6 24 21
12 11 15 24 16 10 7 21 2 17 8 4 18 5 20 14 19 6 23 13 22 3 9 1
13 12 21 6 8 5 17 14 18 24 20 23 10 22 11 19 4 9 15 3 7 16 1 2
6 3 8 7 16 17 13 23 5 2 9 10 19 20 15 4 11 12 24 22 21 1 18 14
24 12 9 4 15 2 8 22 3 6 21 17 18 23 14 1 13 10 19 11 16 7 20 5
8 6 15 13 10 16 7 21 12 9 5 19 4 24 14 17 2 11 1 23 18 20 22 3
13 14 10 7 24 11 21 9 5 17 3 2 1 19 15 18 6 20 4 16 22 8 23 12
14 5 13 8 3 10 6 11 2 21 18 4 7 20 12 15 1 9 23 24 19 16 22 17
10 2 7 3 8 9 5 22 4 18 1 13 19 12 6 20 21 23 24 11 16 15 17 14
21 10 4 9 19 7 8 20 18 5 6 1 11 23 12 14 22 16 15 24 17 3 2 13
16 11 8 18 20 5 15 7 12 1 4 17 23 3 9 21 19 24 6 22 10 13 14 2
12 4 11 20 5 15 17 1 22 14 8 23 24 7 3 10 16 6 21 18 9 2 13 19
4 22 1 10 14 21 19 18 9 23 15 6 3 24 5 11 20 13 2 16 8 17 12 7
8 21 2 14 11 17 16 23 1 24 20 9 22 5 4 12 18 7 19 6 13 10 15 3
17 13 23 15 24 16 1 14 21 8 2 22 10 6 20 19 3 12 11 4 7 5 9 18
15 8 21 24 1 23 4 2 17 16 13 10 20 22 19 9 12 11 18 3 5 14 7 6
18 23 20 21 16 1 24 17 15 22 12 19 14 9 7 3 11 4 10 13 2 8 6 5
24 1 17 23 21 14 20 19 3 13 22 8 15 18 11 16 4 10 9 2 6 7 5 12
