25738 19556 15012 9562 7564 5392 2694 2694 1998 1948 1252 1120 1070 700 555 524 524 374 373 344 208 171 151 115 114 50 48 28 26 19 18 13 11 9 8 4 3 3 2 1 1 1 1 1
2 1 6 12 9 5 4 3 11 13 10 8 7
4 5 11 12 6 10 2 8 1 3 7 9 13
3 2 9 8 1 12 5 6 10 4 7 11 13
4 12 5 6 1 13 8 9 11 3 10 2 7
6 9 7 12 4 5 11 10 1 3 2 8 13
11 2 3 7 8 4 10 13 5 12 6 9 1
9 5 7 2 6 12 1 4 3 10 8 11 13
9 10 5 1 6 2 8 11 3 12 13 4 7
7 10 9 2 3 12 8 5 6 11 13 1 4
7 2 6 5 12 3 9 4 8 10 1 11 13
13 12 9 7 6 5 1 11 2 8 3 4 10
2 9 10 3 6 4 11 7 1 5 12 13 8
1 11 7 10 2 5 8 6 3 4 13 12 9
6 10 4 13 9 3 1 5 8 2 7 11 12
1 8 5 7 9 11 13 4 2 3 6 12 10
13 9 10 2 5 12 11 6 1 8 3 4 7
4 11 9 6 5 3 1 7 8 10 12 2 13
2 12 4 7 3 11 13 9 6 5 10 1 8
1 2 7 3 9 4 8 5 11 10 6 13 12
6 8 5 13 1 12 11 4 3 2 7 9 10
11 9 10 7 3 5 13 4 8 2 6 12 1
13 8 5 2 12 11 1 7 6 10 3 4 9
13 2 6 3 1 12 9 5 11 8 10 4 7
2 9 4 10 5 3 13 7 6 11 1 12 8
11 12 10 7 3 4 8 9 2 5 6 13 1
6 12 4 10 5 3 9 7 2 8 1 11 13
13 11 6 5 2 12 8 9 3 10 7 4 1
11 2 9 13 1 3 10 5 6 4 7 12 8
2 8 7 13 5 4 10 6 3 11 1 9 12
4 8 7 6 12 3 1 9 11 5 10 2 13
11 9 10 7 1 5 8 6 2 4 3 13 12
6 2 10 13 9 11 1 4 8 5 3 12 7
6 9 7 10 12 4 1 5 11 8 3 2 13
2 12 4 6 5 3 10 7 8 11 1 13 9
4 2 9 13 1 3 11 5 6 8 10 12 7
9 12 6 10 5 11 1 7 2 4 3 13 8
13 8 9 6 1 5 10 7 2 11 3 4 12
4 12 7 2 9 11 1 6 3 5 10 13 8
11 8 4 5 2 12 9 6 3 10 1 13 7
13 9 4 10 1 3 11 5 2 8 6 12 7
6 11 9 2 12 5 8 7 3 10 1 4 13
4 12 7 10 1 5 11 6 2 8 3 13 9
6 9 4 13 1 12 8 5 11 10 3 2 7
13 11 10 2 12 3 1 7 8 5 6 4 9
