5125 5092 4632 4394 4622 4426 4214 4025 4110 4064 3758 3748 3534 3420 3014 3094 2806 2914 2664 2249 2241 2158 1758 1177 1114 1041 993 916 798 753 726 726 670 641 615 536 499 472 457 410 396 349 316 336 305 233 216 225 218 214 173 166 164 153 136 124 121 99 93 103 77 83 77 82 70 61 52 46 50 48 41 40 38 37 36 31 28 28 27 25 21 21 19 16 15 13 13 12 10 10 9 9 8 8 8 8 7 6 6 5 4 4 4 3 3 3 3 3 2 2 2 2 2 1 1 1 1 1 1 1 1 1 1 1 1 1 1 1 1
5 13 24 20 11 14 3 22 9 18 16 15 2 21 1 6 19 10 8 23 12 17 7 4
12 15 19 22 2 3 16 8 1 24 18 13 21 9 14 11 20 7 6 17 4 10 5 23
22 16 2 6 19 17 1 3 10 8 9 7 4 12 20 13 21 18 23 24 11 5 15 14
20 22 3 7 4 10 13 23 15 21 14 19 1 24 17 5 2 9 16 12 8 11 18 6
2 3 16 21 1 4 20 5 19 9 8 14 13 22 24 7 18 11 12 6 15 23 10 17
9 17 11 18 8 19 24 2 7 16 21 20 23 13 10 14 12 5 15 4 6 22 1 3
24 9 10 8 15 20 5 21 22 7 13 12 14 23 16 1 4 17 19 3 2 6 11 18
15 21 13 17 3 5 11 24 8 14 12 2 10 18 6 9 16 23 1 20 22 7 4 19
18 2 22 9 10 12 4 13 21 6 11 3 20 19 23 15 14 24 5 7 17 16 8 1
1 20 17 5 12 13 7 18 3 23 10 6 24 4 19 8 11 21 22 9 14 15 2 16
11 12 1 14 13 24 10 15 4 3 2 22 18 5 9 21 6 16 17 19 20 8 23 7
3 11 15 13 16 6 12 10 2 4 22 18 7 17 5 20 9 14 24 21 23 1 19 8
23 5 6 19 20 18 8 12 24 1 3 9 11 14 21 4 17 15 7 16 10 2 13 22
19 8 12 16 7 15 14 4 6 2 1 23 22 3 18 17 5 20 9 10 13 24 21 11
21 24 9 2 22 7 6 11 13 5 23 17 15 10 3 12 8 1 4 14 18 19 16 20
8 18 5 24 14 1 2 17 16 11 7 10 6 20 15 23 22 4 3 13 19 12 9 21
4 7 14 11 17 23 15 16 18 19 20 1 9 8 2 3 10 12 13 22 21 5 6 24
17 10 23 3 6 11 9 7 20 22 4 5 19 15 12 16 24 8 21 18 1 13 14 2
13 6 20 4 18 21 23 19 17 12 24 16 8 1 7 2 15 22 11 5 9 14 3 10
7 23 21 12 24 16 18 14 11 20 17 8 3 6 4 10 13 19 2 1 5 9 22 15
10 4 24 15 21 2 19 1 14 13 5 11 12 16 8 22 3 6 20 23 7 18 17 9
6 14 8 1 23 9 22 20 12 10 15 21 17 2 13 19 7 3 18 11 16 4 24 5
14 19 18 10 5 22 21 9 23 17 6 4 16 7 11 24 1 2 8 15 3 20 12 13
16 1 4 23 9 8 17 6 10 15 19 24 5 11 22 18 7 13 14 2 21 3 20 12
20 16 7 2 11 17 13 6 1 18 14 19 15 21 4 5 23 24 10 8 9 3 22 12
16 1 4 10 19 24 17 9 5 8 11 15 6 7 22 13 3 23 14 2 12 21 18 20
5 13 7 12 4 2 6 1 9 21 19 20 14 11 3 18 15 10 16 8 24 17 23 22
7 6 2 4 9 14 3 8 22 16 20 13 12 24 1 11 19 18 10 17 23 21 5 15
12 19 21 23 2 8 16 6 5 24 4 7 9 18 17 13 1 15 3 22 20 11 10 14
9 4 16 15 5 20 24 22 19 8 12 14 3 13 7 6 23 21 2 1 18 10 11 17
23 12 3 18 21 10 11 24 15 14 2 1 13 6 20 5 22 16 4 8 7 9 17 19
16 14 8 3 20 22 19 7 12 18 23 13 10 17 24 15 2 5 6 21 1 11 4 9
6 21 19 11 2 9 12 4 1 3 13 17 23 16 8 14 20 7 24 15 10 22 5 18
4 9 7 12 6 5 18 23 11 21 1 16 20 19 2 24 10 17 13 14 22 3 15 8
22 7 18 14 19 12 5 16 17 15 6 24 1 2 23 10 8 9 20 11 13 4 3 21
10 11 20 1 15 16 14 8 18 7 3 2 22 9 21 13 17 4 19 24 5 23 12 6
2 24 3 16 9 19 20 17 10 23 22 8 5 14 15 4 13 1 21 12 11 18 6 7
21 23 4 24 11 8 1 19 3 9 10 15 16 5 18 22 6 14 7 20 12 17 2 13
3 13 14 19 17 7 15 12 9 24 5 11 18 23 6 20 16 2 1 10 8 22 21 4
15 20 13 10 16 21 4 3 14 17 9 22 8 1 12 19 24 11 18 2 6 23 7 5
11 17 9 5 7 13 21 20 22 16 8 3 19 4 14 6 1 10 23 18 15 2 24 12
5 18 23 15 22 6 13 11 21 4 7 19 24 12 16 1 3 20 8 17 14 10 9 2
14 22 6 17 8 23 7 9 15 1 21 10 4 20 19 3 18 13 11 5 2 12 16 24
12 10 8 23 24 4 6 14 2 20 18 5 17 15 13 21 11 7 9 22 19 3 1 16
20 5 24 4 18 19 2 15 1 22 13 14 21 3 11 12 7 23 6 16 17 9 8 10
24 2 7 21 5 15 10 9 8 14 23 20 13 22 17 11 4 16 3 19 12 18 6 1
10 11 16 14 23 1 24 13 12 8 17 7 2 21 22 5 15 18 4 3 20 19 9 6
2 24 21 9 12 20 8 19 6 23 22 13 3 7 18 17 10 5 15 1 11 4 14 16
4 18 1 22 21 24 9 20 19 6 10 12 16 8 5 2 14 15 17 23 3 11 7 13
17 1 2 11 13 7 15 5 23 24 9 4 20 6 16 19 22 18 14 8 10 21 12 3
15 16 19 12 10 3 14 21 11 9 6 1 5 22 8 23 20 17 2 7 13 24 4 18
21 7 17 2 3 11 13 14 5 12 1 8 22 10 20 6 18 9 15 4 16 23 24 19
22 19 16 3 4 18 20 8 13 14 2 23 7 9 10 15 24 12 21 6 5 17 11 1
5 6 22 17 9 15 10 1 4 19 12 7 24 13 3 11 23 21 20 14 2 18 16 8
23 2 12 13 18 16 11 6 4 7 20 10 1 19 21 3 9 17 22 24 8 14 15 5
7 14 10 6 20 1 21 18 8 16 5 17 23 11 4 9 15 12 19 13 24 22 3 2
6 10 9 20 22 21 7 23 12 8 24 2 17 3 1 5 19 16 18 11 4 15 13 14
11 4 2 24 5 22 16 17 18 1 19 6 12 23 9 8 13 15 3 20 14 10 21 7
8 20 14 3 11 12 1 10 7 6 21 16 9 15 23 18 17 13 4 19 22 2 5 24
1 9 5 19 16 10 8 21 24 22 7 12 2 14 17 20 6 3 13 4 23 11 18 15
6 22 23 13 4 9 24 3 14 18 8 20 10 16 7 21 2 11 5 15 1 19 17 12
10 17 7 2 3 23 13 15 16 9 4 14 19 20 6 22 8 5 11 12 18 24 1 21
3 12 21 18 17 8 2 22 5 15 6 19 11 24 14 1 9 20 23 16 7 4 13 10
11 5 20 10 23 3 12 14 17 24 18 22 8 7 15 16 4 1 2 13 9 21 19 6
18 20 19 14 10 13 5 11 2 23 3 4 24 21 8 7 16 6 17 1 15 12 22 9
16 8 3 23 21 22 18 6 13 17 1 15 5 12 4 9 7 10 24 20 19 14 2 11
2 11 8 21 9 14 4 18 19 3 22 5 15 16 23 12 13 24 10 7 6 1 20 17
24 23 1 15 12 10 16 11 22 20 19 21 7 17 2 18 3 9 6 14 4 13 8 5
5 14 2 6 7 16 10 13 15 12 4 11 22 8 9 17 1 21 19 24 18 3 23 20
21 4 23 1 8 12 19 9 11 18 15 20 13 5 17 2 24 14 7 6 3 22 10 16
20 22 6 12 11 24 4 10 1 17 9 16 18 21 3 19 14 13 8 2 15 23 5 7
7 24 14 15 19 9 20 12 16 4 5 3 21 23 22 13 11 17 18 8 1 10 6 2
12 21 9 20 16 23 2 22 17 15 8 6 4 13 7 10 18 11 5 3 14 19 1 24
23 3 24 5 15 11 9 4 1 6 21 13 10 7 12 20 19 2 14 16 22 18 8 17
1 13 18 21 20 6 22 23 9 16 17 24 12 15 10 14 3 8 11 5 7 2 4 19
22 16 21 18 12 8 11 15 6 1 7 23 9 19 13 24 20 5 4 10 17 3 2 14
13 10 16 12 14 1 6 2 19 7 24 21 3 9 4 17 23 18 8 11 5 15 20 22
8 17 10 9 4 13 14 7 21 3 20 22 19 11 18 23 5 1 2 15 24 6 16 12
14 19 12 11 5 7 15 17 18 21 10 1 6 20 24 3 2 16 9 23 13 4 22 8
2 8 5 6 13 14 18 16 3 9 12 4 1 10 20 21 15 24 22 19 23 11 17 7
4 6 11 2 17 21 24 3 23 19 18 10 9 8 15 12 22 7 13 20 16 1 14 5
17 15 8 4 9 12 10 5 14 20 11 19 16 6 1 22 7 21 24 3 2 23 18 13
24 1 7 13 8 18 5 19 15 12 23 3 14 16 2 11 4 10 20 22 6 17 9 21
12 2 20 15 21 4 14 18 5 22 19 8 23 1 3 6 16 9 17 7 11 13 10 24
21 7 1 5 18 10 16 6 2 23 4 15 11 17 9 8 13 20 19 14 3 12 24 22
23 12 3 11 5 9 6 16 22 20 13 18 2 24 8 19 17 15 7 1 4 10 21 14
18 24 9 23 22 19 5 12 4 15 20 13 17 14 21 1 7 2 10 11 8 6 3 16
22 3 17 4 16 24 1 8 11 19 7 6 15 9 20 13 23 12 5 18 14 21 2 10
10 13 16 1 11 22 9 21 7 8 18 12 3 17 4 5 14 23 6 24 19 2 20 15
4 9 7 18 6 10 19 1 13 14 21 5 8 12 23 2 24 22 17 20 11 15 16 3
3 4 22 12 14 23 11 15 6 7 24 16 21 5 18 9 10 13 8 2 1 19 17 20
13 18 24 20 17 8 4 7 19 16 9 15 11 21 2 12 5 14 23 10 3 22 6 1
14 5 6 9 13 3 12 2 16 17 8 7 23 22 10 19 4 20 18 1 15 24 21 11
17 16 20 14 15 4 13 19 7 8 23 24 10 1 22 18 6 11 21 12 2 3 5 9
8 22 11 21 3 15 2 5 9 6 17 19 1 24 12 10 20 7 13 16 23 4 14 18
16 23 19 2 21 18 9 17 22 3 5 4 7 20 15 1 11 12 14 8 10 13 24 6
19 9 21 13 7 16 22 10 5 24 12 18 17 8 1 11 3 15 20 4 6 14 23 2
2 10 14 22 4 11 15 20 21 18 6 3 12 23 13 8 9 17 19 5 16 24 1 7
7 20 23 19 18 17 1 4 10 14 13 12 2 16 9 24 22 8 11 6 5 21 3 15
20 14 12 9 10 7 21 22 6 1 11 8 19 17 16 5 24 23 2 15 13 18 4 3
18 17 24 1 8 12 7 3 13 21 2 23 20 15 5 4 16 9 22 14 11 6 10 19
4 12 8 15 1 19 10 18 23 20 24 13 14 11 21 6 2 16 7 3 17 22 9 5
2 7 20 12 9 24 18 21 11 16 10 5 4 6 3 15 19 13 23 22 1 17 8 14
12 2 6 11 3 22 16 14 18 7 1 21 15 9 24 13 8 20 5 23 4 10 19 17
10 19 5 24 12 14 20 3 4 23 9 11 21 13 6 2 17 22 8 7 15 1 18 16
5 4 10 20 22 9 24 1 18 6 11 17 8 14 7 23 15 16 21 19 3 2 13 12
1 17 7 14 6 21 12 20 2 16 18 10 23 19 11 15 13 9 4 5 8 3 22 24
21 3 9 10 11 8 6 23 14 15 2 22 12 5 16 13 1 17 18 24 7 4 19 20
13 24 18 1 15 4 14 5 16 17 21 6 3 12 8 9 7 10 22 19 2 23 20 11
24 21 8 4 7 23 11 19 5 12 3 1 2 10 17 20 16 14 6 13 22 15 18 9
7 13 22 23 16 3 2 18 12 4 5 17 24 15 9 6 20 21 19 11 14 1 8 10
14 5 23 2 4 15 18 7 13 19 8 6 17 22 24 21 9 11 10 20 1 12 16 3
17 12 14 18 13 16 5 2 6 8 7 21 3 23 22 4 11 20 1 15 19 24 9 10
18 14 11 9 17 4 15 12 3 22 1 13 16 24 21 8 10 23 20 7 5 19 6 2
16 18 3 22 1 19 20 15 4 21 23 5 10 12 7 11 6 8 17 2 9 14 24 13
23 11 17 19 14 24 21 22 2 18 6 20 7 9 3 5 4 15 8 10 16 12 13 1
3 21 12 20 8 22 13 10 15 7 17 16 11 19 5 2 18 23 24 4 9 14 1 6
3 4 16 15 18 17 7 21 13 6 12 11 9 10 8 2 19 14 5 1 24 22 23 20
12 18 11 4 5 13 15 14 3 7 9 8 21 19 10 1 20 2 6 16 17 23 22 24
13 7 12 9 8 14 19 3 4 18 10 16 6 1 11 20 2 15 22 24 23 21 5 17
22 13 18 11 5 12 4 15 2 9 3 8 1 14 6 24 17 10 20 23 16 19 21 7
19 8 16 2 18 7 10 4 11 1 23 24 9 13 17 12 22 3 21 14 5 6 20 15
1 11 3 19 7 4 18 8 21 17 24 23 10 16 20 9 5 13 14 2 22 15 6 12
8 3 1 18 14 9 16 6 23 24 15 10 20 21 2 11 7 22 17 12 13 4 5 19
18 2 23 24 12 19 9 1 15 22 6 20 7 8 5 17 4 21 11 13 14 3 10 16
20 14 19 13 17 15 24 18 9 23 1 22 16 12 21 5 10 8 7 6 4 2 3 11
24 16 17 23 1 10 22 12 18 20 21 5 15 9 13 19 14 7 8 3 6 11 4 2
23 19 24 22 21 1 20 17 16 12 4 13 11 15 3 14 8 6 5 7 2 10 18 9
16 24 22 1 15 23 14 13 12 21 17 11 19 20 7 8 6 9 4 10 3 18 2 5
