36968 39287 35983 36827 36960 32003 33227 33254 31457 30262 31991 30371 30361 29794 28092 28585 27217 27341 25815 22699 24837 23682 23710 22303 20997 19666 19724 18671 17278 15680 12672 7820 7905 6126 6519 6085 5472 5676 4836 5230 4836 4808 4805 4082 3936 3736 3582 3394 3326 3125 3051 2937 2957 2669 2554 2301 2290 2232 1893 1827 1694 1639 1501 1432 1384 1180 1207 1145 1081 1011 952 978 907 797 793 748 700 741 691 644 585 533 545 524 527 458 425 400 390 400 338 302 305 254 253 241 244 232 203 200 191 187 182 154 164 148 156 150 130 116 115 98 107 98 89 81 78 83 76 73 67 67 63 58 58 49 43 43 43 37 35 36 30 32 31 29 25 27 26 22 22 19 20 21 19 17 15 15 14 14 14 14 11 11 10 10 10 8 8 8 7 7 6 6 6 5 5 5 4 4 4 4 3 3 3 3 3 3 2 2 2 2 2 2 2 1 1 1 1 1 1 1 1 1 1 1 1 1 1 1 1 1 1 1 1
4 11 3 20 1 7 23 13 28 24 8 15 9 2 21 31 27 10 18 26 17 12 19 25 14 29 16 32 30 5 22 6
17 15 6 16 28 31 13 27 7 26 2 21 25 22 29 4 3 8 5 12 23 18 11 14 20 30 19 10 24 32 9 1
23 1 10 6 31 14 11 5 17 19 22 30 12 28 26 29 7 21 13 9 18 8 20 4 2 27 32 25 16 15 24 3
19 9 31 14 3 17 18 6 26 16 5 12 15 7 8 20 11 22 30 10 21 32 27 23 25 4 1 29 13 24 28 2
6 7 30 1 22 20 26 29 18 32 9 11 23 27 25 14 4 16 24 21 31 2 5 19 15 17 13 3 28 12 8 10
5 12 21 15 6 23 24 1 16 3 11 22 13 20 2 7 28 31 4 27 32 10 18 29 26 25 8 14 9 30 19 17
9 27 22 18 30 3 28 26 1 7 14 29 24 21 16 6 15 11 31 2 20 5 25 17 4 23 10 12 8 13 32 19
7 21 13 26 32 16 2 3 22 1 25 5 10 30 17 27 12 28 23 8 14 19 24 18 9 31 15 11 20 29 6 4
2 8 5 28 10 12 3 30 21 9 18 32 6 31 23 13 25 24 19 22 16 15 1 26 29 14 20 7 4 11 17 27
21 26 17 24 16 32 12 20 3 25 31 7 2 14 15 22 19 9 6 5 10 4 29 11 1 28 18 30 27 8 13 23
29 22 25 27 20 18 19 15 4 8 21 23 5 6 12 24 10 3 14 13 9 17 28 30 11 16 7 31 2 1 26 32
28 17 14 19 7 22 21 23 24 27 32 25 16 13 4 18 8 29 1 11 12 3 30 20 31 10 2 26 6 9 15 5
25 10 12 4 17 30 29 11 15 14 19 3 22 32 1 16 20 2 9 28 5 24 8 27 7 6 23 21 26 31 18 13
24 32 16 11 23 8 5 9 12 13 10 1 4 19 14 17 21 30 25 31 29 6 15 28 3 2 26 18 22 27 20 7
1 13 11 17 2 15 4 22 25 23 26 20 31 16 24 21 6 14 8 19 27 9 12 32 5 18 29 28 3 10 7 30
8 25 15 32 11 28 30 16 19 4 3 27 18 29 10 5 13 1 17 7 22 21 26 12 24 9 6 23 31 20 2 14
27 5 32 30 4 26 22 17 9 6 20 10 29 12 13 28 23 19 11 1 8 16 2 7 18 3 24 15 25 14 31 21
11 19 29 3 25 2 9 28 23 30 13 18 20 26 27 15 17 6 10 4 7 31 21 1 32 8 22 5 12 16 14 24
26 20 1 13 18 6 7 4 2 17 12 9 27 10 5 32 31 15 29 24 11 30 3 8 19 21 25 22 14 23 16 28
12 30 26 7 14 19 17 31 6 18 4 2 1 8 9 11 16 32 3 23 15 22 13 24 10 20 28 27 21 25 5 29
22 2 4 29 12 13 31 24 20 21 1 6 28 11 19 30 18 17 26 32 3 25 10 9 27 15 14 16 5 7 23 8
10 18 8 12 9 27 32 25 11 2 15 16 30 4 6 3 24 26 22 14 13 28 7 31 21 1 5 17 23 19 29 20
13 31 24 25 21 1 14 10 29 5 30 8 11 23 20 2 9 27 15 16 28 7 6 22 17 32 12 19 18 4 3 26
3 14 2 9 13 5 16 21 8 10 29 28 17 24 18 23 26 7 27 25 19 1 22 15 30 11 4 20 32 6 12 31
32 28 7 31 5 25 15 8 30 12 27 14 3 1 11 19 22 4 20 17 24 29 23 13 6 26 9 2 10 18 21 16
14 6 18 8 24 9 27 2 10 22 16 17 19 25 31 26 5 13 21 29 1 20 32 3 23 12 30 4 7 28 11 15
15 4 19 5 27 21 20 7 31 29 24 26 14 3 30 12 32 18 28 6 2 23 16 10 8 13 17 9 1 22 25 11
16 3 27 21 26 29 10 19 13 15 23 31 7 18 28 25 1 20 32 30 6 14 9 2 12 24 11 8 17 5 4 22
18 23 28 10 15 24 8 14 27 20 17 19 32 9 7 1 30 25 2 26 4 11 31 6 16 5 3 13 29 21 22 12
30 24 23 2 29 4 1 32 5 11 7 13 8 15 3 9 14 12 16 20 25 27 17 21 28 22 31 6 19 26 10 18
20 29 9 23 8 7 6 18 14 31 28 24 21 17 22 10 2 5 12 15 30 13 4 16 26 19 27 32 11 3 1 25
31 16 20 22 19 11 23 12 28 24 6 4 25 5 32 8 29 10 18 3 30 26 14 17 13 7 21 1 15 2 27 9
4 16 20 6 1 11 25 13 32 28 8 2 9 5 21 31 29 23 7 3 26 10 19 14 22 30 18 24 15 17 27 12
4 29 3 2 19 10 25 13 17 24 23 15 26 20 22 6 28 21 31 18 32 8 27 5 14 7 16 1 11 12 30 9
27 4 21 7 29 31 28 1 23 20 6 17 12 3 26 10 2 22 13 18 16 32 11 5 14 19 8 24 9 15 30 25
31 28 17 22 6 14 13 5 26 18 27 21 9 8 32 29 16 4 3 12 10 15 23 25 1 20 19 7 24 2 30 11
17 23 10 15 31 19 24 6 27 2 14 22 8 5 3 11 7 32 12 9 26 1 20 16 29 4 21 25 30 13 28 18
20 1 6 21 13 17 26 18 16 10 11 4 19 22 15 7 8 31 27 3 12 28 32 5 23 25 2 14 29 30 24 9
30 6 23 5 8 29 7 12 32 11 28 27 26 2 16 4 25 10 18 20 31 22 13 21 9 14 15 24 19 3 1 17
3 7 9 28 19 10 12 29 25 26 8 32 21 1 23 31 15 18 6 17 14 16 2 4 11 27 20 13 30 24 5 22
6 11 31 24 16 4 32 2 19 28 22 20 1 17 12 14 29 21 7 30 27 25 18 3 13 5 10 26 8 15 9 23
11 3 18 14 5 24 17 32 21 22 26 7 25 19 2 20 12 9 1 29 23 8 4 13 31 28 16 6 15 30 10 27
16 9 20 27 14 12 25 13 6 24 18 10 15 31 17 3 30 19 8 23 21 4 26 2 5 1 28 29 11 32 22 7
30 15 22 8 27 11 16 5 14 31 9 6 13 10 1 19 23 2 32 21 20 26 25 24 7 18 3 12 28 17 4 29
21 12 3 20 24 1 27 31 5 7 25 28 2 15 29 23 6 13 19 18 4 9 14 10 22 16 26 11 32 8 17 30
28 26 13 25 10 14 21 20 11 5 17 1 6 18 22 8 32 24 23 19 9 29 3 7 15 12 4 27 31 2 30 16
5 24 26 18 1 27 23 8 20 12 16 30 3 4 11 2 22 28 9 6 17 7 21 25 19 29 32 14 10 13 31 15
1 18 22 31 7 5 10 14 30 23 12 9 28 32 21 6 3 17 24 15 2 11 16 4 25 13 29 8 26 27 19 20
8 16 14 23 26 31 4 19 9 25 1 15 24 28 18 12 21 27 30 7 29 20 10 11 2 22 5 32 17 3 13 6
12 30 24 3 32 23 20 6 7 29 31 25 9 14 26 1 19 5 22 16 18 13 11 27 4 17 15 2 21 10 28 8
32 20 10 19 30 13 15 17 26 9 4 18 14 21 6 28 24 12 29 1 3 5 7 8 22 2 27 25 16 23 11 31
9 14 8 26 15 6 1 16 12 11 20 23 10 13 30 22 5 7 2 27 19 31 29 18 17 32 21 4 24 25 3 28
25 8 2 17 31 21 29 23 13 22 14 16 26 12 27 18 20 15 4 28 5 6 1 3 10 24 7 30 9 11 32 19
26 19 11 9 18 2 6 28 10 16 24 14 20 25 8 4 17 29 5 32 15 23 12 1 3 21 30 31 27 22 7 13
19 21 31 10 23 8 28 4 2 17 6 3 32 29 5 13 18 11 14 25 1 24 20 26 9 30 16 7 12 15 27 22
4 2 19 12 28 9 24 18 17 8 23 13 31 6 15 32 27 30 21 11 7 3 22 29 14 10 25 1 5 20 26 16
18 17 1 14 2 4 5 9 24 19 21 25 27 11 28 7 13 22 16 20 26 15 6 12 30 31 23 10 3 29 8 32
13 29 12 4 22 16 31 27 3 5 30 26 17 9 25 21 7 14 11 10 32 18 28 20 15 6 8 19 1 24 23 2
10 5 4 13 17 30 22 26 14 27 29 15 18 16 7 11 2 23 20 9 8 21 24 32 31 3 1 28 25 19 6 12
31 15 30 5 12 32 7 11 4 18 3 24 19 22 13 29 28 1 10 14 25 17 8 6 27 26 20 16 23 9 2 21
7 31 21 1 4 28 2 15 29 6 22 9 16 30 24 27 10 32 25 3 14 19 17 5 18 11 12 23 13 26 20 8
2 27 32 15 20 7 9 22 1 31 13 12 29 5 3 10 26 6 28 24 11 30 23 14 21 8 19 17 4 18 16 25
29 10 17 32 6 8 19 30 5 21 7 1 25 24 16 15 11 20 22 26 31 2 18 28 13 23 14 3 27 4 12 9
22 6 27 29 3 20 16 10 26 28 2 19 7 23 4 25 1 31 15 30 24 5 21 13 32 14 9 8 18 12 17 11
14 25 9 22 11 26 17 27 12 20 10 29 8 7 32 16 31 1 5 4 13 23 30 19 24 3 6 21 2 28 18 15
2 26 23 28 25 19 11 29 6 15 32 22 12 13 8 3 16 4 18 27 30 21 14 31 1 7 10 24 20 17 9 5
24 9 25 2 16 1 26 12 22 7 4 20 11 23 19 17 5 10 31 15 28 3 13 21 29 32 8 18 6 14 27 30
7 16 13 24 26 18 21 5 28 1 31 6 3 12 10 9 25 23 4 17 8 20 32 2 11 22 27 14 19 30 15 29
10 24 6 1 8 11 32 7 18 4 28 30 2 15 3 23 21 26 20 12 9 22 29 16 25 13 5 27 14 31 19 17
20 13 5 11 6 29 23 1 7 25 12 4 15 14 17 8 19 2 3 31 10 28 27 30 16 18 24 9 21 32 22 26
17 3 29 8 23 5 15 31 20 32 19 2 6 21 27 14 11 13 26 1 18 9 4 24 12 28 22 25 16 7 30 10
4 18 28 20 29 17 14 13 2 24 25 5 1 26 21 31 27 30 7 16 19 10 12 22 8 11 15 6 23 9 32 3
19 8 6 16 1 10 25 14 32 23 15 28 21 30 26 27 2 5 9 3 17 31 24 29 7 20 11 12 22 4 13 18
5 23 7 12 15 2 3 30 27 10 17 8 32 24 22 19 14 18 11 21 29 13 6 31 4 16 28 26 9 25 1 20
15 11 30 27 32 14 4 2 23 12 9 21 13 18 20 5 22 25 1 29 16 19 31 10 24 17 3 28 26 6 8 7
22 28 26 23 18 24 12 8 1 14 16 27 9 25 13 32 20 15 10 2 11 30 3 7 19 5 29 4 6 21 31 17
8 7 1 21 2 31 11 19 9 27 20 18 30 3 15 4 28 24 23 32 22 29 16 25 6 10 26 13 12 17 14 5
9 2 19 25 24 30 20 15 10 6 7 22 27 11 14 26 18 16 21 8 12 17 28 1 32 4 13 3 31 5 29 23
26 14 3 28 20 12 16 9 30 2 29 11 4 32 18 21 31 17 13 24 27 7 25 8 23 6 1 19 5 15 10 22
18 4 21 13 5 9 2 23 17 8 1 31 7 6 12 20 10 32 24 25 30 15 22 28 27 16 11 14 3 29 26 19
13 19 8 31 27 23 1 11 21 9 3 10 14 17 24 18 12 28 6 7 4 26 30 32 5 2 25 16 29 20 22 15
12 15 25 19 7 32 17 10 13 26 23 8 20 4 5 14 16 3 30 18 31 22 1 6 9 29 21 24 2 28 11 27
21 29 5 22 17 20 27 26 16 30 6 3 19 9 28 13 1 12 14 4 7 2 23 18 11 25 32 10 15 8 24 31
1 22 18 26 25 27 7 24 19 15 16 6 12 14 4 29 32 21 2 9 28 11 17 20 3 23 10 30 8 31 5 13
31 20 28 9 4 25 30 5 11 10 18 32 6 8 7 16 3 27 12 17 15 24 14 26 29 22 23 1 13 19 2 21
32 31 4 18 10 28 5 22 3 19 8 24 25 7 30 1 13 11 16 23 20 6 2 12 21 26 15 29 17 27 14 9
25 21 12 15 3 13 28 20 8 29 26 23 31 22 2 11 7 4 32 19 24 18 9 27 16 30 17 5 1 14 6 10
29 1 13 10 30 4 3 18 31 14 21 7 5 28 32 25 6 9 27 11 23 8 19 16 2 12 22 15 20 24 17 26
14 27 20 24 12 21 2 31 25 23 28 5 18 29 17 7 4 22 8 10 1 32 11 15 30 9 6 26 19 13 3 16
6 12 23 32 9 11 14 4 15 25 22 2 24 10 16 31 26 29 17 30 3 28 20 19 13 21 5 7 27 1 8 18
2 6 17 7 14 5 27 12 9 1 24 28 11 13 25 8 23 10 29 3 21 26 15 4 22 19 31 32 16 18 20 30
26 3 29 4 19 1 10 32 22 27 2 13 16 24 6 17 5 18 31 21 8 9 7 14 15 28 20 12 25 30 23 11
32 8 9 29 11 7 22 17 28 31 10 30 27 16 20 19 15 6 25 2 26 18 21 13 1 5 24 23 14 12 4 3
8 30 32 18 31 19 23 29 13 28 11 21 3 26 14 12 24 20 9 15 10 5 1 22 17 2 7 25 4 27 16 6
17 13 27 5 22 6 15 28 24 12 31 18 1 21 29 10 11 14 26 16 2 19 23 3 8 4 30 9 32 20 7 25
10 28 18 16 2 29 25 1 20 24 13 15 21 17 22 5 14 26 6 31 32 3 30 11 19 27 4 8 7 23 9 12
30 16 14 1 28 10 21 6 23 32 5 27 15 12 18 22 8 2 11 20 9 13 3 7 25 29 26 17 24 19 31 4
29 5 22 26 27 18 19 16 17 21 12 20 13 30 32 15 9 3 2 14 25 4 7 24 10 23 8 31 28 11 6 1
13 32 26 2 6 16 31 30 1 7 27 4 29 5 15 24 25 23 3 17 10 21 8 9 12 14 20 11 18 22 19 28
25 24 8 6 3 14 1 19 27 4 9 17 20 15 21 32 18 31 13 12 16 22 5 10 23 11 28 2 30 26 7 29
24 7 29 11 15 31 17 14 5 26 30 9 23 6 10 3 21 8 28 18 20 32 16 2 27 12 22 4 25 1 13 19
31 25 11 12 7 26 4 18 6 20 14 19 9 23 8 10 22 15 29 27 1 2 17 30 28 13 32 5 21 3 16 24
19 17 7 14 8 13 3 29 10 16 23 22 2 4 5 26 28 24 32 15 18 30 11 27 6 20 1 21 9 31 12 25
12 11 6 32 17 24 9 7 25 8 15 1 19 18 13 21 20 10 23 16 14 29 22 5 31 30 3 27 26 2 28 4
1 9 25 4 16 23 12 32 30 2 11 15 8 29 24 20 10 13 27 6 3 31 19 21 22 26 7 28 17 14 18 5
18 23 5 19 25 27 26 21 2 28 17 6 16 9 12 4 31 29 10 32 24 11 15 20 3 7 14 13 22 30 1 8
4 19 17 8 10 20 18 26 3 12 6 21 14 22 30 13 2 27 24 7 23 15 31 25 29 1 9 32 16 28 5 11
5 2 27 16 22 32 29 28 19 14 26 3 11 7 25 15 6 17 30 9 13 23 18 12 24 8 31 1 10 21 4 20
14 28 19 13 20 29 11 2 31 24 1 8 18 3 26 9 15 22 16 10 21 7 23 6 4 32 5 25 12 17 30 27
20 1 12 3 18 2 7 23 29 19 25 30 15 28 4 22 13 32 21 11 31 10 9 8 16 17 24 6 5 27 26 14
15 5 13 22 14 8 20 30 21 29 3 28 26 32 23 27 11 19 25 1 7 17 16 31 9 10 4 18 2 12 24 6
22 18 9 21 5 17 6 24 8 7 4 10 32 14 27 30 19 28 12 31 16 26 20 11 15 25 2 29 1 13 23 3
7 16 20 9 32 5 22 31 15 21 10 27 17 8 11 23 14 25 4 29 28 6 1 26 30 19 13 24 3 18 2 12
21 29 30 23 19 28 32 8 10 26 2 11 1 16 22 17 24 7 20 4 14 25 12 18 27 9 6 15 31 5 3 13
24 30 1 31 11 16 25 22 23 9 5 13 3 10 15 29 26 4 14 21 19 20 2 32 7 18 27 12 6 8 17 28
9 11 21 29 12 6 26 1 13 31 19 7 24 15 3 5 4 14 18 8 27 28 25 16 17 22 10 23 30 32 20 2
13 12 32 10 31 14 9 16 2 6 30 4 7 3 28 18 23 11 27 26 8 24 5 1 25 21 17 19 20 15 22 29
25 31 3 17 2 26 10 13 22 8 21 32 5 18 7 12 20 6 23 24 4 9 14 27 1 28 30 11 19 29 15 16
29 17 4 27 3 19 23 14 26 32 12 31 10 21 16 24 28 9 1 20 18 5 15 22 13 6 8 2 7 25 11 30
18 3 22 5 6 11 17 20 27 1 13 29 31 9 2 25 21 16 28 19 15 4 8 30 12 26 23 7 32 24 14 10
11 6 12 7 4 25 15 17 5 27 31 24 29 13 19 14 18 20 8 16 32 2 22 10 21 30 26 28 23 9 3 1
17 22 23 1 27 18 5 11 6 16 15 9 25 32 29 19 3 12 20 14 10 21 13 4 8 24 28 30 26 7 2 31
20 21 26 31 16 4 24 10 9 22 14 17 13 23 8 3 32 5 12 1 25 30 6 2 15 19 29 27 11 18 28 7
12 13 19 3 28 21 30 6 16 20 8 25 32 5 17 11 7 1 31 18 22 29 24 14 10 27 2 26 4 23 9 15
10 24 31 9 15 12 1 2 32 4 7 20 21 11 13 22 27 30 29 25 26 19 17 8 5 18 3 6 14 28 16 23
8 7 9 2 5 10 12 16 11 30 18 23 4 25 14 31 1 19 21 27 3 6 26 28 32 22 20 15 24 13 29 17
1 9 8 13 17 7 3 12 28 25 29 4 15 16 26 5 30 23 10 2 20 31 19 24 11 14 6 21 18 32 22 27
30 26 29 14 10 27 31 5 18 2 19 16 28 17 6 7 25 8 4 23 1 22 32 15 3 11 21 9 13 12 20 24
2 25 5 10 8 9 21 31 12 4 27 14 20 24 16 26 22 18 13 30 19 3 28 7 23 17 15 29 6 11 32 1
31 27 11 21 4 16 14 1 3 10 23 8 9 30 12 18 19 22 17 32 24 15 20 6 28 2 25 13 29 5 7 26
19 15 28 29 30 6 4 26 25 31 20 22 1 12 21 27 5 24 3 11 9 13 7 18 16 23 14 10 32 2 17 8
15 23 13 26 24 17 11 21 30 19 5 7 18 29 28 1 10 32 14 3 16 20 25 9 2 12 27 8 4 22 31 6
3 2 14 18 23 1 6 7 17 9 28 32 4 22 10 29 8 27 24 12 5 25 30 16 31 20 13 19 21 15 26 11
5 8 20 22 31 24 32 12 1 28 29 10 16 6 3 21 25 7 2 15 13 14 18 4 19 9 11 17 27 26 23 30
14 4 25 5 1 13 18 20 19 29 26 2 7 8 27 30 31 28 32 6 21 24 11 12 22 10 9 3 23 17 15 16
9 18 6 17 19 31 20 8 25 7 21 15 2 28 24 14 30 10 11 29 23 26 16 5 4 32 22 12 1 27 13 3
32 21 1 8 22 23 29 14 12 17 27 28 25 26 7 15 2 13 6 16 30 10 31 19 11 4 5 18 9 3 24 20
21 6 27 32 18 8 7 24 16 12 22 3 23 14 15 13 4 11 26 10 2 28 1 20 9 5 17 31 19 25 30 29
4 29 7 19 6 2 15 22 1 25 20 12 26 28 11 3 9 16 27 17 8 5 23 14 18 13 24 21 31 30 10 32
7 11 2 15 20 19 26 13 24 32 14 5 31 25 4 16 1 6 30 21 27 17 9 3 12 29 10 23 28 8 18 22
12 22 10 23 7 4 16 27 17 1 9 30 6 29 26 19 21 5 18 31 20 11 2 15 3 8 32 13 25 24 14 28
30 27 21 20 24 29 12 18 3 6 11 19 15 1 17 9 28 31 16 8 7 4 5 32 23 25 13 14 22 10 26 2
3 1 17 21 16 14 5 28 31 30 12 18 27 24 19 26 8 15 7 9 32 10 22 11 25 6 23 4 20 2 29 13
22 20 29 3 25 32 23 17 18 16 30 13 5 26 2 10 27 4 12 7 31 9 6 1 24 21 14 28 8 15 11 19
9 31 18 14 28 27 21 29 5 23 16 1 19 8 10 11 6 20 25 4 15 13 3 22 7 24 30 32 2 26 17 12
16 2 23 1 19 5 18 30 11 22 17 6 3 4 14 12 10 29 13 20 26 32 21 24 27 28 7 25 9 31 15 8
15 24 32 26 30 21 14 16 28 2 6 31 8 5 22 27 13 17 3 19 25 23 12 9 1 7 4 11 18 29 20 10
13 8 12 28 17 25 6 18 19 21 3 11 10 16 5 32 22 14 24 2 4 7 26 31 30 20 9 15 29 23 1 27
17 10 22 6 11 1 25 9 29 28 18 14 21 30 12 24 7 23 2 31 3 26 15 16 32 19 27 8 13 4 5 20
1 32 2 16 27 28 22 26 7 10 4 25 31 12 6 23 5 30 17 8 9 18 20 19 13 14 15 29 11 21 3 24
5 30 4 7 18 12 3 15 20 27 31 23 11 22 29 25 32 24 1 16 2 28 13 10 17 9 21 19 14 8 6 26
19 12 1 29 32 31 11 4 6 5 10 8 20 17 22 7 3 27 23 15 24 14 30 21 28 2 25 9 26 13 18 16
31 25 19 13 22 11 4 32 15 9 2 18 29 14 21 17 23 10 16 12 5 20 24 27 6 1 8 26 30 3 28 7
2 15 14 27 3 7 29 8 30 19 23 17 9 6 13 20 11 1 21 4 28 5 18 32 31 25 26 10 24 12 16 22
24 26 16 5 14 4 25 23 9 22 13 28 2 7 27 1 19 31 20 11 10 15 32 8 18 30 6 17 21 29 12 3
14 7 8 24 15 16 20 1 22 31 28 5 17 23 30 18 26 21 10 27 25 29 19 6 2 4 11 3 12 32 9 13
18 17 26 20 8 9 30 13 27 32 5 25 16 4 3 21 15 12 14 23 1 6 28 22 19 10 29 24 7 11 31 2
25 16 20 12 31 6 26 22 29 8 19 27 1 32 28 15 24 2 5 10 30 21 9 13 23 11 4 18 3 17 7 14
11 5 32 8 1 13 17 20 31 6 7 10 26 15 23 30 19 9 18 25 21 3 14 2 16 12 28 27 22 4 24 29
4 26 21 19 23 24 9 7 16 20 1 11 13 25 12 31 2 28 6 14 3 17 8 18 10 27 32 30 29 5 22 15
17 9 28 18 20 23 7 2 32 27 24 15 14 1 4 29 11 13 8 21 16 19 22 3 25 26 10 6 5 12 30 31
32 13 9 2 10 25 19 6 4 29 8 1 24 11 16 17 18 5 27 3 23 22 15 28 21 7 20 31 12 14 26 30
8 15 13 31 4 10 24 27 18 21 6 19 28 12 25 16 20 29 26 9 22 11 5 14 3 17 2 7 30 1 32 23
31 17 11 15 27 21 32 14 12 1 3 24 23 10 8 5 7 22 29 6 18 4 16 30 9 19 26 2 20 25 13 28
16 18 10 22 15 17 3 24 11 25 28 21 6 14 5 9 31 4 30 29 13 32 7 20 1 8 23 26 19 27 2 12
20 16 22 10 6 5 31 11 3 14 4 2 18 26 28 19 32 25 21 30 7 9 12 15 29 23 27 13 1 24 8 17
7 32 6 13 11 2 22 10 5 16 14 30 12 29 18 27 24 3 4 17 19 23 26 9 15 20 31 25 28 21 8 1
19 27 23 29 1 11 16 21 9 4 17 13 32 18 26 25 12 8 7 10 20 2 31 5 30 28 15 14 3 22 24 6
6 30 12 3 8 29 5 2 19 26 1 20 25 16 13 11 4 15 18 9 14 24 17 7 27 21 22 23 31 28 10 32
1 3 7 25 12 19 14 31 20 30 16 6 4 24 17 13 22 23 28 26 8 15 9 27 32 29 21 11 18 10 2 5
10 24 18 27 16 28 1 32 15 17 13 3 5 22 14 23 2 7 8 12 31 26 21 29 4 6 30 19 25 9 20 11
2 12 27 1 22 8 10 29 18 19 24 31 17 30 7 26 9 6 3 14 32 25 20 16 11 5 28 4 21 13 23 15
22 5 14 16 3 1 15 20 7 28 9 2 24 10 8 18 26 17 25 21 4 30 11 19 31 32 13 29 6 23 12 27
15 10 4 6 14 7 21 22 30 23 2 16 9 3 24 32 1 20 11 27 26 13 8 25 12 29 5 18 17 31 28 19
13 9 29 17 31 18 6 8 22 4 19 24 1 28 21 14 30 16 12 20 10 7 23 11 5 27 2 15 26 25 32 3
8 23 13 26 4 12 32 30 6 9 18 16 2 5 27 15 14 11 10 25 28 21 19 31 22 1 7 17 24 3 29 20
30 7 9 23 24 27 17 12 28 16 11 20 29 15 25 22 13 14 18 19 4 31 5 21 6 26 3 10 8 2 1 32
9 4 5 21 17 10 12 24 32 31 22 6 13 8 19 1 23 30 16 15 27 28 3 20 7 14 25 2 11 29 26 18
24 31 30 18 25 29 11 23 16 20 27 17 28 21 4 9 5 13 32 3 15 14 2 8 19 12 1 6 10 26 22 7
18 25 19 28 30 32 5 11 4 22 26 27 21 23 6 12 15 1 13 7 9 20 24 2 16 8 10 29 14 17 3 31
14 28 22 9 10 4 26 27 17 8 15 19 25 6 23 16 20 12 5 24 21 2 18 13 29 11 3 32 7 30 31 1
10 1 17 8 19 6 16 21 26 12 3 22 15 7 30 29 4 2 20 11 5 18 14 32 28 13 31 27 25 24 9 23
3 11 19 2 20 5 24 6 31 29 8 1 27 17 10 7 18 16 25 26 32 15 13 28 23 22 9 12 4 21 14 30
12 19 20 7 16 25 9 1 27 17 10 15 23 32 3 5 26 28 14 31 18 6 11 22 24 30 8 21 2 4 13 29
20 5 8 16 3 30 15 2 29 21 12 13 19 26 18 32 27 17 11 23 31 10 28 4 25 24 22 9 6 1 7 14
22 8 28 12 5 13 18 9 19 23 4 14 7 16 2 31 25 32 24 17 26 29 30 1 10 21 20 3 27 15 6 11
8 2 3 19 11 7 23 31 26 25 27 21 16 18 15 20 22 10 4 29 28 32 1 24 5 9 6 12 13 14 30 17
14 13 12 32 28 24 20 15 7 26 23 3 27 21 29 25 30 31 17 16 1 4 22 11 18 19 5 6 9 8 10 2
25 8 14 12 32 19 17 26 22 2 31 28 18 9 6 24 3 11 29 1 7 13 16 10 21 23 4 30 27 15 20 5
15 29 22 24 14 9 31 16 6 1 11 19 7 12 13 23 8 10 17 21 4 20 25 18 32 5 27 3 26 30 2 28
6 16 21 23 15 12 22 13 5 8 4 17 11 29 2 9 20 7 14 3 19 25 24 30 18 10 26 28 1 27 32 31
25 2 11 9 10 18 6 4 26 7 8 3 16 5 17 20 14 23 12 29 15 30 31 19 1 13 21 32 28 24 22 27
19 13 6 18 8 16 21 15 17 10 2 5 20 7 11 3 25 9 4 27 28 24 26 1 12 32 30 23 31 14 29 22
15 22 20 8 12 17 11 18 3 2 7 9 31 25 16 14 13 6 28 1 27 32 30 5 10 29 24 4 21 26 23 19
7 23 17 21 20 24 5 16 15 6 9 10 12 3 29 27 11 32 1 30 8 14 2 18 19 4 13 31 22 25 28 26
18 15 10 6 25 2 14 11 4 23 30 24 26 29 19 13 32 31 21 8 1 7 22 3 9 28 5 27 20 12 16 17
2 20 25 17 6 13 26 23 30 28 16 12 14 4 7 19 10 21 32 9 22 5 1 29 31 27 11 24 18 8 15 3
13 6 2 15 5 9 3 7 1 25 27 30 32 18 28 31 22 4 8 10 26 29 16 24 11 21 20 19 17 23 12 14
4 29 7 26 18 11 27 9 32 30 21 31 28 1 8 12 15 13 6 19 24 3 23 25 5 20 10 17 16 22 14 2
24 18 16 28 2 32 20 26 29 22 31 21 4 9 27 30 1 5 13 12 25 23 19 15 3 8 6 11 14 17 10 7
32 16 29 5 28 27 30 14 31 19 1 2 3 6 21 18 23 25 26 24 20 22 12 10 4 17 8 15 13 7 9 11
30 3 32 24 19 1 31 27 28 20 15 14 18 23 4 26 5 22 29 16 10 21 17 13 2 6 9 25 7 11 8 12
1 32 28 31 30 29 23 10 16 26 19 27 21 22 15 25 12 20 24 7 9 4 14 8 17 11 2 18 5 3 6 13
22 30 1 25 32 23 18 31 27 14 26 28 15 16 24 11 21 29 20 17 2 19 8 6 13 12 4 7 9 10 3 5
16 31 30 32 22 21 29 28 20 1 23 18 25 17 12 24 19 15 3 11 14 26 13 2 27 9 7 8 10 5 4 6
