73916 57397 54144 53645 48387 46159 43783 41177 39665 39946 32437 29065 27411 24907 24521 21155 19730 18734 16238 16238 15412 16220 14973 14719 13897 11805 10260 10952 10126 8884 8111 8185 7856 7914 6554 5258 5726 5152 5026 5013 4779 4026 3354 3354 3533 3188 2935 3025 2756 2774 2242 2528 2139 2111 2138 1658 1787 1643 1646 1450 1392 1392 1343 1089 1157 1089 995 988 979 887 797 761 701 625 642 588 580 545 524 513 470 460 423 389 378 357 349 312 280 252 263 247 248 236 219 210 176 183 169 151 147 145 139 136 124 124 105 106 105 94 94 79 79 77 74 69 66 58 63 54 47 47 47 44 39 39 39 37 34 32 30 28 27 23 23 22 21 19 17 18 18 16 16 14 13 12 13 12 10 9 10 8 8 8 7 7 7 7 6 6 6 5 5 5 5 4 4 4 4 3 3 3 3 3 2 2 2 2 2 2 2 2 2 1 1 1 1 1 1 1 1 1 1 1 1 1 1 1 1 1 1 1 1 1 1 1 1
47 16 7 24 39 13 4 29 8 10 44 15 21 23 38 34 11 22 1 36 48 37 28 3 41 45 20 43 5 26 35 46 14 32 30 6 2 25 19 12 18 31 9 17 27 33 40 42
29 44 36 9 22 37 42 32 10 12 11 14 8 27 39 1 24 28 21 19 43 15 13 34 2 23 3 45 16 7 41 6 26 40 38 4 5 47 18 30 46 48 25 20 17 33 31 35
32 39 17 13 23 10 37 14 31 38 12 15 40 29 3 34 48 5 4 28 27 11 2 19 7 22 47 46 1 8 30 18 35 20 24 6 42 36 33 16 25 21 43 44 26 45 9 41
4 1 32 26 30 10 42 46 28 19 7 14 48 20 47 17 45 33 36 18 24 13 9 43 34 21 8 25 6 11 40 27 16 2 37 38 41 12 39 5 35 15 44 31 23 3 22 29
13 33 37 32 29 24 28 6 45 14 26 48 8 12 15 22 5 2 47 36 16 34 10 18 31 9 42 17 19 40 39 21 30 7 43 4 1 44 35 41 46 27 20 23 3 38 11 25
23 4 12 42 40 25 11 36 16 43 29 47 31 8 7 13 30 34 10 33 48 27 5 41 21 2 15 37 28 24 44 39 22 32 17 46 20 3 38 45 14 19 18 9 35 6 1 26
28 14 38 19 12 17 21 48 32 24 20 39 27 9 22 25 11 37 18 23 35 26 4 6 15 1 43 46 31 29 30 34 45 36 5 40 8 41 2 33 47 42 7 10 16 44 13 3
20 10 3 46 15 4 42 24 34 7 33 45 9 13 1 41 39 21 47 19 5 2 31 16 17 40 29 23 25 27 14 8 38 30 48 37 18 22 32 28 43 44 6 11 26 36 35 12
43 45 4 15 23 35 37 9 1 22 13 12 42 10 30 36 44 31 33 28 27 25 48 8 34 18 26 40 5 7 32 19 20 14 47 29 3 6 46 21 2 24 17 16 41 11 38 39
36 39 42 47 35 11 14 21 41 5 25 26 40 23 3 29 24 22 12 13 45 17 27 1 2 7 38 4 43 8 19 6 34 16 30 20 10 9 44 15 48 31 33 28 46 32 37 18
12 22 28 21 1 34 31 35 17 14 44 24 8 27 15 3 5 47 37 25 16 42 41 4 19 30 45 33 29 26 43 46 36 18 20 10 7 11 9 38 39 13 40 23 2 48 6 32
21 31 35 38 46 37 4 28 18 10 16 14 26 8 47 48 3 40 9 17 39 15 5 22 29 20 34 30 23 41 7 24 27 33 12 44 36 43 19 42 32 11 2 6 13 45 25 1
46 17 43 18 38 12 32 29 24 40 21 13 48 36 9 10 27 5 16 37 14 28 1 34 7 8 20 39 45 44 26 35 19 4 33 2 15 47 22 30 6 25 23 41 31 3 42 11
10 21 27 36 2 15 25 40 35 12 9 29 23 32 26 18 20 13 44 1 19 48 45 30 3 24 11 6 16 37 42 43 33 7 22 47 31 34 39 5 14 41 28 8 17 4 46 38
26 5 18 28 21 31 1 16 10 27 36 2 29 37 25 34 38 45 6 48 24 47 20 19 46 44 33 13 3 42 39 9 15 22 4 12 14 23 7 30 32 11 41 43 40 8 17 35
35 30 25 44 4 23 41 32 31 11 14 15 1 2 45 22 40 17 3 47 43 37 24 21 39 10 18 9 19 48 46 36 42 8 26 7 28 38 5 20 34 29 13 33 27 12 16 6
17 11 31 29 46 8 22 34 43 21 7 39 33 20 5 14 45 25 4 9 6 1 37 38 13 23 28 36 44 30 41 3 18 32 40 48 35 12 47 42 24 27 10 16 19 26 15 2
25 3 32 5 22 24 18 12 8 19 17 31 21 45 39 1 13 28 36 37 9 23 43 16 41 48 47 38 42 4 30 27 6 40 10 15 7 33 11 14 2 26 34 20 29 35 46 44
32 44 26 20 43 29 46 7 40 38 12 1 42 22 30 45 36 6 24 27 17 34 4 28 14 35 41 25 39 37 8 15 48 47 11 2 3 13 18 16 9 19 5 31 23 10 21 33
46 16 47 36 39 2 28 43 14 41 15 33 25 10 6 26 22 24 21 19 29 30 13 4 45 34 3 37 1 18 35 48 40 23 38 44 8 17 20 32 11 42 9 12 5 27 31 7
34 47 17 22 18 43 36 14 16 25 42 24 8 21 27 10 48 11 41 12 5 44 26 31 7 40 35 30 6 28 45 39 13 15 3 4 38 37 1 29 46 33 23 19 9 2 20 32
28 4 22 16 34 18 19 1 20 10 43 14 7 27 39 17 15 36 31 6 12 41 3 46 9 42 24 26 13 11 32 38 21 29 30 37 5 40 35 8 44 48 25 47 45 23 33 2
30 12 48 10 45 4 22 26 9 47 19 21 46 14 38 43 2 20 32 41 28 27 44 29 40 8 31 23 37 24 3 13 16 5 25 6 42 36 33 18 35 1 7 11 15 17 39 34
9 33 3 48 30 7 35 40 17 12 6 44 34 42 26 13 31 29 1 22 2 14 16 36 46 41 4 5 11 27 47 45 19 25 18 28 24 15 32 37 23 39 43 8 21 38 10 20
33 20 27 1 9 23 2 22 24 45 39 8 36 30 40 3 19 44 15 32 41 26 31 21 6 43 35 18 48 13 37 28 17 14 29 5 12 11 7 4 47 25 16 46 38 34 42 10
11 9 43 27 25 32 23 44 3 14 29 47 15 5 28 35 39 17 26 31 38 40 12 22 24 18 34 16 8 46 10 7 48 20 6 33 36 41 37 45 42 21 1 4 2 19 30 13
10 36 14 31 40 37 41 15 43 4 35 12 28 16 18 11 1 2 38 17 21 25 48 32 5 47 42 46 27 44 22 34 45 26 23 29 6 7 39 33 9 19 20 24 13 30 8 3
17 3 4 5 24 12 32 6 21 40 7 48 31 9 22 41 35 30 33 23 16 29 34 8 2 20 43 39 19 26 13 42 27 36 46 18 45 44 47 38 14 15 37 10 28 1 11 25
36 25 12 20 15 11 42 47 34 24 28 37 9 17 7 19 8 3 40 33 35 4 2 27 31 22 41 45 6 29 14 46 1 30 5 48 18 43 38 21 39 32 10 23 16 44 13 26
23 10 29 14 28 17 11 8 32 30 45 13 48 12 25 33 40 34 9 4 27 37 15 3 19 1 47 36 31 41 21 24 42 18 44 46 38 22 5 20 43 26 2 16 35 6 7 39
13 16 37 4 23 8 29 24 18 38 34 45 42 36 32 48 30 14 10 39 43 2 27 33 21 15 46 17 25 40 7 44 11 47 12 31 20 35 19 28 41 5 3 9 22 26 1 6
40 14 7 32 26 19 4 48 45 22 46 2 27 13 5 29 47 6 37 35 36 12 11 34 17 24 15 9 39 8 28 18 30 23 43 20 25 16 1 10 38 44 42 31 3 21 41 33
45 32 17 13 10 6 46 3 22 21 12 1 47 29 31 36 41 37 25 16 48 42 43 18 4 2 8 38 23 7 35 19 9 40 20 15 14 28 34 26 11 27 5 30 39 33 24 44
8 22 28 44 1 26 33 18 30 7 14 4 37 2 15 25 11 47 38 27 9 46 5 19 42 16 29 20 45 48 23 21 36 3 34 39 35 13 12 41 31 24 40 43 17 10 6 32
4 11 42 21 29 34 31 36 40 41 5 20 23 43 45 7 37 48 2 25 44 17 22 32 39 30 33 28 1 16 12 27 26 8 46 19 10 3 6 14 24 13 18 15 9 35 47 38
25 38 26 24 46 31 39 29 2 15 11 42 19 4 6 18 3 40 21 44 14 48 13 23 36 10 20 33 28 37 43 8 32 7 22 47 1 17 9 5 34 45 41 12 27 30 16 35
12 1 36 29 3 21 28 24 31 43 9 26 40 22 47 23 35 33 16 13 27 4 17 39 15 44 45 46 5 18 6 48 14 30 10 34 8 7 2 32 25 42 11 20 19 38 37 41
47 36 25 14 12 24 1 15 28 4 44 19 26 20 30 11 13 5 41 18 21 23 37 38 3 7 27 43 29 42 8 39 6 2 40 10 31 35 22 16 34 33 9 17 46 32 45 48
43 44 21 42 2 15 25 8 10 5 17 39 33 36 14 34 48 11 40 38 24 37 41 27 13 45 19 4 16 30 26 35 22 32 47 7 6 9 18 29 20 46 3 28 23 12 31 1
26 21 32 31 28 25 14 46 41 30 36 40 29 16 9 27 20 45 47 48 6 13 10 43 34 23 3 2 44 8 22 24 7 4 15 12 5 33 11 42 18 39 17 19 35 1 38 37
21 5 14 4 24 29 18 48 9 27 38 26 17 37 3 35 1 30 31 39 19 2 45 22 16 47 11 13 42 20 7 43 34 36 6 10 44 25 46 15 32 41 28 33 23 8 40 12
35 39 31 36 47 37 19 34 16 18 21 20 1 10 38 22 27 25 6 28 17 29 26 41 24 32 8 30 3 48 45 15 33 12 4 42 2 23 14 5 46 11 13 44 40 43 9 7
20 40 18 8 15 47 37 3 35 11 26 19 2 12 1 23 38 13 32 10 25 42 9 31 17 48 27 6 22 28 14 21 44 5 36 43 41 34 30 7 39 45 33 24 16 4 46 29
23 9 47 37 4 17 39 44 2 25 35 33 28 41 40 1 22 21 43 42 46 12 27 30 13 6 18 5 26 7 10 34 20 16 11 38 45 24 8 29 14 32 31 48 19 36 15 3
11 17 26 16 22 32 40 1 14 19 25 45 44 8 6 37 24 28 15 34 5 48 20 3 41 35 42 23 13 46 47 7 38 9 12 33 36 10 31 21 43 29 2 4 27 18 30 39
32 4 6 27 2 43 41 47 18 14 42 29 25 13 45 19 39 22 26 1 7 23 35 36 11 21 28 16 8 44 40 48 15 20 30 46 3 38 33 10 9 5 37 12 31 24 17 34
42 30 15 10 23 34 6 9 4 7 33 13 8 5 28 14 46 48 36 31 38 47 12 16 37 18 45 43 27 40 21 25 35 22 26 29 19 17 44 32 24 3 20 41 1 11 39 2
10 12 25 30 43 2 36 6 3 13 8 42 11 9 39 48 15 33 24 47 16 1 44 14 4 40 20 17 31 29 46 19 45 7 38 32 21 22 37 28 41 27 35 34 5 23 18 26
36 47 35 18 46 11 23 38 45 28 7 12 15 21 48 5 8 31 10 4 30 25 27 44 29 2 41 32 39 24 43 17 33 14 3 40 20 37 34 16 6 1 42 26 9 19 22 13
30 3 37 48 10 7 4 28 8 22 13 15 31 17 14 36 47 34 12 41 35 40 24 33 21 43 19 2 29 16 32 9 6 26 23 27 18 5 39 20 42 25 11 46 38 44 1 45
45 10 17 20 47 4 25 42 32 21 12 37 9 14 38 29 36 40 3 44 1 30 43 24 5 15 46 19 11 22 41 27 18 2 33 7 28 6 35 26 16 13 23 31 39 34 8 48
13 38 4 47 9 8 32 29 21 40 37 31 19 22 30 10 5 44 1 17 39 15 48 34 36 24 33 45 28 41 3 42 12 11 20 18 7 43 2 14 25 26 27 23 46 6 16 35
12 13 18 9 39 25 21 35 22 15 29 24 27 28 47 4 7 2 33 23 43 17 34 8 3 38 1 40 41 14 44 46 32 16 5 31 45 36 19 42 20 48 10 6 26 30 37 11
5 40 43 42 25 21 39 8 26 24 11 46 48 32 27 7 30 3 2 35 47 14 4 6 31 10 15 36 16 37 13 18 38 34 29 20 23 33 9 12 44 19 1 17 22 41 45 28
6 20 3 29 26 12 11 7 24 45 34 39 36 30 21 41 31 14 18 32 48 42 17 46 19 1 43 33 27 13 37 40 22 8 44 5 2 23 25 4 47 15 16 10 28 35 38 9
17 36 27 16 35 19 10 40 43 34 25 38 21 4 1 26 37 13 11 6 29 48 15 23 39 44 5 18 14 42 28 8 30 33 22 47 12 24 7 45 2 31 41 9 3 32 46 20
43 14 36 8 3 31 28 22 1 47 45 48 30 7 5 32 40 17 37 25 41 34 16 21 46 9 35 20 23 26 12 38 2 15 10 6 42 13 18 19 39 4 33 24 29 27 11 44
46 33 42 22 12 10 31 14 34 26 23 2 8 43 20 18 17 24 44 9 25 1 3 28 6 30 27 39 40 21 35 36 48 5 37 19 41 11 32 7 38 47 13 16 45 4 15 29
25 39 48 21 38 13 37 27 40 43 26 44 28 2 30 23 19 47 15 18 36 46 31 4 45 41 29 9 22 11 6 3 20 32 24 35 14 34 12 33 1 42 5 8 17 16 7 10
40 22 7 36 30 26 33 2 16 12 5 4 29 20 31 43 3 37 32 27 14 23 15 19 9 25 1 46 42 48 8 44 13 47 38 28 10 41 6 18 35 45 34 11 21 24 17 39
4 44 32 37 29 23 19 43 8 38 6 15 2 42 40 33 41 36 21 10 9 30 22 35 14 7 3 12 45 28 46 27 26 20 25 48 24 16 5 1 11 18 39 47 34 17 31 13
20 30 12 1 21 6 44 17 2 41 16 29 24 34 9 3 48 5 4 42 38 47 11 31 7 45 26 19 37 14 27 36 15 22 43 39 35 40 46 10 23 32 18 28 13 33 25 8
47 21 36 38 45 9 24 46 32 11 33 19 23 35 39 25 30 4 3 22 28 37 41 43 40 42 31 16 1 7 10 13 44 18 5 34 6 12 14 29 48 27 17 20 15 26 8 2
32 17 29 15 28 47 35 12 30 31 42 8 34 23 26 33 11 21 43 1 46 27 13 18 5 20 6 36 39 24 19 45 40 25 48 38 37 9 22 14 16 44 7 4 2 3 10 41
21 11 38 14 18 19 42 26 6 24 35 37 12 5 28 13 27 22 1 44 17 41 46 29 32 23 47 4 48 10 45 39 16 3 34 2 36 25 30 20 31 15 9 33 43 8 40 7
5 45 35 27 40 8 14 16 1 18 43 17 46 10 7 4 31 6 24 20 44 29 2 30 34 26 15 9 13 22 39 28 11 12 47 42 38 3 37 36 32 21 48 19 25 23 41 33
45 9 43 46 4 17 40 36 35 15 39 13 47 16 3 1 38 11 6 12 2 14 20 41 42 32 8 25 44 27 23 7 34 33 10 31 28 21 19 5 18 24 37 48 29 22 30 26
34 5 31 24 2 10 46 4 41 28 3 14 33 8 23 43 44 20 16 29 30 13 9 36 37 21 18 39 26 12 25 6 42 38 35 19 27 17 11 32 7 1 45 15 22 40 47 48
30 47 14 28 15 29 18 48 22 44 19 45 16 12 1 5 37 25 11 9 36 2 26 32 39 24 13 20 7 46 21 17 41 23 4 27 3 38 35 31 34 8 33 6 40 43 42 10
19 10 30 4 35 32 29 38 37 27 46 6 25 39 15 26 2 14 36 13 1 12 48 23 9 18 34 17 5 43 40 16 24 11 42 47 8 44 7 28 20 33 41 31 3 21 22 45
43 3 47 7 23 35 6 40 28 34 21 42 31 4 32 17 39 45 41 48 19 44 22 27 13 15 20 33 8 29 14 46 36 30 26 25 10 11 38 16 24 5 2 9 1 12 37 18
26 33 37 31 22 4 10 35 45 21 17 12 42 13 47 32 36 28 14 39 16 25 34 24 3 48 38 40 43 18 41 8 30 2 20 7 19 5 9 15 46 29 23 44 27 11 1 6
42 36 4 22 18 37 17 15 40 19 28 24 30 29 38 7 46 48 33 6 45 47 43 1 31 9 5 32 3 16 11 21 35 14 23 44 20 41 8 26 27 39 10 12 34 2 13 25
47 16 18 20 21 24 8 12 43 7 14 31 44 28 48 29 22 13 10 23 41 15 45 4 17 35 11 6 42 37 32 25 27 26 46 34 5 40 33 19 2 3 1 30 39 36 9 38
48 12 26 32 30 31 23 22 34 13 9 1 15 21 20 27 19 24 5 35 47 17 37 16 36 8 46 45 14 42 3 43 40 25 33 39 44 6 29 41 18 4 28 10 2 38 7 11
23 32 17 16 46 25 36 24 10 5 43 33 37 14 6 3 41 2 47 4 7 40 27 8 19 22 28 48 29 13 30 38 9 15 11 20 18 12 1 21 42 31 35 26 45 44 39 34
36 39 27 9 12 18 1 28 16 4 42 13 17 31 45 22 5 38 25 47 29 41 24 35 6 40 19 2 23 8 43 15 14 7 30 46 21 37 44 33 20 48 3 34 26 10 11 32
35 22 42 10 38 21 41 1 4 25 33 26 48 30 14 36 8 29 32 28 27 46 12 39 24 16 45 5 11 7 13 44 18 34 3 15 31 47 6 37 2 17 20 43 23 19 40 9
10 42 15 30 28 34 33 8 26 12 44 46 11 32 5 48 20 41 21 17 3 13 35 14 16 2 43 37 31 40 7 27 22 47 18 29 23 36 45 4 6 19 25 9 38 1 24 39
9 4 28 36 1 15 31 47 14 41 8 39 27 42 21 10 7 30 2 19 35 23 11 3 29 38 33 18 13 5 44 40 20 16 37 6 24 25 22 12 32 26 43 48 17 34 45 46
8 1 6 26 47 11 30 42 31 38 14 24 21 45 7 18 40 17 9 32 2 34 10 19 35 44 4 43 41 20 37 48 33 22 29 5 28 15 39 36 25 13 27 23 16 12 46 3
13 9 3 48 11 2 8 29 44 22 39 20 1 43 27 25 17 47 26 42 5 30 31 18 15 10 24 23 40 46 6 19 7 36 12 28 37 35 34 45 14 32 16 33 21 4 38 41
12 11 7 15 10 47 39 2 3 45 35 38 9 41 22 19 24 31 44 33 43 37 13 46 42 1 26 48 14 21 23 36 32 18 6 4 5 34 29 28 27 25 40 17 8 30 16 20
17 10 20 46 29 7 35 14 9 43 15 42 36 23 40 33 8 21 37 31 12 27 45 44 34 18 41 25 3 26 47 13 19 11 22 48 16 24 2 32 38 5 4 30 28 39 6 1
40 5 21 13 45 24 17 6 18 26 1 8 47 20 48 14 2 37 12 23 25 29 4 22 46 7 11 36 39 27 19 3 34 38 15 35 42 9 30 41 16 44 31 10 43 32 33 28
6 44 22 10 24 4 29 27 20 31 23 21 34 15 32 41 16 40 5 38 46 1 28 36 39 42 3 45 17 48 30 9 13 14 35 43 12 33 25 8 11 47 7 26 19 2 18 37
21 45 25 42 9 35 18 23 30 14 11 19 7 37 27 34 39 33 43 48 38 4 3 31 40 6 15 26 8 24 28 10 2 32 36 20 41 22 1 16 44 46 12 47 13 29 17 5
10 6 1 8 25 17 9 36 35 4 3 37 46 22 39 23 15 44 31 30 14 33 24 34 2 48 29 32 16 41 11 28 26 5 19 40 7 42 20 38 47 21 27 12 45 43 13 18
48 17 13 29 3 10 19 7 46 5 6 25 8 27 26 28 21 36 14 4 41 12 38 33 1 32 47 9 37 22 39 45 43 20 11 18 2 23 35 15 24 42 34 31 30 40 16 44
32 14 35 16 37 11 40 43 21 22 28 10 33 13 15 45 1 24 36 9 29 25 41 30 17 20 31 34 27 39 4 18 44 12 48 42 26 3 8 7 19 2 23 46 5 6 47 38
6 20 15 27 40 26 43 35 28 25 17 33 48 7 9 37 38 3 10 34 36 14 2 24 21 8 5 46 22 44 41 42 45 23 47 12 13 16 32 19 31 4 1 11 39 18 30 29
28 1 29 22 39 8 10 46 24 18 19 31 11 36 38 40 20 32 41 21 16 42 5 43 4 47 35 13 44 14 12 7 33 30 34 25 45 17 37 26 23 48 2 15 27 3 9 6
8 47 12 18 34 15 21 26 4 11 16 1 30 5 14 13 22 2 40 31 44 7 9 27 37 43 6 17 45 28 32 33 38 3 24 39 36 10 46 23 35 29 48 41 25 19 42 20
40 21 43 24 26 32 42 34 23 47 46 45 36 17 12 10 11 20 16 13 48 2 27 4 3 41 19 6 31 29 14 39 22 44 1 15 38 5 9 18 7 30 37 28 35 8 25 33
4 28 32 38 1 23 44 17 41 27 9 14 24 34 47 43 3 22 25 35 19 15 37 6 7 26 46 40 5 11 45 36 12 29 30 2 10 8 31 20 48 18 42 33 16 21 39 13
23 22 27 28 4 36 25 1 31 42 26 2 34 35 45 14 47 48 37 41 17 40 10 21 13 30 32 12 19 18 16 15 6 9 46 29 20 7 5 33 43 3 39 44 38 24 8 11
35 30 4 21 34 19 46 44 2 15 37 17 12 16 28 29 41 40 36 6 45 26 48 1 5 10 18 33 11 8 13 27 20 22 42 32 3 43 38 14 39 24 9 7 23 47 31 25
19 39 36 47 30 43 1 24 37 12 42 4 23 3 20 34 44 13 9 18 27 17 16 29 32 25 28 10 48 2 40 8 14 15 22 38 21 41 7 5 46 31 35 6 26 33 11 45
36 4 17 20 18 12 27 22 14 40 21 6 16 29 3 32 30 11 44 28 39 37 31 8 9 23 42 2 5 43 47 25 41 26 38 10 19 15 33 7 35 45 13 34 46 1 24 48
20 32 14 30 40 13 6 48 45 24 8 12 42 4 23 22 5 31 26 39 9 41 46 28 36 15 1 18 7 10 3 38 27 2 44 47 16 35 19 21 34 33 25 43 29 11 37 17
17 3 30 14 23 31 11 40 10 44 1 29 7 39 22 18 46 37 2 32 28 27 35 41 19 24 13 5 43 16 25 6 9 47 33 34 38 21 12 42 48 8 20 4 15 36 45 26
21 12 26 34 29 25 36 8 43 41 5 13 2 9 40 23 27 30 47 17 35 44 20 14 31 16 38 48 28 37 46 18 24 33 10 6 15 22 32 4 42 11 45 19 3 39 1 7
26 16 6 7 39 18 40 4 8 31 38 14 27 10 28 17 19 47 1 33 2 30 43 32 34 45 20 13 48 42 37 46 21 25 36 5 35 11 22 29 24 44 3 41 9 23 15 12
9 36 20 32 2 29 33 38 21 7 13 44 25 14 26 27 24 5 3 47 6 48 15 18 45 41 4 37 42 12 43 16 35 30 23 19 8 34 11 31 46 39 10 17 28 22 40 1
12 17 22 31 24 2 23 14 16 21 35 15 40 30 3 48 37 25 33 10 46 34 4 19 5 32 45 43 27 20 39 42 11 8 29 44 13 36 38 26 7 47 28 9 1 18 6 41
43 14 42 37 15 6 28 7 40 19 23 20 9 8 38 45 13 41 32 27 36 46 11 3 24 48 5 39 29 22 4 44 1 16 25 31 26 33 34 12 47 21 17 30 2 10 18 35
42 38 31 9 21 34 37 2 20 28 29 46 15 45 5 25 48 32 43 22 24 1 3 8 14 7 47 19 41 30 35 17 26 36 4 33 18 12 44 23 39 27 11 16 40 6 13 10
48 25 4 38 3 7 46 43 26 13 14 17 47 41 6 35 36 45 24 29 30 23 12 39 11 21 33 34 22 27 32 9 42 20 40 18 31 5 1 37 19 15 16 28 8 44 10 2
13 3 38 34 11 26 35 16 9 43 28 10 37 20 32 19 41 21 4 25 12 29 2 22 1 47 8 36 45 39 14 48 30 40 6 27 7 23 5 18 44 42 33 15 31 24 46 17
46 33 47 4 10 21 30 15 44 38 6 2 28 22 39 36 1 29 11 12 9 7 48 41 16 42 27 32 26 14 8 45 13 34 18 40 37 25 35 5 23 19 31 20 17 43 24 3
25 30 32 44 37 8 21 27 18 26 17 42 1 36 45 33 40 34 15 19 39 13 22 14 6 38 35 23 29 28 7 43 16 12 3 46 24 9 20 10 31 2 41 11 5 4 47 48
32 4 13 20 47 11 9 12 3 15 33 45 19 10 48 28 21 6 31 39 1 25 38 36 29 35 24 26 23 16 44 7 27 2 37 42 41 17 8 14 34 5 43 46 30 40 22 18
45 31 7 30 9 37 10 6 24 18 8 4 44 27 15 3 46 17 14 29 48 26 5 23 35 1 20 2 11 41 22 19 32 25 47 28 12 42 39 36 16 13 40 34 43 21 33 38
34 11 3 1 12 25 27 36 46 22 29 26 17 14 30 41 7 33 6 38 5 42 28 44 21 2 31 20 8 10 45 40 15 18 24 35 23 47 9 19 43 48 16 4 13 32 39 37
17 45 18 37 25 31 14 48 35 4 3 24 46 5 21 29 27 36 12 32 34 47 26 15 9 22 42 33 16 20 13 28 43 23 19 38 2 40 6 8 11 1 7 10 44 30 41 39
5 20 1 36 26 17 43 35 10 31 44 25 15 16 7 37 8 22 41 23 29 12 24 21 4 40 28 45 13 2 6 3 38 32 48 34 27 19 14 42 18 46 9 33 39 47 30 11
47 16 15 21 35 12 8 29 28 27 46 48 14 7 1 33 31 24 5 10 41 17 9 32 19 6 18 40 22 4 30 13 45 42 20 43 36 3 37 38 39 26 2 44 23 34 11 25
30 6 35 23 1 13 11 34 2 5 9 19 28 43 47 45 39 12 31 17 27 14 46 24 22 20 15 10 37 40 21 36 18 29 7 48 42 44 33 16 41 25 4 26 3 38 8 32
36 5 17 24 10 47 18 2 4 1 33 31 46 13 27 38 37 48 6 22 25 32 41 35 40 8 3 9 44 21 28 39 14 16 34 19 45 43 12 15 23 29 20 7 26 11 42 30
20 44 21 18 38 35 19 47 1 14 37 33 25 23 36 13 30 2 48 24 43 34 10 29 7 26 46 6 28 8 41 16 5 11 15 12 17 22 27 32 42 4 39 31 40 3 45 9
42 21 27 9 23 24 44 16 34 41 35 1 12 3 22 17 19 14 2 30 45 33 13 4 36 28 32 46 39 29 11 43 7 5 40 15 10 37 47 20 48 18 25 6 38 8 31 26
32 1 14 31 28 10 42 17 45 47 15 37 2 34 7 5 44 36 33 13 35 29 20 30 16 18 41 12 27 26 3 25 40 22 4 39 23 38 19 21 6 24 11 48 8 43 9 46
5 47 30 48 4 32 43 8 18 45 1 15 40 9 14 27 20 28 21 42 2 41 16 19 13 44 6 17 7 22 12 38 11 26 29 10 3 24 46 33 35 39 31 23 25 36 37 34
26 39 48 14 22 36 37 4 41 44 42 38 24 32 47 19 40 29 43 18 17 7 27 1 15 16 45 23 3 5 46 8 9 33 35 20 6 28 30 31 34 11 10 12 21 2 25 13
12 10 31 28 18 23 25 46 20 24 39 21 37 4 9 35 38 34 26 6 14 27 11 33 42 43 1 19 5 44 16 45 22 3 30 29 36 13 8 41 7 32 48 47 15 40 17 2
28 9 36 32 21 15 23 42 35 11 26 40 47 29 20 22 5 25 14 41 3 48 17 43 34 30 4 39 13 37 19 27 24 8 18 31 44 6 45 7 38 2 1 16 46 10 33 12
23 32 37 27 40 4 39 44 14 42 11 29 21 45 30 36 48 6 24 33 28 1 31 16 3 15 13 5 19 12 25 17 20 9 10 47 41 7 22 26 2 8 34 46 43 35 38 18
9 42 20 46 30 29 24 14 3 40 45 12 26 39 6 25 47 4 36 48 19 23 34 27 17 21 11 16 1 13 8 10 35 15 38 33 28 41 31 37 32 5 18 43 2 22 7 44
34 28 43 47 39 7 41 36 8 21 38 2 9 17 26 3 24 33 4 35 16 14 1 30 46 32 29 37 31 11 40 48 19 44 22 25 12 15 6 23 27 13 42 20 45 18 10 5
47 33 12 22 35 2 1 6 16 19 21 25 44 42 48 14 7 3 9 27 30 37 45 28 32 23 38 36 41 18 13 40 34 5 11 4 15 8 39 20 24 17 43 26 31 29 46 10
35 22 29 7 37 9 36 27 46 38 5 8 19 3 23 32 17 45 10 16 24 30 4 18 39 26 33 2 14 42 44 13 43 20 1 40 31 11 25 21 47 15 12 48 34 6 41 28
11 47 22 16 29 34 40 12 30 28 6 20 1 8 5 10 36 17 3 9 38 4 48 23 14 25 19 26 42 43 37 24 33 7 44 32 2 21 18 41 46 27 45 31 13 39 15 35
10 31 13 36 47 18 29 43 32 24 19 6 27 37 12 48 1 20 15 30 46 44 38 8 35 28 26 34 17 39 41 42 21 22 33 2 5 40 11 4 14 25 3 7 9 23 16 45
45 39 18 26 1 19 46 40 23 12 16 14 29 15 21 34 22 32 11 48 44 25 13 6 2 35 31 4 37 24 3 9 41 38 36 28 42 47 20 10 43 30 27 17 5 33 8 7
25 1 26 14 45 8 27 23 21 43 17 4 42 2 39 28 11 37 32 24 6 13 44 34 36 20 47 10 48 30 35 15 18 3 46 5 16 38 7 33 31 19 40 12 29 41 22 9
4 10 28 48 25 43 31 15 40 47 36 45 16 30 1 26 3 24 9 41 12 2 37 32 11 8 18 46 22 29 39 44 7 23 42 35 20 17 14 5 19 21 33 34 27 38 6 13
21 12 14 9 38 24 33 7 44 34 28 10 17 42 15 41 16 31 37 13 5 46 2 4 29 6 8 48 43 26 11 39 22 40 25 20 27 3 35 36 18 45 23 19 30 32 47 1
43 32 47 31 34 13 39 29 9 42 8 26 30 7 28 23 21 11 41 16 14 12 46 36 6 24 35 25 45 40 22 3 20 2 37 48 18 15 27 38 44 33 5 4 1 19 17 10
30 25 7 4 24 47 8 35 26 22 13 46 19 20 45 34 15 21 5 42 41 33 3 39 16 2 11 12 40 27 32 6 9 36 23 18 37 43 29 14 1 48 28 10 17 44 31 38
46 4 3 34 15 37 28 22 31 18 39 44 8 43 36 40 19 14 48 21 25 26 5 1 32 10 24 17 23 41 12 33 6 11 47 27 7 35 30 29 20 42 45 9 38 16 13 2
48 38 31 44 2 25 10 34 24 14 16 17 23 39 20 37 13 12 1 28 45 27 35 22 7 40 41 43 26 11 21 46 30 29 15 42 19 36 5 8 32 3 4 6 9 47 18 33
19 9 35 23 45 21 42 28 2 26 43 20 7 12 40 10 39 13 31 33 1 47 15 29 24 22 3 32 11 5 16 27 38 14 36 6 17 25 44 18 48 4 41 8 34 30 37 46
17 21 20 28 26 35 14 38 6 5 36 42 9 13 3 32 41 22 10 23 43 29 12 46 31 18 4 39 8 2 7 25 27 15 30 44 24 16 33 45 11 1 48 47 19 34 40 37
8 6 4 30 12 10 41 23 43 13 3 2 36 35 9 7 46 34 14 17 48 42 20 38 22 47 29 18 40 37 19 21 5 26 11 39 16 24 45 28 27 31 25 44 15 1 33 32
10 20 27 24 39 36 35 40 37 11 14 29 48 5 38 3 22 32 4 6 16 41 45 21 13 7 1 19 23 44 30 18 12 33 26 43 2 8 47 31 25 46 42 15 28 17 9 34
13 5 48 29 25 11 30 47 16 31 9 8 34 23 14 27 36 21 44 12 2 17 24 35 15 1 46 37 43 20 10 38 19 32 7 18 45 33 22 42 41 26 40 28 3 4 39 6
4 28 38 31 3 9 25 48 14 41 23 1 2 8 21 22 30 5 36 35 7 34 26 24 37 40 27 20 44 12 6 45 11 18 29 15 10 13 19 32 42 47 43 33 46 39 16 17
11 42 36 13 29 34 23 24 20 1 35 12 47 45 22 17 3 31 33 10 28 25 9 41 4 38 5 40 27 8 14 19 32 30 6 2 18 37 46 16 39 44 7 48 43 21 15 26
25 30 6 38 34 26 37 35 40 45 11 13 29 17 47 33 31 4 2 18 27 48 43 19 21 44 20 16 42 22 23 7 24 9 46 10 8 28 32 12 14 15 3 41 5 36 1 39
45 44 42 1 11 6 21 14 41 7 34 37 12 27 32 5 8 20 40 39 3 33 2 46 17 43 19 9 31 13 4 36 16 47 48 35 26 10 38 15 18 30 28 23 29 22 24 25
20 22 18 8 1 15 44 27 23 4 46 38 24 32 5 48 11 45 21 9 39 47 41 36 42 7 13 2 37 14 3 16 35 25 40 29 12 6 34 19 31 26 33 43 17 10 30 28
40 31 37 20 9 2 24 42 8 43 44 33 14 30 26 13 21 36 38 47 29 32 3 22 39 35 15 23 48 18 7 6 34 4 25 5 27 11 1 28 46 19 12 16 45 17 10 41
46 25 1 16 37 18 8 36 28 13 19 10 23 9 48 38 15 11 43 27 17 26 5 6 40 42 32 33 41 4 35 3 14 34 44 31 7 22 39 12 47 21 20 24 2 29 45 30
8 14 29 21 47 35 19 26 34 15 42 24 37 4 1 18 13 6 11 32 36 27 17 38 2 48 45 9 39 30 22 7 5 40 10 46 28 44 20 41 43 33 23 31 16 3 25 12
21 20 7 37 22 32 11 17 3 44 29 40 26 2 27 19 38 48 24 16 47 46 10 35 34 15 33 36 14 13 43 8 1 42 23 25 41 12 9 5 6 18 39 28 30 4 31 45
17 9 43 22 2 19 1 6 10 25 20 14 40 3 30 36 48 41 47 28 35 37 27 39 46 16 42 45 26 21 13 44 7 8 33 12 15 34 11 18 24 32 5 4 31 23 38 29
30 44 32 4 35 23 17 43 18 10 26 21 8 37 39 29 16 24 5 22 25 13 31 14 9 20 6 46 45 28 11 15 40 2 12 38 36 19 7 42 34 3 27 47 1 33 41 48
42 6 15 18 38 47 33 7 45 5 1 13 16 10 23 14 27 29 12 25 3 4 34 43 19 30 31 20 17 48 46 28 41 26 22 40 35 21 32 36 2 24 37 8 39 11 9 44
34 42 30 20 24 31 43 15 6 26 13 4 17 14 12 23 44 28 41 39 19 1 48 21 3 2 38 25 22 5 32 9 18 36 7 33 37 40 29 8 16 45 10 46 27 47 11 35
20 33 3 32 28 29 36 2 9 12 45 25 30 34 6 35 37 14 26 48 5 44 46 1 17 22 18 10 16 42 39 43 24 11 4 47 21 23 8 7 27 13 31 15 38 19 40 41
21 30 22 13 39 4 31 12 37 14 8 45 46 15 28 38 20 3 44 41 2 42 11 24 36 47 32 6 5 40 16 48 43 23 26 27 17 10 35 33 19 29 9 34 25 1 18 7
43 5 12 47 26 9 42 4 21 22 37 6 27 29 40 28 41 25 32 17 7 2 15 44 13 45 46 23 19 39 30 36 34 16 24 35 31 8 38 14 20 48 1 10 3 18 33 11
9 11 47 1 12 18 28 46 2 40 6 24 48 22 3 36 39 37 14 21 27 41 35 33 45 23 26 4 29 10 8 38 15 34 20 32 42 5 31 16 44 25 7 19 13 43 17 30
35 38 21 24 4 6 14 29 1 28 17 26 42 16 32 7 22 33 36 12 41 30 20 18 39 25 5 19 13 43 23 27 9 3 47 10 44 34 37 15 48 46 2 11 31 40 8 45
45 4 35 9 15 13 40 16 26 7 28 46 1 5 14 27 17 2 38 18 36 32 12 29 42 10 20 37 3 24 41 39 30 33 19 43 23 25 47 31 11 44 34 6 21 8 22 48
13 10 17 14 30 34 39 44 43 18 5 8 21 3 36 40 46 48 31 35 29 12 24 4 22 38 15 16 42 20 37 33 19 32 1 28 2 41 25 45 7 27 11 9 23 6 47 26
36 21 25 26 11 43 46 24 30 27 42 15 44 7 9 3 38 47 10 29 48 17 22 28 6 32 8 40 23 41 4 18 16 12 34 31 20 35 14 37 1 19 39 33 45 2 13 5
28 3 26 27 9 2 30 42 44 19 15 31 25 34 47 45 21 17 24 33 1 48 43 23 5 18 35 36 8 29 10 40 12 14 37 4 6 13 22 38 32 11 20 7 16 41 39 46
6 31 27 21 47 10 29 22 46 41 3 37 7 9 48 26 30 36 33 38 28 2 13 32 35 8 1 18 40 16 19 15 14 4 5 34 45 11 12 20 43 42 23 44 17 39 24 25
40 39 42 16 37 25 11 36 35 34 19 10 23 22 15 13 47 20 2 9 24 7 3 41 14 44 28 17 43 27 21 45 6 29 38 48 5 33 18 4 46 31 12 26 8 30 1 32
10 14 28 38 34 15 24 35 4 11 8 19 36 20 7 48 40 2 43 42 47 23 26 46 16 6 33 5 1 22 45 3 44 9 18 25 13 12 27 32 41 39 31 17 30 21 37 29
48 32 3 36 2 26 19 47 31 45 20 21 40 35 22 18 8 41 4 10 17 34 44 27 7 24 11 43 14 37 25 46 13 30 42 33 15 28 5 23 38 1 9 12 29 16 6 39
12 16 48 44 22 19 46 4 20 47 43 38 24 14 26 5 31 25 15 13 6 29 41 34 37 1 45 32 11 2 28 17 33 42 3 40 8 7 9 21 18 30 27 23 39 36 10 35
19 28 36 30 45 11 8 15 32 24 29 17 14 4 21 33 7 13 9 6 16 40 37 38 1 42 47 39 48 26 12 25 20 22 35 46 27 43 34 10 23 2 3 41 5 44 31 18
25 22 7 23 35 32 37 17 16 42 33 40 15 30 38 19 20 29 47 31 14 26 2 4 21 6 3 45 41 12 43 8 27 5 48 39 36 44 1 18 24 46 10 11 28 34 13 9
8 12 13 48 40 36 21 26 3 43 35 33 37 27 23 25 24 14 6 32 39 41 10 15 29 28 31 5 19 30 7 9 1 47 46 38 16 22 11 4 34 18 42 20 44 17 45 2
46 36 4 34 25 7 41 43 14 10 39 42 12 23 5 17 16 32 48 47 45 37 28 19 9 35 27 33 29 44 40 13 2 18 11 6 26 3 20 8 31 21 1 24 15 22 30 38
13 25 42 28 1 23 18 46 24 26 14 12 30 10 39 22 48 4 40 27 43 33 9 16 15 38 19 34 44 21 3 36 32 8 5 20 41 37 45 29 47 17 2 31 35 6 11 7
47 1 22 26 11 8 43 28 41 27 9 14 19 29 45 35 36 37 3 16 34 46 17 30 24 20 13 4 7 18 44 42 21 38 23 5 31 6 39 32 48 15 40 33 2 10 25 12
6 47 12 32 30 37 17 22 16 44 5 10 2 13 27 19 46 11 48 23 25 7 1 28 34 45 42 26 31 8 14 21 18 15 20 29 24 38 33 36 39 4 41 9 43 35 40 3
5 20 38 29 26 12 1 14 10 34 11 15 17 32 40 23 41 21 25 19 35 4 22 39 3 18 27 9 8 13 30 16 6 7 36 28 37 24 31 42 2 45 43 48 46 47 33 44
9 12 29 4 24 31 39 44 30 22 26 8 27 37 32 13 3 6 21 10 14 1 45 35 5 16 19 17 23 11 25 43 34 2 15 18 36 40 46 33 20 48 7 47 28 38 42 41
35 28 20 8 9 32 42 27 4 15 23 2 26 17 12 41 11 3 1 29 19 14 38 21 13 44 46 16 48 39 45 6 40 5 10 47 7 36 30 31 24 33 18 34 25 43 22 37
11 14 17 46 3 25 23 7 35 18 34 20 9 2 30 29 39 28 26 33 6 44 31 41 36 15 13 48 45 27 37 10 42 40 24 4 21 8 22 12 19 47 5 43 38 32 16 1
43 36 21 18 4 35 14 6 8 31 44 1 34 15 20 45 37 24 11 30 7 17 41 3 46 25 42 12 22 40 28 9 38 47 48 2 10 23 5 19 16 32 13 26 27 29 39 33
17 39 1 7 34 21 27 2 23 40 13 4 16 45 6 5 15 22 31 41 46 48 9 36 32 43 28 25 42 10 8 44 24 18 33 12 35 47 19 20 14 29 37 30 26 3 38 11
30 9 26 37 28 15 36 23 34 43 45 46 48 16 1 40 22 31 47 42 39 25 10 29 11 32 3 2 13 20 12 24 7 38 4 35 5 21 18 14 6 27 33 19 44 41 8 17
28 22 30 18 38 36 31 40 32 1 21 24 46 8 26 48 44 20 9 35 43 47 16 15 29 23 5 6 39 4 37 25 11 33 12 19 3 17 14 7 42 27 10 41 13 34 45 2
34 33 28 20 35 25 40 36 3 31 46 38 23 27 7 14 22 17 43 9 29 30 24 16 32 2 13 18 26 12 4 19 15 11 42 48 21 5 39 41 44 47 37 10 45 8 6 1
4 32 37 16 28 11 10 34 8 18 19 45 25 36 23 14 15 24 6 38 12 33 17 27 22 30 20 2 26 29 3 13 21 40 48 42 5 41 35 7 47 44 31 46 43 39 1 9
42 9 25 34 22 21 27 23 24 11 17 12 15 29 6 18 37 5 4 35 30 26 13 31 16 10 28 46 41 48 7 8 2 36 33 43 45 19 20 38 14 32 1 44 39 40 47 3
10 22 18 20 12 19 11 16 21 7 9 13 30 23 15 3 24 25 40 31 6 27 34 14 4 2 29 48 45 28 35 17 5 8 44 32 42 47 33 37 1 46 43 26 38 36 41 39
8 10 30 7 34 35 17 24 44 19 14 4 16 22 20 29 27 12 9 18 2 41 15 3 11 28 6 36 13 5 23 48 42 47 1 31 26 21 37 45 46 25 33 43 40 32 39 38
11 39 31 38 25 10 36 26 2 4 33 14 29 8 9 27 16 20 15 13 7 17 28 22 6 48 47 23 19 18 40 3 43 32 46 12 41 44 45 21 34 5 42 24 1 30 37 35
25 5 14 24 4 29 19 2 3 13 16 26 9 43 30 10 21 28 12 17 39 47 48 6 36 7 45 20 40 22 11 46 32 42 18 44 15 37 1 8 41 31 27 23 35 33 38 34
20 14 21 31 3 8 24 17 34 10 13 40 12 15 28 45 36 37 6 32 47 48 11 4 46 22 18 5 1 42 43 9 7 23 38 2 16 35 44 26 25 39 41 19 27 29 30 33
47 16 26 37 15 9 18 7 43 12 34 21 36 10 3 28 13 31 41 48 24 42 5 46 2 8 11 33 14 27 4 45 1 44 6 39 35 22 25 19 38 29 40 20 30 23 17 32
48 36 17 23 35 4 33 6 9 25 38 42 34 37 1 7 5 14 11 39 16 46 3 18 15 47 41 45 43 44 8 10 13 26 40 27 2 28 22 29 32 21 20 12 31 19 24 30
36 31 37 9 2 13 41 46 14 28 44 25 7 42 5 40 17 45 26 47 48 30 1 19 21 15 8 12 11 4 32 43 35 22 34 10 3 33 38 20 27 24 39 6 23 18 16 29
34 11 15 48 37 2 31 43 20 45 35 6 8 12 22 36 47 33 14 25 46 32 27 30 7 1 38 40 39 41 10 42 44 9 26 4 24 13 5 16 23 19 3 17 29 21 18 28
28 3 32 27 29 36 23 35 31 14 1 20 37 30 39 5 41 48 47 21 45 12 46 24 40 25 33 43 42 16 44 7 22 34 4 38 6 11 9 10 19 18 2 8 15 17 13 26
4 21 47 22 38 7 14 36 26 1 6 33 42 13 45 48 46 2 3 9 34 37 35 32 19 43 31 10 44 40 28 39 41 29 30 25 20 24 27 23 11 17 12 15 5 16 8 18
46 4 43 36 40 37 28 47 41 38 45 1 21 5 27 32 20 22 48 42 3 23 2 44 31 6 35 25 16 14 39 33 24 30 29 19 13 12 34 15 18 11 9 7 26 8 10 17
17 42 27 14 45 43 1 29 35 47 21 31 46 2 38 25 48 32 37 33 41 34 44 36 9 40 26 39 5 30 22 28 11 20 24 6 18 23 8 4 16 15 13 10 19 3 7 12
30 25 35 47 1 23 37 40 18 42 39 46 31 45 48 33 38 41 2 12 28 44 26 43 24 32 15 34 29 10 21 36 27 16 22 20 17 3 19 14 7 13 5 4 8 11 6 9
45 1 28 46 47 34 43 42 23 40 37 19 48 32 36 26 44 29 31 30 17 13 20 33 39 24 3 6 22 21 41 27 38 14 25 5 12 15 7 18 35 8 10 16 2 4 9 11
43 47 1 28 24 26 21 38 45 41 46 48 44 36 40 17 39 13 33 22 27 25 31 34 14 23 42 32 37 20 19 18 16 4 7 35 10 8 29 12 6 3 11 30 9 2 15 5
