23944 11444 9346 8696 7521 7521 6380 3771 3462 3072 2657 2748 1637 1207 1175 958 726 523 630 444 461 280 248 275 143 142 134 102 64 57 40 38 36 25 21 19 12 7 8 6 4 3 2 3 2 2 1 1 1 1
3 8 2 4 12 9 1 13 7 6 11 5 10
12 3 11 6 10 5 13 2 1 7 4 9 8
12 11 10 5 9 13 7 8 1 3 6 2 4
11 9 2 5 6 1 3 4 10 7 12 8 13
9 7 10 5 3 11 12 8 4 2 13 1 6
1 3 11 2 6 5 10 7 9 8 4 12 13
4 8 5 10 9 12 13 1 7 3 2 6 11
12 5 7 2 8 6 9 4 11 1 10 13 3
5 13 4 9 2 10 3 1 12 7 11 8 6
13 9 10 3 12 6 7 8 5 2 11 1 4
6 3 2 5 10 4 9 12 11 7 1 13 8
8 13 11 1 7 2 12 3 10 6 9 5 4
9 5 3 8 13 10 7 4 1 11 6 2 12
4 9 7 6 3 5 13 2 1 10 11 8 12
12 5 7 6 9 10 3 2 4 8 13 1 11
9 8 7 5 3 12 10 4 1 11 2 13 6
6 9 3 8 13 4 7 1 11 10 2 5 12
12 5 2 10 13 6 3 8 9 7 4 1 11
6 13 5 1 7 4 9 3 11 10 12 2 8
11 7 5 9 3 2 10 12 4 6 1 8 13
4 8 3 10 2 6 13 7 9 11 1 5 12
1 3 5 2 9 12 10 8 11 7 4 13 6
8 5 3 6 13 10 7 4 12 2 9 1 11
13 9 7 3 6 10 12 2 5 1 4 8 11
5 8 11 2 9 6 10 12 7 3 1 13 4
11 3 5 8 13 12 7 4 9 2 10 1 6
1 5 10 9 6 2 3 12 4 7 11 13 8
5 9 7 10 13 12 3 8 1 6 11 2 4
5 11 2 8 9 6 12 1 7 3 10 13 4
8 7 5 1 2 12 9 3 4 6 10 13 11
1 8 11 10 2 12 13 4 7 3 9 5 6
11 7 10 2 6 4 12 8 9 3 1 5 13
6 3 5 8 13 2 7 4 12 10 9 1 11
11 5 7 6 13 10 9 1 12 3 4 2 8
13 9 11 3 2 10 12 8 7 6 1 5 4
8 11 10 1 9 6 13 3 5 7 4 2 12
4 3 2 9 13 12 7 1 5 11 10 8 6
9 11 5 10 6 2 7 8 4 3 12 1 13
13 11 10 3 2 6 9 4 7 1 12 5 8
9 5 11 1 13 12 3 8 7 6 10 2 4
4 11 7 8 6 2 13 3 9 10 1 5 12
6 3 7 10 13 2 12 4 9 11 1 5 8
1 13 5 9 2 12 7 3 4 10 11 8 6
1 7 2 10 9 6 12 8 4 3 11 5 13
13 5 11 10 6 4 3 1 9 7 12 2 8
6 9 5 1 13 2 7 3 4 10 12 8 11
1 3 7 6 2 12 13 8 9 11 10 5 4
9 11 5 3 2 12 13 1 7 10 4 8 6
11 13 5 3 6 12 9 1 4 7 10 2 8
1 7 11 6 2 4 3 8 9 10 12 5 13
