70516 53335 55881 46857 48016 42128 44101 36965 29080 30151 30151 27247 26061 26240 25546 22057 19234 21116 19769 16216 14259 16493 15497 13425 13959 12156 12053 12115 10981 9797 9338 8925 7769 6991 7344 6532 6684 6370 6313 5804 5724 5801 5655 4778 4529 4553 4150 3732 3368 3293 3215 3094 2715 2657 2502 2562 2323 2170 2121 1825 1989 1567 1653 1581 1338 1363 1306 1205 1163 1239 1090 986 955 986 950 900 836 841 818 763 726 655 586 556 543 522 450 457 441 406 387 331 321 289 266 278 266 259 237 222 231 202 191 176 185 169 159 147 137 133 124 113 116 104 101 94 75 86 83 81 75 69 64 61 62 53 53 48 49 46 45 41 38 34 33 30 28 28 26 23 24 23 19 19 18 17 16 15 15 14 13 12 11 12 10 10 9 9 8 9 8 7 7 6 6 5 5 5 5 5 5 4 4 4 3 4 3 3 3 3 3 2 2 2 2 2 2 2 2 2 1 1 1 1 1 1 1 1 1 1 1 1 1 1 1 1 1 1 1 1 1 1
32 28 36 25 4 11 29 37 21 20 34 5 23 30 3 38 41 7 39 19 45 10 26 14 15 27 6 1 43 16 2 44 24 9 33 31 47 8 40 48 13 35 22 46 18 42 12 17
7 44 45 22 37 41 43 19 40 30 36 5 48 28 13 17 2 23 12 33 35 10 9 38 11 8 16 25 32 29 24 3 47 6 15 20 18 31 21 4 1 27 46 14 39 42 26 34
21 23 37 40 31 42 10 9 13 48 8 34 27 35 44 32 25 36 7 17 16 41 47 26 5 3 19 29 1 30 11 6 39 14 45 18 38 46 12 22 4 20 33 24 43 28 2 15
4 29 19 21 26 28 3 13 10 8 17 37 45 25 36 22 16 12 43 39 47 31 2 5 1 27 41 48 18 44 6 32 15 9 42 20 33 14 11 38 34 35 46 7 40 30 23 24
16 19 46 15 48 47 24 40 41 36 5 10 26 43 21 6 18 31 13 39 12 8 37 3 4 34 44 35 2 29 28 27 32 38 45 23 17 1 14 20 33 25 7 42 22 11 30 9
35 15 16 33 36 32 41 17 40 39 22 38 9 47 10 29 2 27 23 19 42 25 4 37 31 8 24 11 43 48 44 13 3 7 46 18 30 34 26 14 1 12 21 5 45 6 20 28
24 8 45 28 12 11 43 48 47 20 44 41 46 4 38 39 7 35 29 40 30 19 27 17 16 9 18 25 33 32 36 22 34 26 2 10 31 13 37 21 3 23 5 14 6 42 15 1
25 44 43 36 13 41 39 15 26 33 6 24 32 14 40 42 9 30 47 27 28 34 45 11 12 16 48 29 21 37 22 7 4 10 3 46 19 18 8 23 20 5 1 38 17 2 35 31
38 33 13 9 11 16 22 5 48 41 24 37 12 31 45 44 25 7 4 3 47 26 36 42 21 18 35 8 27 15 6 40 30 29 23 2 34 46 20 1 39 28 19 10 43 14 17 32
11 2 3 21 37 7 4 34 31 6 33 9 30 32 46 1 28 15 12 24 45 44 8 29 23 39 14 40 22 42 27 18 26 35 17 19 25 47 38 10 13 20 43 36 5 41 48 16
44 32 11 40 34 9 29 37 15 31 23 39 47 22 16 38 14 10 35 5 46 28 30 36 42 3 6 48 43 13 20 25 1 21 45 17 18 7 2 26 24 41 27 4 8 33 12 19
6 37 14 46 1 42 43 11 28 40 26 12 31 13 18 17 23 5 19 38 4 20 29 39 30 27 10 33 9 7 2 47 24 36 34 44 32 22 45 16 25 3 41 35 48 21 8 15
15 29 7 22 33 44 3 36 35 39 16 30 23 43 10 31 34 25 21 37 18 32 19 14 11 8 41 6 26 38 24 5 12 1 46 9 4 20 27 48 47 13 45 17 40 2 42 28
1 14 4 28 23 12 25 19 17 16 47 8 13 2 27 46 37 45 43 33 26 21 22 18 31 30 20 39 38 29 11 48 36 6 24 35 40 42 10 3 41 9 15 5 44 32 34 7
13 38 42 15 32 27 26 12 21 48 37 14 45 36 39 5 28 8 23 4 40 41 43 1 3 22 16 46 11 34 33 31 44 2 47 20 6 25 29 19 35 17 10 30 18 7 9 24
4 12 32 33 5 37 38 16 19 8 24 11 17 41 48 43 45 46 27 10 3 14 21 44 1 36 23 13 7 30 25 42 47 15 20 34 35 40 9 22 39 18 28 6 29 31 2 26
24 39 37 9 1 36 19 29 42 41 14 31 43 16 22 4 32 33 25 44 10 48 6 35 38 34 21 18 5 26 30 20 46 28 11 13 45 3 8 2 17 23 40 47 15 27 7 12
9 20 43 25 35 26 33 39 10 44 2 18 22 12 3 29 30 48 1 24 19 46 42 38 34 45 13 5 47 16 23 4 31 21 15 8 28 36 41 40 11 7 37 27 32 6 14 17
35 34 44 2 48 46 47 43 4 22 45 32 11 42 13 39 17 23 6 40 21 30 9 8 5 25 3 16 28 19 29 26 41 10 33 14 38 15 20 37 12 27 31 7 36 1 24 18
33 9 22 36 12 7 34 14 41 20 17 3 48 8 4 1 11 16 40 5 13 10 37 29 15 18 28 30 21 47 19 2 38 27 42 25 32 46 23 6 24 35 43 44 39 45 26 31
21 19 7 14 33 25 10 9 18 16 39 31 35 3 30 47 23 27 22 42 11 13 2 41 12 5 24 37 36 44 6 43 8 29 40 32 45 26 38 4 20 28 15 46 1 34 17 48
3 47 25 13 17 33 24 8 40 30 43 2 46 29 5 27 6 19 45 39 35 36 15 42 4 38 22 12 26 7 44 11 37 9 31 23 18 21 16 20 28 1 48 10 34 14 41 32
32 3 17 10 27 34 1 21 16 19 20 6 9 31 46 44 38 26 12 33 42 18 25 47 39 48 29 4 8 15 13 40 30 7 28 2 37 14 45 35 36 11 5 24 43 41 23 22
27 28 19 29 41 16 15 46 44 12 8 13 30 32 36 37 45 11 5 48 47 7 23 39 21 14 10 20 43 9 42 3 17 38 35 40 34 4 2 1 31 33 22 26 25 24 18 6
38 18 13 32 8 40 35 10 48 6 33 24 12 25 28 15 16 37 29 22 41 26 36 9 23 43 19 45 27 30 21 14 39 5 44 46 17 31 47 11 4 34 2 42 7 3 20 1
23 24 2 40 11 47 29 5 30 42 26 43 37 46 27 31 25 44 21 20 1 41 14 15 6 35 36 28 4 39 22 18 9 8 19 10 16 32 13 7 34 12 45 17 48 33 3 38
28 44 43 26 25 19 41 30 15 3 6 22 7 27 18 12 2 20 34 38 45 31 10 36 42 17 48 8 5 14 24 37 35 4 23 33 13 47 11 16 1 40 32 29 9 46 39 21
11 2 10 4 19 17 32 6 13 31 12 30 27 18 16 26 37 39 46 3 28 29 8 5 14 45 35 40 9 33 43 23 22 34 1 41 25 38 7 42 44 47 36 21 24 20 48 15
14 46 32 15 37 11 22 17 47 18 23 16 39 3 8 6 20 28 7 36 9 13 27 44 19 12 2 35 24 48 31 45 40 25 10 42 1 4 33 41 38 5 43 30 29 21 26 34
47 48 44 11 13 41 28 40 34 26 32 9 5 6 45 22 31 18 25 19 30 24 4 14 16 39 23 29 2 3 36 33 15 35 27 12 43 1 21 10 17 20 46 38 8 42 7 37
37 10 40 21 26 25 43 24 42 33 48 39 32 8 11 19 47 34 27 45 2 28 7 30 20 5 38 23 18 35 16 44 3 1 17 4 29 46 31 6 14 41 13 22 15 36 12 9
16 23 37 25 45 39 11 31 41 36 5 19 42 47 24 40 14 7 38 43 26 34 6 1 15 30 21 33 46 32 28 13 10 29 2 9 27 18 3 4 20 17 35 12 22 8 44 48
5 22 23 46 44 13 40 18 3 8 16 10 26 37 32 21 48 35 17 1 12 15 33 29 24 27 6 30 34 42 2 7 11 43 25 31 19 20 14 38 47 28 9 36 39 4 41 45
44 29 22 36 4 19 34 33 6 38 39 12 1 30 31 42 32 15 13 46 18 25 3 17 10 8 28 37 47 26 9 27 7 41 45 24 20 14 40 2 43 23 21 48 5 11 35 16
25 37 42 44 18 35 26 46 29 40 10 5 45 11 21 17 7 33 39 48 13 32 2 20 30 23 16 1 36 41 38 31 27 19 14 6 4 8 12 47 24 9 28 15 43 34 22 3
7 32 4 33 24 15 19 11 17 39 45 21 23 34 22 46 9 42 47 37 16 20 43 3 35 18 30 5 38 29 6 48 41 36 28 13 40 26 27 8 25 12 31 1 44 2 14 10
6 39 11 14 36 44 47 29 22 4 34 41 31 43 10 5 18 46 2 27 37 21 28 35 12 16 1 15 7 9 30 8 24 38 42 25 33 19 48 23 13 3 20 26 40 45 32 17
1 48 36 2 26 32 10 9 33 35 43 47 6 39 40 17 34 30 22 44 21 8 23 11 38 3 20 13 31 19 29 42 14 5 15 18 12 25 4 37 28 27 41 46 45 16 24 7
12 33 16 27 23 29 4 13 31 25 14 36 21 42 48 8 10 7 28 11 22 47 44 38 5 40 46 18 19 37 45 20 26 41 35 17 30 3 39 9 34 32 24 6 2 15 1 43
5 15 39 22 40 23 33 2 21 34 36 37 43 38 3 47 1 10 42 14 11 30 9 27 8 4 13 6 28 20 48 12 46 44 24 32 45 29 25 18 41 7 19 35 17 31 16 26
44 42 30 35 41 34 15 43 10 17 31 11 19 21 25 45 3 5 37 6 33 46 29 16 1 28 18 38 20 14 27 4 48 9 32 8 23 7 36 22 39 13 40 24 26 47 2 12
7 46 14 9 6 42 3 17 38 15 24 26 40 2 29 18 21 39 1 35 10 44 45 12 4 34 22 30 32 16 8 43 13 28 11 20 41 33 19 48 36 5 37 47 25 27 23 31
22 9 18 28 34 36 38 8 27 47 35 40 15 44 2 43 23 45 10 42 4 12 21 41 37 48 7 46 25 13 3 19 31 29 33 14 5 11 26 20 6 30 1 16 32 39 17 24
21 30 3 46 5 7 29 36 19 27 15 34 48 41 4 38 11 12 16 45 43 1 31 18 39 32 9 28 22 17 24 6 8 47 20 23 13 42 40 26 2 25 44 14 35 10 37 33
23 24 7 44 1 43 25 40 18 14 22 8 36 16 13 29 6 28 30 19 32 10 26 17 45 42 41 11 12 47 20 27 35 33 3 2 34 15 31 21 4 38 46 5 48 9 39 37
33 7 9 13 31 10 40 14 28 38 16 23 35 15 24 19 30 26 43 46 3 2 37 8 11 25 5 39 21 48 12 32 47 27 6 34 20 22 29 17 18 41 4 44 36 1 42 45
31 20 38 34 42 47 39 30 16 12 5 33 1 6 32 26 9 36 17 10 46 48 15 45 19 29 24 43 4 44 23 25 22 8 40 13 14 21 2 35 11 37 7 27 18 41 3 28
3 22 25 33 43 26 5 16 23 42 44 38 9 32 30 12 17 6 39 8 35 20 41 15 31 46 14 37 48 27 2 7 29 1 19 24 28 47 13 40 21 11 10 4 45 36 18 34
16 29 19 4 33 46 22 18 25 6 21 41 45 36 10 40 34 44 35 5 37 14 47 26 23 1 48 8 43 39 31 2 7 15 32 12 27 24 3 38 17 28 13 42 20 11 9 30
15 19 27 11 45 16 28 37 3 41 6 10 26 35 31 4 14 23 13 1 18 25 42 39 21 38 36 12 46 29 33 5 34 32 17 40 43 20 9 2 24 47 48 22 44 8 30 7
1 28 48 12 11 27 13 15 9 30 26 21 39 46 40 6 7 35 2 17 19 32 25 47 34 36 38 33 24 41 22 3 37 43 23 44 16 14 5 8 31 18 45 29 10 4 20 42
28 47 4 2 19 37 43 31 44 40 48 5 17 13 45 21 32 18 27 20 41 36 30 3 6 33 10 22 11 38 25 14 39 34 9 46 35 26 23 15 12 1 42 7 29 24 8 16
24 8 11 36 13 33 34 29 26 48 37 28 47 14 39 22 12 32 6 3 42 21 16 9 27 41 19 20 18 35 38 44 40 4 45 25 31 46 30 23 15 17 43 1 5 2 7 10
27 10 36 32 43 40 19 5 41 25 23 39 46 34 21 15 45 11 44 22 47 7 30 42 24 14 26 29 33 31 16 13 2 35 8 18 1 48 37 4 3 20 28 38 6 17 12 9
25 12 43 14 8 28 35 3 17 26 10 42 5 22 11 32 46 20 45 36 16 39 19 29 47 27 23 48 38 30 41 31 44 18 24 4 40 1 7 37 33 9 21 2 13 6 34 15
41 14 40 25 3 9 24 48 15 39 45 29 13 30 37 1 47 8 5 38 26 28 7 31 16 43 44 23 2 34 42 22 18 10 46 19 4 32 11 36 20 35 33 17 12 21 27 6
20 16 44 26 12 13 41 33 34 8 39 19 30 23 28 42 48 37 38 21 14 46 5 11 10 47 4 36 3 32 9 18 1 7 2 6 29 25 27 24 43 22 35 15 40 45 31 17
19 38 42 21 25 44 17 11 4 20 32 43 23 35 30 37 31 15 34 18 45 24 22 1 8 5 29 16 7 3 28 47 10 26 27 39 6 40 14 41 13 33 36 12 9 46 2 48
6 32 22 40 37 46 10 24 11 4 12 8 31 41 16 7 28 25 29 44 43 45 3 20 23 35 2 5 1 15 13 26 30 33 42 17 19 38 21 9 47 34 27 36 39 14 48 18
14 3 38 15 39 41 5 22 29 16 34 12 37 27 8 24 18 19 7 43 33 48 36 30 11 32 28 25 26 42 46 23 9 4 6 10 17 2 45 47 44 40 31 13 1 20 35 21
9 44 39 7 4 43 11 13 40 17 2 6 12 16 22 31 38 30 28 37 1 10 14 5 20 46 35 45 27 8 19 25 3 36 15 23 33 34 47 18 21 32 41 24 48 42 26 29
47 21 2 26 45 12 33 28 25 3 31 24 19 15 10 5 20 27 35 6 13 30 4 14 39 42 16 1 48 29 36 37 11 43 40 8 38 7 41 17 18 23 9 46 22 34 44 32
37 2 23 12 44 28 26 6 48 34 24 9 43 11 45 39 16 20 47 5 21 29 25 36 19 40 3 13 46 27 30 42 15 1 10 41 32 8 33 14 35 7 22 4 17 31 18 38
11 12 9 44 13 19 1 39 30 35 23 22 7 2 27 24 10 33 42 46 40 47 26 18 14 36 29 4 5 37 45 48 8 38 28 32 16 31 20 21 25 17 15 6 34 43 41 3
13 29 30 46 42 7 25 21 33 27 8 38 6 37 36 4 41 34 23 17 32 1 44 45 5 26 14 40 9 22 28 43 39 47 19 31 18 15 10 3 11 20 24 35 2 16 12 48
7 3 16 34 33 27 4 12 18 36 43 37 48 24 39 46 1 11 40 45 22 2 47 23 6 28 30 5 21 17 29 8 10 15 25 20 41 42 38 19 14 13 44 26 35 32 9 31
38 37 13 33 32 16 39 2 47 19 36 23 35 46 18 17 12 42 9 3 30 15 31 8 45 1 21 29 28 26 24 6 34 27 14 4 48 22 5 44 41 11 40 10 25 7 20 43
14 23 37 9 27 13 15 28 44 31 20 41 32 47 48 6 8 2 12 19 11 18 42 38 34 29 39 35 16 3 40 33 24 25 45 46 43 4 7 26 1 21 5 30 36 10 17 22
24 10 14 36 19 32 38 18 28 15 5 16 21 39 4 44 37 12 22 42 2 34 41 26 13 30 48 23 43 47 11 7 31 8 35 9 27 6 3 40 45 25 46 29 20 33 1 17
19 39 31 10 40 15 3 5 17 14 26 47 36 21 11 22 45 23 37 1 28 8 2 29 35 25 13 6 32 48 12 27 46 44 33 34 4 18 16 7 38 41 20 42 43 9 24 30
33 14 18 35 41 37 28 29 21 3 39 30 40 44 46 7 48 16 6 20 10 12 45 17 38 9 36 43 8 42 23 11 27 26 1 2 31 13 25 22 4 47 19 5 34 15 32 24
32 33 25 14 11 10 29 3 23 47 21 5 42 36 40 45 6 44 16 22 35 13 15 41 31 8 7 20 4 39 43 2 17 9 24 12 1 19 27 48 28 38 37 46 26 34 30 18
23 19 17 11 1 40 22 9 10 26 6 13 5 42 25 37 47 7 30 36 31 20 8 39 21 18 41 48 12 33 38 45 29 32 3 44 35 46 14 16 2 28 4 27 24 43 15 34
47 30 2 29 24 26 34 46 19 42 15 18 11 38 31 43 23 6 21 14 16 36 9 3 1 12 4 37 25 44 8 5 7 41 20 40 28 33 13 35 17 22 27 48 32 45 39 10
20 21 11 4 18 9 26 39 41 44 34 36 46 43 2 15 31 48 25 38 40 24 37 14 30 16 23 12 22 7 42 19 35 28 27 13 45 29 47 10 6 33 32 17 5 1 8 3
16 44 43 7 36 17 25 21 34 33 10 32 13 3 24 12 28 46 45 18 26 30 41 9 14 38 5 40 31 19 20 8 37 29 6 35 23 2 11 4 39 1 48 47 42 27 22 15
2 41 25 28 5 35 13 24 26 22 45 40 15 6 32 42 20 36 43 21 19 29 10 12 4 48 9 44 47 38 16 23 3 18 11 8 30 7 31 27 14 34 46 1 17 39 37 33
27 16 19 13 30 42 43 22 29 46 37 10 9 12 18 40 14 28 7 8 45 21 3 15 33 4 6 36 20 41 25 32 48 5 17 39 34 11 2 38 23 35 31 24 1 47 44 26
5 24 22 2 35 39 33 15 30 48 44 34 17 37 21 38 18 8 10 16 47 7 43 32 12 27 28 11 26 4 46 20 40 19 25 14 3 42 36 23 41 9 45 13 29 6 31 1
28 42 3 32 12 47 5 10 13 6 48 33 45 18 15 31 1 27 19 35 43 39 23 16 24 17 26 8 11 29 22 37 44 34 46 41 25 4 9 14 36 30 40 38 2 20 7 21
15 22 4 19 39 29 40 33 31 30 38 14 23 8 37 1 3 34 44 10 32 28 5 27 47 41 24 45 46 20 21 26 2 43 42 17 18 48 12 11 13 36 9 7 25 16 35 6
1 37 42 15 4 44 11 30 25 20 22 28 26 31 36 18 21 35 46 39 33 48 16 47 45 14 3 38 19 34 41 12 9 32 2 10 5 8 23 24 43 40 13 6 7 17 27 29
31 20 32 22 45 33 10 36 38 12 8 24 27 34 46 29 41 26 35 6 11 1 4 44 21 23 19 18 9 15 48 42 28 7 40 25 17 13 30 47 3 37 5 2 39 14 16 43
6 28 36 11 3 7 38 48 16 41 2 29 24 23 8 19 46 37 5 4 21 44 26 1 10 39 20 35 34 31 27 40 30 25 47 33 14 15 45 17 12 18 43 22 13 32 42 9
41 48 30 4 37 23 47 6 33 39 16 12 22 27 25 21 11 32 40 24 13 14 36 42 34 5 35 1 7 8 9 43 38 10 44 19 29 46 17 2 15 20 28 26 18 31 3 45
35 18 37 26 6 46 24 13 11 17 12 3 39 15 28 32 16 45 29 27 41 10 31 8 38 42 21 25 43 30 33 47 1 9 14 20 19 22 40 48 44 23 2 5 36 4 34 7
25 8 7 21 44 36 19 11 40 16 32 37 6 22 39 47 34 10 17 43 9 45 42 18 27 12 14 20 24 26 29 13 41 2 23 31 38 33 4 3 35 5 1 30 15 46 48 28
21 47 14 46 8 32 1 43 48 36 33 9 37 4 24 45 7 18 13 20 30 2 22 39 5 34 38 16 27 17 31 3 11 6 19 42 41 40 29 26 28 25 15 35 44 10 23 12
37 34 16 9 42 43 28 19 4 8 14 41 31 13 11 5 2 20 23 24 46 25 27 36 1 47 30 39 48 32 45 7 22 15 35 12 40 38 10 21 18 3 44 29 6 33 26 17
3 38 23 40 19 41 32 16 18 34 21 2 43 35 5 17 10 46 47 44 1 12 7 20 13 25 39 29 4 27 30 33 15 26 45 24 6 31 37 8 11 28 22 36 9 42 14 48
9 29 44 36 41 17 15 28 42 4 31 43 7 2 13 46 48 39 34 27 3 19 14 45 23 40 5 22 32 37 6 11 26 47 8 18 12 1 38 20 25 21 33 10 35 24 30 16
32 33 10 35 13 16 17 2 3 25 39 30 24 23 40 42 34 48 12 45 22 20 15 38 8 29 18 43 1 9 36 44 41 5 31 46 28 19 21 6 47 7 4 14 26 11 27 37
13 21 9 29 25 26 39 31 15 18 45 19 1 14 22 12 8 2 38 17 42 47 44 11 30 36 16 4 3 48 40 6 28 35 23 32 5 34 20 37 33 27 24 46 43 7 41 10
28 7 40 25 5 15 35 37 38 27 36 8 47 24 45 43 46 44 1 42 13 34 21 30 6 3 10 48 16 39 11 4 14 29 9 23 33 26 41 19 20 17 32 12 22 2 18 31
21 10 17 34 32 23 4 6 25 16 43 39 27 11 48 7 30 28 42 8 14 44 29 26 35 33 46 13 12 19 38 31 1 41 24 9 37 3 5 18 45 47 20 15 40 36 2 22
22 19 38 14 1 47 29 2 40 31 5 13 32 16 27 37 7 11 9 10 12 15 25 41 42 30 48 23 8 35 20 45 18 28 44 46 43 6 39 4 34 33 36 21 24 3 17 26
12 32 31 7 33 44 13 24 16 35 37 11 30 29 10 40 9 36 27 46 4 25 19 3 39 26 2 43 21 22 28 5 38 8 20 6 45 18 17 15 47 23 42 14 48 41 1 34
5 9 7 27 45 10 17 43 21 18 26 16 6 34 40 29 2 31 39 37 19 46 14 12 24 8 41 30 28 33 3 13 11 1 47 23 48 36 25 44 4 38 35 22 20 15 32 42
14 46 39 22 11 13 26 9 47 15 2 6 12 21 25 27 38 42 30 43 18 1 45 31 37 16 7 5 36 8 48 40 29 34 10 44 35 20 33 24 17 41 19 4 32 28 23 3
38 18 13 28 43 46 29 12 19 40 20 42 48 27 31 26 17 7 45 21 2 14 9 44 4 22 36 16 5 34 41 25 35 33 32 8 23 3 37 47 11 1 10 24 6 39 15 30
20 22 40 33 39 12 3 5 28 34 24 21 17 47 30 8 41 16 46 36 35 45 27 23 15 1 9 25 2 31 44 48 26 19 14 4 32 7 29 42 38 11 13 6 10 43 37 18
6 14 48 13 40 7 22 29 26 19 10 5 37 36 4 18 20 45 35 39 21 2 28 1 27 43 24 33 38 47 16 42 17 25 15 34 31 11 41 23 44 9 46 30 12 8 3 32
16 28 37 40 6 35 25 46 4 33 44 38 21 42 13 19 32 12 5 11 3 8 22 47 20 9 14 48 27 15 43 31 30 2 1 18 29 26 23 17 39 36 41 10 34 45 7 24
33 15 19 14 35 34 47 30 48 41 38 10 23 46 32 22 12 5 21 6 26 28 42 27 16 17 4 29 3 20 25 43 44 7 31 39 1 13 45 36 24 18 37 2 40 11 8 9
41 24 32 19 27 42 5 48 18 25 34 37 35 39 15 47 21 10 22 3 28 36 29 14 11 23 16 1 12 7 8 45 9 44 33 13 4 6 26 40 31 30 2 17 43 46 20 38
31 3 18 32 24 39 1 36 23 27 48 40 26 12 38 15 11 37 43 19 14 47 5 9 10 46 28 20 33 41 22 2 7 4 8 25 17 29 30 16 21 35 45 42 13 34 44 6
25 34 42 21 3 9 19 16 27 8 35 24 22 32 48 1 37 6 44 38 41 13 15 29 12 28 23 4 26 30 46 47 31 18 2 10 14 20 40 11 45 7 43 36 5 17 39 33
32 8 23 36 5 28 24 22 13 17 15 29 46 31 16 39 1 27 25 35 30 10 2 18 45 14 44 38 7 3 19 11 47 41 40 9 20 34 4 6 33 37 48 12 26 21 42 43
11 30 17 10 44 29 35 37 33 20 16 2 5 38 45 4 28 34 19 14 12 18 47 42 31 48 46 8 36 26 27 6 15 43 23 32 25 24 41 21 1 3 40 13 39 9 22 7
24 23 30 2 25 37 4 11 35 26 8 47 12 14 27 44 16 15 13 22 46 39 7 20 34 29 21 6 43 38 9 19 3 28 17 41 40 36 33 10 18 5 32 1 45 42 48 31
7 20 31 28 37 19 26 15 3 14 21 43 32 22 4 6 47 8 2 18 42 48 44 17 30 39 10 45 1 9 29 33 41 38 11 40 23 46 13 27 35 25 36 16 5 24 34 12
23 44 14 34 43 40 10 39 11 38 6 5 42 37 46 31 3 26 30 4 9 7 21 32 19 35 18 36 47 33 13 12 8 27 45 24 41 25 20 15 2 22 1 48 17 28 16 29
37 47 9 7 32 23 39 13 30 36 43 14 45 18 11 38 6 19 28 1 22 12 41 16 21 34 48 44 5 4 42 8 2 26 46 17 3 40 10 35 25 27 24 29 20 33 31 15
44 2 48 29 36 39 32 10 15 4 22 42 9 8 5 21 46 28 16 43 1 20 37 35 33 18 41 23 38 27 11 26 13 6 3 12 30 19 25 17 34 40 31 47 7 14 24 45
1 48 7 9 41 36 15 19 42 47 12 11 31 30 29 45 8 5 10 16 13 34 25 26 6 4 22 39 46 37 28 44 40 33 27 14 43 21 17 3 23 32 20 38 18 2 35 24
47 42 3 25 13 12 38 18 31 22 20 28 43 41 2 29 30 35 34 39 21 19 27 11 8 33 7 5 16 48 40 23 46 36 44 6 45 14 9 37 4 17 10 26 24 1 15 32
33 16 25 35 18 9 34 6 17 46 45 22 15 11 8 27 23 31 42 20 28 24 10 30 14 41 19 40 48 39 43 5 37 29 32 44 38 2 21 36 3 13 4 7 1 47 12 26
3 41 39 26 8 7 13 28 40 12 5 38 47 21 32 43 14 2 29 18 11 30 16 15 23 27 6 33 25 35 45 4 22 10 24 31 37 1 19 44 20 34 42 46 48 36 9 17
9 44 19 27 30 40 34 12 38 6 31 32 1 3 10 37 7 23 39 21 45 18 14 41 42 43 24 28 11 29 36 20 47 35 25 2 16 22 5 8 13 33 46 4 26 15 17 48
2 12 36 46 34 33 43 31 25 15 24 39 21 6 16 1 10 18 7 11 26 29 28 8 4 5 20 37 9 13 30 3 40 47 42 35 19 48 45 22 17 23 41 14 44 27 32 38
27 20 44 11 24 29 47 13 10 31 48 8 40 2 30 26 17 36 23 45 32 21 3 12 35 25 4 18 28 19 41 7 14 5 9 39 34 46 37 42 43 38 15 1 22 6 16 33
12 24 22 33 6 26 28 11 21 44 36 3 30 23 48 7 45 46 17 8 4 20 43 47 27 38 5 13 34 32 29 25 37 9 19 42 31 18 39 2 1 41 40 15 35 10 14 16
28 39 16 14 18 34 17 3 4 33 26 30 27 29 40 46 41 48 45 38 10 15 9 36 13 47 2 43 21 42 6 37 44 7 8 23 1 25 11 24 12 20 19 5 32 31 35 22
38 29 10 21 33 15 1 19 11 26 6 23 36 4 22 44 2 12 5 42 43 39 45 16 24 40 30 46 27 17 31 3 32 18 28 34 48 20 7 14 47 25 37 35 13 41 8 9
19 37 18 15 45 10 5 24 9 22 43 41 13 46 21 17 32 30 27 6 14 28 31 44 39 3 29 38 4 34 12 11 2 25 20 8 35 7 48 23 36 47 33 16 40 1 26 42
15 7 37 35 31 32 38 18 48 30 14 21 24 43 39 19 1 20 16 27 12 46 8 45 11 36 3 22 2 44 25 42 17 34 33 4 28 26 23 47 6 40 5 13 9 10 41 29
20 14 13 4 11 35 32 6 28 41 22 24 23 27 31 39 47 7 12 37 46 48 19 17 1 18 36 25 16 8 9 26 15 44 10 42 33 29 40 38 3 5 45 21 34 43 2 30
3 32 17 13 39 28 10 48 29 20 16 26 37 38 2 6 12 11 21 46 40 41 47 18 15 42 19 30 33 22 23 31 8 27 35 9 14 24 36 4 45 34 1 5 25 7 44 43
21 28 23 34 19 44 25 16 3 39 37 13 5 14 36 24 38 42 9 17 30 8 10 27 47 46 22 15 26 20 33 6 31 4 40 2 32 11 12 7 18 1 35 29 43 41 48 45
25 23 32 2 1 36 15 39 10 17 33 16 43 13 38 31 28 27 46 14 3 44 5 11 20 41 35 30 8 37 48 45 26 6 47 40 29 42 19 18 24 22 9 7 12 4 34 21
27 8 38 12 5 46 24 10 30 19 45 9 7 47 25 4 41 6 40 20 33 1 23 29 31 26 18 35 32 39 43 48 3 2 11 34 17 36 13 16 44 21 28 15 42 14 22 37
11 16 14 32 8 17 39 2 44 42 38 34 30 36 5 21 10 35 1 22 43 25 37 41 6 12 26 40 24 9 27 47 28 29 45 13 4 31 20 19 33 18 48 46 15 3 23 7
5 47 3 36 40 37 22 15 33 8 35 6 48 11 24 12 16 45 42 19 10 7 26 23 14 28 46 29 34 27 44 32 9 38 31 18 25 13 17 20 21 41 43 4 1 2 39 30
2 30 11 19 44 16 41 46 27 14 23 22 15 39 29 8 18 37 47 35 1 26 21 31 45 17 28 43 48 42 38 13 7 10 3 32 40 33 5 4 25 36 20 12 6 9 24 34
35 41 48 10 4 29 33 28 23 38 32 43 45 15 13 40 20 31 6 36 47 19 2 30 37 14 44 12 11 26 21 7 46 8 1 25 5 34 16 42 39 9 24 17 22 27 18 3
12 33 9 26 41 23 4 31 35 6 39 18 27 8 10 38 11 32 45 42 28 14 44 1 16 29 30 48 25 3 13 5 22 19 17 46 43 15 21 40 20 37 2 36 34 47 7 24
13 3 40 29 36 9 19 37 26 46 44 30 42 18 11 47 21 2 5 16 41 24 27 20 8 34 14 1 43 35 22 33 48 7 32 17 45 4 25 23 15 28 10 38 12 39 31 6
1 38 42 33 30 7 26 5 13 4 21 14 17 37 45 15 34 46 10 24 18 47 29 35 19 27 39 16 28 44 20 40 41 36 23 31 6 2 9 11 43 3 22 48 25 8 12 32
33 10 23 25 27 39 35 21 19 16 15 47 36 31 46 22 3 44 37 1 12 30 8 9 38 5 41 28 7 29 24 4 13 43 2 20 48 40 11 18 34 17 32 26 45 6 14 42
6 15 32 28 35 13 29 12 40 25 34 36 22 16 18 42 9 8 44 10 2 45 41 26 30 48 21 33 20 47 46 27 38 5 1 39 37 19 7 3 14 11 4 24 17 31 23 43
14 46 7 11 43 47 5 29 48 34 20 3 31 22 4 8 30 10 21 44 40 2 25 32 27 35 16 45 9 38 19 12 17 26 42 24 41 6 33 37 28 23 13 1 39 36 15 18
24 7 30 21 33 43 13 37 17 27 8 29 46 41 28 18 23 25 2 45 42 34 15 39 12 9 5 22 1 48 40 20 44 35 19 4 3 38 47 26 6 32 36 14 10 11 16 31
28 34 16 46 37 41 24 22 47 36 10 40 26 43 39 45 8 7 35 4 11 13 5 14 42 33 29 18 19 31 3 44 32 25 17 23 20 21 38 6 12 27 9 2 48 15 30 1
23 39 17 22 25 27 41 48 16 30 37 21 40 12 31 46 6 18 29 24 9 10 3 36 34 43 2 15 38 19 11 8 35 32 33 44 28 1 45 14 4 13 42 47 5 7 20 26
37 24 22 27 45 42 32 43 18 12 14 23 21 11 30 40 7 26 13 19 4 48 28 16 35 39 38 20 47 34 44 2 8 33 15 6 31 3 29 36 41 25 5 17 9 46 1 10
14 48 25 4 31 12 26 11 15 33 5 32 1 39 27 44 18 34 30 37 45 47 43 20 21 40 7 6 46 17 38 19 9 28 3 35 23 8 10 22 36 13 41 16 2 24 42 29
16 29 31 7 6 34 19 39 11 47 2 37 9 42 36 27 45 23 25 43 30 12 10 18 13 1 3 46 21 32 8 20 14 5 24 17 40 15 4 48 35 33 44 38 26 28 41 22
15 42 37 40 13 28 38 36 29 8 12 41 47 2 22 7 46 16 9 27 26 14 19 44 24 3 23 5 31 4 25 43 30 34 11 18 20 33 39 35 1 17 45 10 6 21 32 48
31 9 10 35 48 19 43 28 26 39 16 24 32 34 8 38 37 30 17 6 14 29 22 12 11 36 18 25 3 13 21 27 40 47 46 41 1 4 5 2 23 20 33 42 15 45 44 7
44 12 19 10 3 32 34 30 35 31 33 18 24 6 40 21 11 39 16 38 2 26 47 41 4 42 48 36 22 8 13 5 7 15 14 46 29 25 23 17 45 28 1 27 20 43 9 37
28 8 11 9 34 33 17 3 42 46 48 2 6 30 38 24 14 36 22 1 32 45 26 23 15 16 10 35 5 29 41 43 31 4 25 12 19 13 20 47 18 40 37 7 44 39 27 21
6 47 14 26 35 44 39 16 9 34 38 10 37 3 32 17 31 28 12 46 19 13 45 15 23 25 36 20 27 7 22 2 30 43 8 33 5 42 40 21 11 41 48 29 1 4 18 24
5 32 3 15 27 26 10 21 28 14 36 6 23 22 48 39 17 19 43 11 41 44 16 42 33 8 9 30 4 34 46 13 37 1 31 20 25 29 12 38 2 35 40 24 18 47 7 45
9 15 39 29 32 17 33 43 13 40 23 12 5 44 16 4 2 34 28 14 1 41 7 3 47 22 20 38 24 35 45 11 46 26 27 25 30 31 36 8 21 18 19 48 42 10 37 6
13 2 18 19 42 46 4 5 44 36 26 43 11 38 15 6 21 12 34 8 3 25 31 45 37 30 39 22 20 9 23 32 47 7 28 10 16 24 17 40 33 27 35 14 29 41 48 1
47 16 38 14 12 15 25 46 31 44 6 42 17 4 21 37 3 5 27 35 22 19 43 11 10 23 41 18 8 33 20 45 26 36 9 40 34 2 48 24 13 7 28 30 32 1 39 29
33 3 48 12 1 41 29 19 4 25 21 39 45 23 46 15 34 2 7 43 10 8 37 26 42 18 14 13 11 47 31 44 28 38 40 32 35 36 16 22 24 5 20 6 17 27 30 9
22 34 36 25 41 12 28 31 21 38 45 33 46 18 2 47 32 42 19 10 40 39 23 1 27 4 26 48 16 30 29 8 17 44 35 9 43 11 37 7 20 3 13 5 24 6 14 15
2 46 40 32 43 42 35 33 34 20 44 13 12 30 11 19 16 37 23 18 47 24 9 17 1 29 5 28 48 4 27 25 41 10 6 14 45 7 26 38 39 21 31 22 36 8 15 3
1 23 44 13 39 40 41 6 27 42 20 9 43 46 18 29 10 48 30 16 28 15 5 8 45 38 35 37 22 31 33 7 3 19 47 12 4 34 21 36 14 11 24 26 25 2 17 32
11 20 2 27 40 13 43 12 33 4 39 16 26 15 25 31 9 7 35 17 46 28 21 14 30 47 19 23 32 37 48 3 22 8 45 42 41 18 29 6 44 38 36 1 5 34 24 10
7 38 25 22 8 39 5 9 10 15 43 26 48 16 30 12 20 18 29 42 45 36 41 35 6 14 44 40 27 3 24 23 13 4 2 17 32 1 19 11 47 37 46 21 34 28 31 33
25 19 13 28 44 35 1 10 17 3 31 11 7 37 5 27 41 15 46 39 18 20 23 30 34 8 29 45 12 26 9 47 48 6 32 24 14 40 4 21 38 36 42 2 43 33 22 16
20 44 31 40 11 37 10 29 18 26 32 28 22 13 38 47 12 8 16 21 30 34 7 9 23 25 24 46 5 27 3 33 14 2 17 35 6 48 39 19 41 1 15 4 45 36 42 43
35 39 14 26 45 43 4 18 11 30 34 8 27 29 24 38 28 46 5 20 42 12 44 31 37 23 21 6 33 48 2 22 32 9 10 19 16 3 13 47 15 25 41 36 40 7 1 17
21 28 19 15 24 27 38 2 40 18 35 22 1 41 45 43 30 16 23 3 9 8 37 39 14 17 4 29 47 42 11 12 7 25 20 44 33 46 10 48 36 32 5 13 6 31 26 34
24 10 7 9 30 29 13 15 42 22 16 5 23 27 48 32 46 45 39 11 4 1 14 36 31 34 28 33 43 19 40 37 47 18 44 8 25 26 38 20 17 3 2 6 35 21 41 12
12 37 32 36 33 34 40 13 4 25 24 30 47 43 22 6 45 44 2 38 11 46 16 42 8 28 23 39 1 17 41 48 15 27 9 20 5 19 7 3 31 21 10 35 29 14 18 26
32 42 10 4 5 9 39 22 21 27 12 41 30 36 29 15 38 23 25 14 33 19 28 26 1 43 48 44 31 47 20 40 37 35 3 6 17 8 11 16 34 7 45 46 13 24 2 18
14 30 37 46 48 16 35 5 47 17 26 6 24 38 13 7 8 10 40 4 31 25 45 23 20 18 36 1 3 32 12 42 44 29 11 39 34 21 9 2 28 41 19 15 22 43 27 33
23 7 11 19 4 44 32 18 16 20 10 36 13 47 27 37 6 35 17 8 14 30 31 29 38 3 2 15 28 39 43 5 40 34 25 41 45 22 33 26 12 1 48 21 24 46 9 42
13 33 22 10 25 19 1 9 34 41 5 29 40 3 31 42 14 11 12 46 21 24 15 32 16 36 30 43 38 37 23 6 2 28 20 18 35 7 45 17 4 47 44 27 26 39 8 48
16 29 30 33 19 28 34 21 48 6 38 40 36 13 39 26 3 32 7 18 2 47 22 17 11 41 46 8 20 44 31 4 9 1 45 23 43 42 25 14 35 27 37 5 10 15 12 24
20 41 18 7 36 26 22 19 31 14 15 2 48 23 40 24 21 30 28 10 43 39 3 12 27 16 6 13 4 9 29 47 8 38 17 46 32 33 37 35 25 5 1 42 44 11 34 45
3 12 39 2 6 36 28 30 9 16 22 34 26 21 37 40 11 31 42 44 35 14 27 41 15 38 10 48 8 29 46 23 13 5 1 33 19 25 47 4 24 17 32 7 18 45 20 43
47 14 3 29 37 33 25 13 28 12 48 23 11 8 32 39 18 36 34 35 46 2 19 1 45 30 9 16 21 42 38 31 41 7 6 10 40 24 5 20 43 22 27 26 17 4 44 15
31 8 48 14 1 13 5 2 25 36 21 26 6 32 10 22 37 20 45 16 41 44 29 27 4 42 38 39 11 34 19 40 35 15 28 17 33 46 23 24 47 18 9 12 43 3 7 30
6 16 30 35 31 46 43 48 15 38 2 11 45 14 28 21 1 12 9 27 10 36 26 3 33 47 44 5 7 20 40 19 17 18 8 25 23 29 13 42 39 37 4 24 34 41 32 22
5 28 17 27 30 41 15 16 23 46 33 24 21 34 8 19 32 37 22 45 12 18 10 35 47 4 39 44 9 7 3 25 38 43 42 31 14 48 26 40 2 11 13 29 20 36 1 6
15 48 38 32 42 7 33 6 40 34 43 13 9 12 16 44 31 5 23 17 3 28 47 11 21 39 30 37 19 8 25 27 46 26 14 2 29 18 41 4 20 35 22 36 45 1 24 10
9 32 16 25 13 39 40 46 3 22 23 10 5 6 4 1 7 19 27 37 26 41 2 45 14 29 20 18 24 48 21 43 30 47 31 44 28 34 12 8 11 33 35 38 36 42 15 17
37 12 7 40 25 43 41 29 18 44 8 39 32 42 21 45 20 2 19 6 47 13 9 15 10 1 28 23 46 33 11 22 26 35 27 4 3 31 30 48 36 38 24 14 5 34 17 16
44 9 22 11 41 27 19 33 29 18 35 14 15 37 45 4 30 28 39 21 32 34 43 20 24 46 26 38 48 17 8 12 31 25 10 13 5 36 16 7 6 23 40 2 1 47 42 3
7 44 13 36 43 32 24 15 26 19 22 8 37 31 2 18 17 6 46 42 45 29 21 30 23 40 14 25 16 4 27 33 28 10 35 20 41 11 39 38 3 34 5 47 48 9 12 1
41 30 40 15 24 35 17 10 44 6 12 28 46 18 11 27 34 7 43 20 19 8 22 36 13 26 3 29 4 16 9 45 14 5 2 39 25 38 48 47 23 32 33 1 42 31 37 21
33 42 14 4 3 15 26 24 13 16 37 5 22 36 46 40 28 11 12 39 18 7 8 23 35 17 41 43 34 38 30 44 31 19 47 32 6 25 45 21 1 9 20 10 2 27 48 29
24 21 25 33 4 47 29 31 27 30 36 37 23 43 15 22 10 26 6 19 11 14 45 16 12 5 38 1 8 39 44 42 7 28 32 35 20 40 17 3 18 13 46 48 9 2 41 34
1 23 10 46 35 34 3 22 30 26 20 21 7 2 5 17 11 31 37 43 42 12 14 44 4 38 29 40 25 27 33 13 48 32 24 6 18 15 47 19 41 36 45 16 39 28 8 9
11 24 9 7 34 28 13 30 19 38 14 12 17 21 22 42 2 23 44 1 47 10 15 41 6 27 16 36 5 33 48 3 26 29 46 40 31 4 25 18 45 20 37 35 32 8 39 43
35 20 38 22 5 29 19 15 17 41 39 18 31 27 36 43 12 30 25 11 4 45 47 42 8 9 23 46 1 37 24 48 2 6 44 34 16 3 21 14 33 7 28 13 40 10 26 32
38 47 39 12 44 42 41 11 35 15 24 22 30 46 48 45 16 25 5 27 28 20 29 9 34 23 19 33 26 3 36 4 40 2 31 8 1 7 10 6 13 21 32 14 43 17 18 37
19 46 23 10 27 36 43 29 25 39 34 33 47 44 37 12 41 45 42 24 1 48 26 14 31 35 5 8 11 30 13 32 38 9 40 18 17 2 20 16 21 28 4 22 15 6 3 7
25 34 37 44 45 35 22 33 31 42 32 9 40 41 24 29 46 48 13 14 30 1 27 18 39 28 21 20 43 26 38 8 15 36 10 23 12 6 19 11 17 47 2 4 5 7 16 3
21 38 36 2 11 16 5 3 10 25 45 42 1 29 46 8 23 32 40 4 35 26 43 15 39 14 24 28 7 34 31 20 37 27 19 33 6 13 41 17 18 9 44 30 12 47 48 22
37 2 22 28 48 33 17 12 35 4 44 26 36 14 29 6 8 25 13 19 10 20 31 39 42 34 7 15 9 27 11 5 3 18 40 46 30 1 38 24 21 23 41 47 43 45 32 16
21 3 31 14 25 9 24 10 42 20 6 11 32 36 8 26 37 16 19 22 28 30 41 17 34 43 4 45 7 29 23 40 13 15 27 35 5 46 39 44 47 38 2 48 1 33 18 12
12 7 36 13 31 40 22 5 25 17 15 30 27 23 24 4 10 39 29 16 21 34 3 11 35 26 18 6 32 9 19 45 8 44 2 14 33 38 20 47 28 41 42 46 48 43 37 1
3 9 7 2 39 32 15 22 11 14 16 40 26 29 27 24 20 28 10 17 12 13 21 18 23 42 35 6 19 4 46 8 41 38 47 25 43 31 30 48 44 33 5 1 45 36 34 37
38 33 18 12 27 36 26 11 4 15 8 16 6 41 10 7 17 5 21 3 40 30 29 9 37 28 24 45 46 44 43 32 48 47 35 39 19 2 13 20 23 25 1 22 42 14 31 34
19 39 17 13 18 26 29 16 21 8 31 33 5 3 2 22 9 35 7 6 41 15 44 36 10 14 46 28 11 20 45 37 47 43 32 24 25 1 23 40 4 34 48 38 12 27 42 30
31 34 2 9 11 17 25 12 23 3 22 14 35 15 13 21 28 10 5 36 19 46 7 45 24 18 26 43 20 16 8 47 44 27 6 4 37 33 48 38 1 32 40 42 39 41 30 29
7 38 19 10 43 27 5 3 15 12 37 29 46 16 21 44 23 34 2 45 13 41 25 39 11 1 6 8 33 47 48 22 40 9 20 18 17 36 4 42 31 28 32 30 35 24 14 26
5 8 13 26 6 41 28 33 9 18 34 43 12 32 11 31 45 2 16 46 30 44 10 15 14 47 48 20 24 38 40 7 3 36 23 42 1 22 19 35 17 37 4 29 25 39 27 21
25 3 11 14 41 13 10 43 26 44 5 34 30 47 39 12 16 8 9 18 45 24 37 20 42 46 7 40 48 32 2 19 38 1 28 31 35 6 29 17 15 27 33 4 36 21 23 22
6 29 23 28 32 19 33 2 13 39 35 30 24 4 38 18 41 12 46 44 43 48 16 3 15 40 14 1 47 7 25 31 9 5 11 8 45 42 37 26 36 21 10 27 20 34 22 17
41 10 14 11 36 37 39 21 34 48 24 22 15 44 40 38 47 46 45 42 9 1 27 12 30 4 5 23 43 19 29 6 28 35 8 33 3 13 26 16 25 18 31 2 32 17 20 7
2 19 30 21 8 12 43 24 48 36 44 42 22 38 37 45 46 18 40 20 11 39 5 32 47 25 10 15 28 31 27 33 35 26 1 9 41 29 7 23 6 17 13 14 34 4 3 16
24 2 32 29 44 43 41 48 40 42 26 39 37 8 45 46 31 20 22 21 33 47 28 17 1 36 19 38 27 35 13 4 14 10 25 23 30 11 16 6 34 3 9 5 18 15 7 12
16 37 4 44 35 7 34 31 29 40 38 47 45 46 28 39 14 48 42 43 1 36 22 27 33 41 18 30 21 8 12 25 17 2 19 32 23 26 10 11 13 5 20 6 15 3 24 9
44 47 39 36 48 42 40 46 18 19 32 24 1 37 31 27 34 45 43 8 26 29 9 14 16 35 28 33 38 30 20 23 22 25 17 41 4 21 11 7 3 13 15 12 5 6 2 10
28 46 48 34 33 47 1 6 42 27 45 37 40 43 30 19 21 44 39 38 18 25 26 35 13 23 4 29 31 17 41 5 32 8 15 20 14 7 36 2 12 22 24 10 9 11 16 3
33 41 44 40 45 46 38 29 27 47 10 28 43 42 48 1 30 37 35 39 32 18 23 31 19 16 21 25 26 3 36 20 15 34 14 13 12 8 5 4 24 11 22 7 2 9 17 6
