0.5369623694470439 0.16702979638400736 0.06574198201054723 0.061454645111115064 0.053667960072226906 0.054641413535319636 0.010120982911230203 0.004569350987610693 0.0068081780228779615 0.011460964809200619 0.004753438486541679 0.011290335218188915 0.005267583581633255 0.006230999422456638
4 7 5 8 6 3 1 2
7 4 8 2 3 6 1 5
8 1 2 7 4 5 6 3
3 8 7 5 4 6 2 1
5 3 2 4 6 1 8 7
2 5 7 1 8 4 6 3
3 8 6 1 4 7 5 2
7 1 6 8 4 5 2 3
5 3 7 8 4 1 6 2
7 8 2 4 6 1 5 3
2 1 6 5 4 7 8 3
5 1 2 8 4 7 6 3
2 3 6 7 4 5 8 1
3 8 7 1 4 5 6 2
