35449 37180 37749 34131 33831 32284 33287 33473 32043 30353 30722 30506 29764 29869 28748 28429 27223 27330 26661 25134 25200 24845 23299 22472 21634 21156 19378 17431 18013 16510 12891 8041 7149 6566 5735 5552 5330 5811 5048 5095 4734 4530 4659 4165 3976 3549 3334 3553 2992 3432 3169 2957 2904 2792 2530 2540 2330 2301 2104 2035 1896 1794 1670 1370 1378 1384 1221 1119 1143 1072 953 909 853 899 846 810 808 735 733 698 606 602 610 523 542 434 478 422 425 400 367 358 323 296 285 255 268 259 248 194 194 188 198 174 156 158 139 153 124 121 115 105 117 101 97 97 95 92 80 71 78 73 66 59 61 57 52 52 47 45 42 36 39 30 34 32 29 26 26 23 24 23 21 19 18 17 16 16 15 14 14 12 12 12 11 10 10 9 9 7 7 7 7 6 7 6 6 5 5 5 4 4 4 4 4 3 3 3 3 3 3 2 2 2 2 2 2 2 2 1 1 1 1 1 1 1 1 1 1 1 1 1 1 1 1 1 1 1 1
2 11 4 25 7 5 24 3 20 6 17 27 31 21 15 26 32 12 19 13 18 30 22 23 14 10 9 29 16 28 8 1
12 17 25 26 23 15 10 8 13 3 9 4 2 28 27 20 18 11 21 24 29 32 31 6 19 16 22 1 14 5 7 30
15 23 29 4 19 6 16 11 2 17 31 1 20 8 7 25 26 13 14 21 27 24 10 30 9 18 12 32 5 3 22 28
6 4 11 19 14 26 25 13 22 30 32 9 29 23 28 5 1 2 17 20 31 8 16 27 12 21 24 7 3 15 10 18
32 27 24 21 9 19 31 5 25 23 3 11 28 16 4 7 10 14 13 1 8 20 26 22 17 2 30 12 18 6 15 29
16 18 8 2 13 29 32 6 31 11 30 22 26 4 24 19 12 23 3 14 10 5 20 25 7 28 1 9 15 21 27 17
10 5 20 29 8 11 15 4 30 21 19 28 6 13 22 23 14 3 24 2 1 12 27 18 31 7 16 25 17 26 32 9
8 30 23 22 32 24 12 9 5 7 10 25 11 2 1 21 19 18 28 4 6 16 3 29 15 31 27 26 20 13 17 14
4 19 17 11 24 3 13 20 7 29 16 18 14 26 21 10 31 6 1 32 28 27 30 5 22 8 23 15 2 9 12 25
21 8 16 15 29 9 17 22 4 10 13 30 23 27 18 1 25 32 5 11 12 7 24 2 28 26 3 20 19 31 14 6
17 2 6 27 26 7 28 24 14 20 22 8 32 3 23 4 9 16 15 29 30 25 11 12 18 5 21 10 31 1 13 19
28 20 3 23 31 27 19 1 16 26 2 5 12 29 6 22 13 30 9 7 25 17 32 14 8 15 11 21 24 4 18 10
26 16 1 13 28 18 22 23 9 24 5 29 30 14 19 12 15 25 31 17 32 10 8 7 21 3 4 2 11 20 6 27
9 7 26 12 25 16 20 10 18 28 29 17 19 22 11 31 8 1 32 27 3 6 5 15 4 24 14 13 30 2 21 23
31 15 30 17 22 28 3 12 29 1 6 16 8 9 14 2 23 24 10 19 21 11 7 32 5 20 13 27 4 18 25 26
7 10 32 18 2 23 14 16 15 22 25 19 4 30 3 24 21 29 11 26 20 28 12 31 27 1 5 17 6 8 9 13
13 31 2 16 18 32 6 25 11 5 14 20 21 10 17 27 3 8 7 12 19 29 28 1 23 9 15 30 26 24 4 22
1 26 27 9 21 31 8 29 6 16 7 12 22 17 5 28 2 4 18 23 24 14 15 19 11 13 20 3 10 25 30 32
30 6 18 3 27 22 11 17 12 15 28 23 10 31 25 32 7 26 29 16 4 1 13 21 2 19 8 24 9 14 20 5
3 1 9 30 4 20 5 21 24 31 26 32 25 7 10 11 17 27 6 8 2 13 29 28 16 14 18 23 22 12 19 15
19 32 22 14 5 2 29 28 17 18 4 6 15 20 9 13 27 21 12 31 11 3 25 10 24 30 7 16 1 23 26 8
18 9 19 8 30 17 21 2 28 32 24 31 13 5 20 6 29 15 4 25 7 22 14 26 1 27 10 11 12 16 23 3
14 29 7 32 6 21 18 15 26 27 1 13 5 24 16 3 30 12 2 9 22 4 23 20 10 17 28 8 25 19 31 11
22 3 10 28 16 14 2 30 21 9 12 7 24 32 31 29 11 17 26 6 13 15 1 8 20 25 19 18 23 27 5 4
20 21 5 1 11 30 23 7 8 4 15 27 3 6 26 14 16 10 25 18 9 2 19 13 32 12 29 22 28 17 24 31
5 22 28 10 17 1 27 19 3 13 11 14 9 25 32 18 6 20 30 15 26 21 4 24 29 23 2 31 8 7 16 12
25 28 12 6 3 8 4 26 27 14 23 21 18 15 29 16 22 7 20 10 17 19 2 9 30 11 31 5 13 32 1 24
24 12 14 31 15 10 7 32 1 2 20 3 16 19 13 17 4 22 8 30 5 18 9 23 25 6 26 29 27 11 28 21
23 14 21 7 12 4 26 31 19 25 18 24 27 1 30 8 5 28 16 3 15 9 17 11 13 22 32 6 29 10 2 20
27 11 31 5 10 13 1 14 20 19 21 26 17 12 8 15 24 9 22 28 29 23 18 16 6 32 25 4 7 30 3 2
29 13 15 24 20 25 9 27 32 12 8 10 1 18 2 30 28 19 23 5 16 31 6 3 26 4 17 14 21 22 11 7
11 24 13 25 1 12 30 18 23 8 17 2 7 21 15 9 20 5 27 22 14 26 31 4 3 10 6 19 32 28 29 16
16 25 3 20 23 5 24 26 10 2 27 15 7 11 12 9 32 31 22 13 18 30 21 4 6 29 1 19 14 28 8 17
4 24 13 20 14 15 30 3 10 8 25 2 31 11 27 1 12 5 19 22 23 26 21 17 32 6 9 28 16 29 7 18
2 17 11 19 15 32 9 18 13 8 5 10 1 21 12 7 20 31 27 30 23 4 22 25 3 29 26 28 24 6 14 16
11 25 29 24 19 4 1 13 31 12 9 32 7 3 27 23 18 10 21 14 5 2 20 6 26 16 17 28 30 22 8 15
12 1 25 21 7 19 31 11 13 24 27 2 16 26 28 5 10 22 8 20 23 15 9 17 14 18 6 4 3 29 32 30
6 5 16 26 13 12 2 24 14 30 19 3 9 23 4 20 25 11 17 28 31 18 32 27 7 21 8 22 15 1 10 29
2 15 9 29 24 25 32 5 23 19 14 11 20 12 7 8 4 13 26 10 27 21 16 18 3 22 30 6 17 31 28 1
32 18 10 2 1 8 25 15 7 23 17 21 29 4 13 19 26 9 27 5 16 22 24 30 20 28 12 14 31 3 11 6
10 27 17 11 32 20 16 6 30 15 31 25 18 28 24 9 22 23 2 21 14 19 1 29 12 26 3 7 8 5 13 4
21 8 26 15 9 6 31 27 24 11 4 30 25 32 12 16 19 5 23 13 17 10 18 22 1 7 2 28 20 29 3 14
12 22 2 10 8 13 24 32 5 25 1 18 27 11 20 30 31 14 16 9 26 23 3 4 17 29 15 19 21 28 6 7
11 12 20 23 29 26 30 3 22 1 24 31 32 16 10 17 6 28 4 18 9 7 2 27 13 5 14 8 19 21 15 25
26 9 4 32 3 10 15 19 6 8 30 28 5 14 27 24 1 7 22 31 23 25 21 16 18 2 20 12 13 11 29 17
17 24 29 22 23 31 7 13 4 9 15 5 14 18 25 10 11 19 6 3 27 30 26 20 28 12 32 16 1 8 2 21
28 32 24 16 12 3 21 22 11 7 6 26 17 29 2 18 14 20 19 8 15 13 30 23 10 31 25 5 4 27 1 9
31 10 11 13 7 23 9 30 26 12 8 29 6 15 5 21 28 3 25 20 22 1 19 17 16 4 24 18 2 14 27 32
23 19 12 30 25 28 4 21 7 5 10 6 26 2 14 16 27 22 3 29 31 20 17 9 24 15 13 1 18 32 8 11
22 2 6 7 26 1 23 20 31 13 28 9 30 19 17 32 12 8 21 25 18 14 4 10 15 3 5 29 27 24 11 16
13 31 30 21 19 18 14 2 15 10 32 20 3 27 9 7 5 17 1 6 16 12 8 25 11 24 28 23 22 26 4 29
27 21 1 4 31 2 8 11 23 29 3 22 28 13 18 26 24 12 10 17 32 9 6 14 30 25 16 7 5 15 20 19
5 30 28 14 4 11 16 7 18 17 13 10 21 6 23 3 15 24 27 1 2 26 22 31 12 20 19 32 9 25 29 8
12 28 13 6 16 29 26 1 9 27 2 14 15 21 19 4 17 32 30 24 3 5 23 8 7 11 10 20 25 22 18 31
8 4 23 29 28 21 10 27 25 32 12 15 16 1 6 19 18 31 5 22 20 3 9 26 2 14 17 24 11 30 7 13
29 3 27 20 7 30 18 25 16 22 21 24 23 9 1 14 2 11 32 15 4 28 5 13 8 10 31 6 26 19 17 12
30 27 32 9 14 17 5 18 1 31 26 8 7 20 12 28 13 21 24 19 10 11 25 2 23 16 4 15 6 29 3 22
6 13 22 28 11 24 1 17 8 4 9 19 29 23 26 25 16 15 20 32 30 7 14 21 31 27 12 2 3 10 5 18
20 12 5 25 17 22 6 10 19 14 29 13 4 3 7 15 30 27 8 23 24 32 16 1 9 21 18 11 28 2 31 26
9 26 8 1 27 7 11 23 29 3 16 2 24 12 32 31 19 4 13 30 5 6 20 15 21 18 22 14 10 17 25 28
1 6 15 19 23 9 7 28 32 18 27 16 31 8 14 22 3 26 12 21 25 17 10 5 4 29 11 13 24 20 30 2
2 16 18 31 10 12 27 19 7 26 22 17 8 30 3 13 20 25 15 11 1 29 28 6 5 32 21 4 14 23 9 24
15 25 5 27 6 14 4 8 12 21 31 23 22 24 11 2 32 9 17 28 13 19 26 18 29 7 30 10 16 3 1 20
16 20 1 11 22 27 25 4 30 2 23 26 10 5 8 6 21 18 3 14 29 24 12 28 19 17 13 31 32 9 15 7
24 17 29 8 25 7 21 3 10 16 20 11 1 28 15 23 22 2 31 4 14 27 13 32 6 9 26 30 18 12 19 5
10 23 25 15 20 16 5 26 28 7 18 12 13 31 9 8 14 30 11 1 19 2 21 29 27 22 6 17 4 32 24 3
8 24 3 17 15 19 1 18 4 28 32 7 20 14 2 12 25 13 26 29 11 21 30 9 22 23 27 5 31 6 16 10
21 22 8 2 29 3 17 13 14 20 15 9 11 16 18 24 10 7 4 12 5 25 19 1 26 6 32 27 30 31 28 23
25 15 7 29 26 22 20 6 21 16 24 28 14 1 5 30 11 23 18 27 10 31 17 8 3 13 9 19 12 4 2 32
32 19 11 23 24 25 9 4 1 2 29 8 18 13 6 20 31 10 5 16 27 26 7 30 14 28 3 22 17 21 12 15
17 9 16 12 1 5 31 7 13 32 14 29 24 8 25 11 4 6 2 3 20 22 27 18 10 30 23 28 19 15 26 21
5 6 32 4 12 24 29 16 8 31 3 22 26 2 30 17 27 19 1 7 21 20 11 28 25 15 14 18 23 13 10 9
20 18 12 28 2 27 30 29 17 19 7 15 9 10 21 6 26 22 16 31 24 13 4 5 8 3 25 32 1 11 23 14
31 1 19 3 5 26 22 21 15 9 13 6 10 29 32 12 8 14 24 16 23 30 20 11 18 4 2 7 25 28 27 17
14 32 30 19 13 29 28 10 11 22 17 31 3 25 8 9 12 5 23 2 4 1 15 27 6 24 18 26 21 20 16 7
16 31 15 10 21 28 13 12 3 26 2 27 20 4 7 11 23 32 19 9 18 5 22 6 1 25 24 8 17 29 14 30
13 26 4 17 3 16 18 28 20 7 10 30 15 6 27 22 9 24 32 25 29 12 2 23 19 31 11 1 5 14 21 8
23 21 17 7 2 14 8 5 26 4 30 24 27 19 1 31 32 3 10 18 9 6 28 25 29 12 20 15 13 16 22 11
19 28 24 11 22 21 6 25 18 29 4 5 7 27 17 15 1 12 30 8 13 9 3 31 14 26 23 16 2 10 32 20
26 20 28 27 9 30 3 1 23 18 6 10 8 16 21 2 24 15 17 14 25 32 5 19 13 29 4 12 11 22 7 31
1 8 23 9 10 18 2 32 24 21 26 25 19 11 13 27 22 31 20 5 15 7 16 17 28 6 14 3 29 30 12 4
11 13 6 18 4 1 10 16 27 3 19 21 29 12 28 23 20 7 31 15 32 14 8 26 9 17 30 24 22 25 2 5
2 30 26 8 7 31 12 14 25 13 16 3 17 15 11 1 21 4 22 20 19 23 18 32 24 5 10 29 9 27 28 6
6 10 16 25 32 17 15 24 13 28 9 1 22 31 19 30 18 21 8 4 14 11 7 29 3 2 12 23 20 26 5 27
21 4 9 24 3 12 32 11 10 14 22 7 1 18 30 5 15 20 2 29 31 28 23 16 17 8 25 27 26 6 13 19
15 14 18 2 28 7 24 17 32 5 21 19 31 9 23 25 11 26 12 27 1 29 10 20 22 16 3 4 30 8 6 13
28 2 7 5 19 20 14 26 30 16 8 17 4 3 22 9 23 1 21 6 11 18 25 15 27 32 31 10 12 13 24 29
4 9 29 1 31 10 7 2 14 15 27 26 5 32 6 11 16 18 28 12 30 17 3 22 20 13 21 19 23 24 8 25
27 16 22 6 1 8 23 15 29 20 14 11 28 26 18 24 5 13 25 17 32 4 9 12 30 3 2 21 31 7 19 10
29 22 20 30 21 19 26 13 9 24 5 27 32 14 10 18 6 8 15 3 2 16 12 25 7 1 17 31 28 11 4 23
10 32 12 15 29 24 11 19 31 5 25 30 13 20 1 6 9 23 16 7 17 21 27 14 26 22 8 28 4 2 18 3
24 12 19 20 25 2 3 9 16 10 7 29 30 5 4 8 14 28 13 21 26 27 17 11 31 23 22 32 6 1 15 18
9 17 8 26 12 5 16 3 22 11 28 24 21 2 25 20 7 27 19 13 23 10 6 1 4 30 32 18 15 31 29 14
3 18 24 14 20 4 19 8 21 23 9 16 11 30 12 7 31 2 6 28 15 1 13 17 25 10 27 22 32 26 5 29
4 3 32 31 6 25 29 23 17 18 20 15 16 22 2 28 30 11 27 26 14 24 21 13 5 7 9 1 19 8 10 12
22 10 30 23 24 18 4 7 8 12 3 20 14 21 31 17 13 6 1 32 9 2 11 29 15 19 16 5 27 25 26 28
8 4 3 32 17 11 15 29 7 2 12 9 6 28 16 20 26 14 5 22 31 13 19 27 10 25 18 30 1 21 23 24
15 6 5 12 14 23 30 17 28 4 13 22 25 24 20 27 19 3 11 18 21 31 10 2 1 16 26 7 8 29 32 9
7 24 11 13 9 27 8 22 32 3 1 18 12 10 26 5 15 19 23 2 29 25 4 28 20 31 6 17 16 30 14 21
17 8 1 20 15 13 10 18 6 16 2 31 27 29 14 23 28 32 3 9 24 19 30 21 12 4 5 26 7 22 25 11
28 19 2 21 31 9 6 27 11 7 26 12 8 13 32 10 24 4 18 5 16 3 29 30 23 14 15 20 25 17 1 22
14 31 27 28 13 1 17 32 2 9 23 5 29 20 7 15 10 18 8 25 3 30 26 6 22 24 19 11 21 12 16 4
12 23 31 9 32 17 14 1 4 30 10 2 5 25 24 6 18 20 15 11 22 28 8 19 16 7 13 3 29 27 21 26
16 15 20 23 28 22 18 21 14 32 17 6 3 13 9 4 25 7 12 31 5 29 1 10 24 26 11 8 30 19 2 27
1 14 29 4 26 20 7 25 3 21 24 13 9 27 12 30 5 11 32 10 19 22 15 23 17 28 6 31 18 16 8 2
29 21 13 12 5 3 32 10 1 28 30 14 17 2 19 18 27 9 31 7 25 6 16 26 8 15 24 4 20 23 22 11
25 1 22 3 16 29 2 5 18 14 19 23 7 11 31 27 20 30 17 8 4 13 6 9 21 12 15 24 26 32 28 10
18 27 4 13 29 12 1 6 30 19 16 3 31 21 14 25 22 26 20 15 11 17 2 8 32 10 28 7 24 9 23 5
2 26 18 5 20 11 24 7 27 17 15 25 3 16 8 13 31 6 21 4 1 14 22 32 29 23 19 28 12 10 9 30
21 5 17 29 8 23 11 16 10 26 32 1 2 4 15 31 6 25 28 12 18 19 14 20 3 9 13 30 22 24 27 7
23 19 16 18 2 10 31 30 29 20 4 21 26 8 3 17 32 15 25 24 27 7 13 5 28 22 14 1 9 11 6 12
30 1 25 2 12 13 26 24 19 29 20 8 22 6 32 28 11 10 3 14 7 4 21 31 9 5 17 23 27 15 18 16
26 30 23 27 4 8 9 14 24 22 31 20 19 15 28 7 1 21 10 13 3 32 5 11 18 17 16 29 6 2 12 25
11 14 26 25 6 9 16 15 12 23 30 28 4 29 27 2 13 22 1 32 17 3 19 18 31 8 5 20 10 7 24 21
1 27 15 20 19 7 22 31 21 12 6 10 11 32 16 26 8 2 13 30 23 5 18 9 4 29 24 17 3 14 25 28
6 20 12 21 18 25 19 23 3 15 29 13 10 30 5 11 14 8 24 28 16 9 1 22 7 32 27 2 4 26 31 17
17 23 29 30 22 3 27 13 16 11 5 12 9 28 20 32 4 24 6 26 1 18 25 21 14 19 2 10 7 31 15 8
24 6 27 15 29 2 20 8 17 25 23 14 28 26 9 22 7 31 16 1 30 4 12 13 5 18 21 3 19 32 11 10
5 12 1 31 27 26 24 3 15 14 13 8 6 19 2 20 21 28 17 29 18 16 11 10 25 30 4 22 32 9 7 23
22 2 18 14 10 21 12 19 31 17 8 29 25 20 7 23 30 9 28 16 24 26 27 32 6 11 3 5 1 15 4 13
10 16 7 8 28 29 23 22 26 5 14 25 27 31 17 15 12 19 32 20 4 1 30 18 24 2 11 13 21 6 3 9
31 28 30 6 16 14 13 2 25 29 3 1 4 22 21 8 17 5 27 9 19 10 7 23 12 20 26 11 15 24 18 32
9 1 4 32 15 27 28 7 6 16 11 31 12 24 10 30 2 3 20 17 14 21 29 5 23 13 8 18 25 19 26 22
4 15 20 19 13 31 17 28 10 9 22 3 29 8 26 12 16 30 23 6 2 14 18 27 1 21 32 24 11 25 5 7
15 8 13 3 1 20 5 24 21 31 19 23 7 18 25 10 32 12 2 4 9 11 14 16 29 6 22 26 28 17 30 27
8 21 17 18 25 19 6 29 11 20 12 5 15 4 24 14 3 27 22 10 13 2 23 30 26 28 9 32 31 7 1 16
29 9 11 26 32 1 10 4 22 3 7 6 13 14 18 24 28 23 5 27 21 25 16 20 17 8 31 15 2 12 19 30
3 31 6 24 20 28 7 32 19 2 26 21 17 27 23 5 9 1 11 22 25 18 13 8 15 14 10 12 30 16 29 4
14 3 25 9 8 4 26 18 24 22 32 16 2 6 30 12 11 31 19 21 7 5 17 15 28 20 23 27 29 1 10 13
32 24 15 10 7 17 3 31 29 28 9 20 14 16 22 4 19 13 18 25 5 26 21 2 30 11 12 1 23 27 8 6
27 5 3 1 17 11 22 25 12 19 4 29 21 23 8 7 13 20 30 32 26 16 28 14 31 15 6 2 18 10 9 24
16 25 26 7 31 23 1 10 18 30 24 13 22 32 6 17 27 15 12 11 2 29 9 4 8 5 14 19 20 21 28 3
19 26 11 31 21 18 14 9 23 32 1 10 12 15 7 28 20 22 3 8 27 30 6 17 4 25 5 16 24 29 13 2
9 19 28 29 30 10 18 11 1 26 17 15 6 13 4 27 24 7 25 20 21 23 5 31 22 12 3 8 16 2 32 14
13 17 20 4 5 8 12 30 31 7 28 22 26 10 2 23 6 32 21 16 15 24 18 19 3 1 9 29 11 14 27 25
28 2 19 5 9 13 31 17 27 15 10 14 16 1 26 20 25 6 24 30 29 7 3 22 32 23 18 4 8 11 21 12
3 14 16 20 12 7 11 27 8 10 21 28 25 5 30 18 4 24 13 26 17 32 22 1 9 2 15 6 29 23 31 19
5 10 31 28 24 22 32 16 7 21 15 8 3 19 14 1 23 18 30 12 13 9 29 6 25 4 17 20 2 27 26 11
27 9 18 23 4 16 19 15 1 12 22 11 24 29 25 2 7 10 31 14 3 17 8 28 20 30 26 21 32 13 6 5
29 16 22 32 2 26 13 5 9 23 20 17 8 11 3 30 1 25 6 27 31 19 10 21 7 18 24 28 4 12 14 15
22 3 13 28 10 24 2 26 6 4 11 12 19 30 18 14 8 17 20 21 9 31 15 29 16 32 25 5 27 1 7 23
31 30 7 6 22 4 20 14 27 9 1 28 29 26 15 10 5 21 8 13 32 11 2 12 18 24 19 3 23 25 16 17
12 27 24 13 32 8 16 1 29 3 28 7 11 9 5 25 31 14 15 2 18 21 19 26 6 10 4 23 17 22 30 20
7 6 5 14 3 9 1 27 26 10 8 15 31 25 20 19 30 2 16 29 23 13 11 28 12 21 22 17 18 4 24 32
6 13 1 21 16 2 29 23 18 7 17 9 30 20 31 15 14 4 12 24 22 3 27 11 8 19 32 10 25 26 5 28
14 21 29 2 26 1 23 11 20 17 6 25 10 4 19 31 27 8 32 3 24 22 12 9 5 7 13 28 30 16 18 15
10 12 28 29 6 20 27 19 8 30 13 3 5 18 1 24 7 11 17 15 14 23 26 25 21 9 2 32 16 31 4 22
4 23 17 20 19 7 24 16 30 15 3 31 9 8 32 6 12 18 2 1 26 10 25 13 14 29 11 27 5 28 22 21
8 4 12 1 13 29 18 21 7 5 9 24 6 14 28 26 17 15 25 31 11 27 23 32 19 22 16 30 10 2 3 20
11 20 23 26 18 31 17 2 14 28 4 8 27 12 24 13 10 7 21 9 25 19 5 1 30 16 6 22 3 15 29 32
17 5 30 8 25 27 9 15 3 26 32 20 13 21 23 22 24 12 18 7 2 29 16 4 10 1 14 31 19 6 28 11
25 15 4 18 24 22 3 6 11 20 12 13 29 2 16 32 26 30 10 28 19 1 14 27 7 17 31 8 9 21 23 5
14 10 3 25 8 12 5 18 23 11 31 1 16 24 17 9 32 2 15 22 7 13 28 30 26 4 21 20 6 29 27 19
28 2 8 9 19 21 20 3 25 29 26 16 1 11 27 4 18 23 24 17 31 30 15 6 22 5 13 12 7 10 32 14
32 26 6 7 27 23 11 4 24 16 15 22 2 3 21 19 1 25 31 20 5 12 30 14 29 13 28 18 8 17 9 10
15 31 26 6 30 16 14 29 22 32 25 21 24 27 10 18 23 11 20 4 13 17 19 8 28 2 5 1 12 9 7 3
22 25 18 32 2 10 27 30 12 21 24 17 8 19 20 11 13 5 3 6 15 4 7 29 1 31 23 26 28 14 16 9
7 24 16 23 6 19 32 26 21 25 13 29 17 22 9 1 20 27 28 10 3 14 11 5 4 18 12 2 31 30 15 8
24 19 22 2 26 11 29 10 9 31 21 25 12 1 6 5 4 14 23 8 17 3 18 20 16 28 32 13 15 7 30 27
31 1 15 13 32 3 22 17 30 2 16 23 26 5 8 28 9 24 6 11 21 7 29 25 18 12 10 19 20 27 14 4
16 17 31 30 5 13 19 32 29 23 12 9 22 25 15 27 8 3 2 14 4 24 6 21 20 26 18 7 1 11 10 28
18 8 7 31 29 17 1 13 6 14 5 10 19 9 4 2 21 20 11 25 16 27 12 28 30 15 24 3 22 32 26 23
10 4 24 14 16 18 28 5 1 22 9 7 30 13 19 20 25 32 12 26 29 2 8 15 31 23 3 11 21 27 6 17
4 23 20 5 3 12 13 14 15 19 10 26 21 29 18 25 6 1 8 28 30 16 22 31 17 32 11 27 9 2 24 7
27 12 13 18 10 26 23 31 4 16 32 11 3 20 14 15 28 6 19 29 21 5 1 2 25 9 8 24 7 22 17 30
29 22 7 21 1 28 18 11 19 26 4 12 15 31 3 13 14 17 16 24 9 6 10 27 32 30 2 5 20 23 8 25
7 20 2 3 15 10 9 25 14 18 6 1 4 28 5 30 11 26 32 16 23 31 27 22 19 8 17 29 24 21 13 12
19 15 4 26 21 27 3 17 23 9 29 14 7 16 32 8 5 22 10 13 25 12 2 18 6 24 31 30 11 1 28 20
32 16 1 29 28 24 17 19 26 2 20 3 14 18 23 6 30 4 13 31 27 11 21 9 8 25 15 22 12 10 5 7
5 13 28 1 4 20 2 24 18 30 3 16 9 26 31 23 27 10 25 15 11 32 17 19 14 7 22 6 8 12 21 29
6 14 29 24 11 9 31 27 17 32 26 5 28 22 16 20 15 21 18 2 7 1 25 10 12 19 4 23 30 13 3 8
8 28 12 25 22 16 30 32 20 3 24 7 27 15 2 1 31 13 5 9 18 21 26 11 10 14 19 17 29 6 4 23
25 6 30 4 18 2 16 22 7 20 14 13 31 12 28 24 5 8 21 1 32 9 29 23 26 17 10 15 3 19 11 27
11 10 5 19 13 1 24 29 8 23 28 17 25 14 21 27 32 31 22 3 2 7 30 16 20 9 12 4 6 26 18 15
28 21 19 7 29 14 5 12 11 15 8 18 22 6 1 26 23 20 30 27 16 10 24 13 3 2 25 32 9 4 31 17
17 30 20 13 14 3 29 1 31 21 26 28 6 4 24 9 19 12 27 18 5 23 8 32 7 16 11 10 25 15 22 2
14 20 23 28 32 30 13 5 16 11 15 29 10 2 8 31 1 24 6 4 17 25 3 26 21 12 19 7 18 9 27 22
5 15 32 30 24 23 19 13 3 28 31 8 11 10 27 2 9 26 20 22 4 29 6 17 18 1 14 12 21 25 7 16
16 8 15 20 27 31 9 2 22 5 1 23 14 32 25 17 7 4 13 10 3 24 26 18 30 29 6 21 19 11 12 28
3 2 11 5 25 13 10 18 12 7 14 31 17 27 6 32 20 23 15 8 29 28 4 9 22 24 26 19 30 16 1 21
4 27 3 23 12 17 26 16 10 19 24 20 9 29 11 14 8 30 18 7 13 22 2 21 1 32 15 28 25 31 5 6
12 14 25 6 20 22 1 9 30 31 21 15 26 5 4 28 3 27 11 17 19 2 13 8 23 18 24 16 10 7 29 32
6 32 22 2 5 8 27 28 24 14 25 9 12 1 17 4 18 13 3 11 15 19 7 31 29 26 21 20 16 30 23 10
10 1 13 8 31 18 22 23 21 25 16 24 19 30 26 12 2 3 5 6 14 4 28 29 7 20 27 15 11 17 32 9
15 6 24 4 30 29 16 21 27 12 7 22 8 19 9 18 26 1 2 20 5 13 25 32 17 10 23 11 31 28 14 3
32 13 17 28 6 7 12 10 25 29 23 21 15 9 20 19 11 5 8 14 26 3 22 16 31 30 18 1 27 2 24 4
8 31 27 20 3 16 14 4 29 22 12 26 21 24 18 11 6 17 25 32 9 1 15 30 19 23 2 10 28 7 13 5
29 23 18 9 2 4 11 26 15 30 5 10 28 20 16 25 14 19 21 13 31 17 27 12 6 22 3 7 1 32 8 24
12 4 29 25 20 9 18 3 31 24 17 28 7 16 22 13 15 6 19 2 11 27 21 1 14 5 32 8 23 26 10 30
18 17 20 32 11 21 7 27 1 28 13 14 2 3 15 5 12 22 23 26 24 16 10 6 4 8 31 30 29 25 9 19
25 3 31 26 8 30 32 15 19 12 29 6 4 23 10 24 21 7 16 1 18 9 28 20 5 13 17 2 22 14 27 11
31 28 16 13 18 19 3 30 6 25 22 12 27 2 24 4 10 21 17 9 7 14 1 11 32 15 8 5 20 29 23 26
22 16 25 24 26 23 20 10 7 9 6 8 13 14 1 12 30 2 3 17 27 5 11 28 29 21 4 18 15 19 31 32
6 22 4 10 9 29 7 14 23 20 3 21 16 1 8 18 2 12 28 27 24 11 25 26 17 19 5 32 13 15 30 31
18 19 20 28 9 17 2 6 25 14 12 16 1 4 5 8 10 11 24 3 30 7 22 27 26 21 31 23 32 13 29 15
13 5 2 6 14 19 8 21 12 9 16 24 4 10 15 17 7 3 30 11 26 32 18 22 23 20 25 31 29 1 28 27
19 30 5 8 16 14 12 17 24 7 15 13 6 3 4 9 20 1 2 31 32 21 11 23 10 18 27 29 22 28 26 25
11 22 8 7 21 27 13 9 14 2 25 5 3 23 20 30 1 31 32 4 29 12 6 10 28 26 24 17 16 15 18 19
1 28 6 10 11 2 5 24 20 12 9 15 14 13 27 32 3 7 31 21 4 26 29 8 25 19 23 16 18 30 17 22
26 16 12 19 13 11 24 5 8 4 29 1 10 9 21 7 31 32 27 18 17 23 3 15 20 28 6 30 2 25 22 14
24 26 23 30 12 8 28 15 19 3 1 31 2 32 17 6 4 14 11 22 18 5 7 13 9 25 21 27 20 29 16 10
14 17 7 9 28 3 29 19 1 26 13 25 27 5 32 31 30 2 22 10 16 6 8 4 21 15 18 20 24 23 12 11
28 3 19 2 4 21 1 11 29 32 20 26 31 30 10 27 18 22 5 16 7 25 23 17 12 14 8 24 13 6 15 9
7 19 30 26 24 22 32 1 17 15 31 29 12 21 28 2 27 10 23 9 25 18 14 20 5 16 4 3 6 13 11 8
25 20 22 13 15 1 31 32 26 23 21 7 30 27 18 28 19 11 6 24 3 14 12 29 4 10 16 5 8 17 9 2
31 25 1 32 5 18 23 27 30 28 10 9 24 8 26 22 12 21 20 29 15 11 17 19 16 13 2 4 3 14 6 7
29 1 31 24 32 30 22 28 18 21 23 20 26 11 25 5 13 27 17 15 9 16 19 6 8 7 14 12 10 2 4 3
17 32 28 29 1 24 27 30 21 31 22 23 25 15 2 20 26 18 10 6 14 9 16 11 3 8 5 13 12 19 7 4
22 24 32 1 25 31 30 23 27 29 28 11 13 18 9 26 21 8 16 20 19 2 10 14 7 12 17 6 15 4 3 5
