21699 20750 12470 7648 6666 4287 4428 3809 2870 2381 2521 1800 1787 1145 1048 732 751 489 493 349 328 247 270 181 151 107 112 101 87 66 51 39 31 24 17 11 12 9 8 7 4 3 2 2 2 2 1 1 1
13 7 10 2 12 8 4 3 9 5 6 11 1
12 7 10 2 13 11 5 4 9 8 3 1 6
13 11 9 8 6 7 4 1 3 5 2 12 10
13 4 1 12 8 11 2 7 5 6 3 9 10
8 1 2 6 12 7 10 5 11 13 4 9 3
1 5 3 8 2 12 9 7 4 13 10 6 11
2 5 9 7 8 1 11 10 12 3 13 6 4
3 1 11 10 12 5 9 7 4 2 8 6 13
11 3 9 12 10 4 8 2 5 13 1 7 6
5 7 3 6 10 11 4 9 1 13 12 8 2
9 13 1 7 2 8 3 10 5 6 11 12 4
1 5 8 11 13 6 3 2 10 12 4 9 7
10 4 5 8 12 11 2 9 1 3 13 7 6
13 6 11 1 10 5 8 3 9 7 12 4 2
3 7 9 1 5 4 13 11 12 2 8 6 10
11 5 9 12 2 8 10 3 4 7 1 6 13
8 4 3 10 13 6 11 5 1 7 12 9 2
5 1 2 11 8 7 3 9 4 12 10 6 13
13 6 5 1 8 12 9 3 11 2 10 4 7
3 7 2 12 5 8 13 11 10 6 1 9 4
1 4 9 8 6 5 13 2 10 3 11 12 7
2 7 3 10 5 6 4 11 9 12 1 8 13
2 5 1 12 10 7 8 9 11 3 13 6 4
8 1 5 11 2 4 10 3 9 12 13 7 6
1 7 3 8 13 12 11 5 4 6 10 9 2
3 13 2 1 12 5 9 10 11 6 8 4 7
3 4 1 10 5 7 11 2 9 6 12 8 13
13 1 5 11 2 4 3 10 9 12 8 7 6
1 6 9 8 13 5 2 11 10 3 4 12 7
9 6 3 12 13 7 10 5 11 2 1 8 4
3 7 5 1 12 6 9 11 10 2 8 4 13
9 5 1 11 2 7 13 3 4 6 12 8 10
8 5 1 6 12 4 13 2 11 3 10 9 7
13 5 9 10 2 4 11 3 1 12 8 6 7
13 7 2 1 5 12 3 9 4 6 11 8 10
1 7 2 8 5 4 3 11 9 12 10 6 13
8 7 9 11 13 4 2 5 10 3 1 12 6
10 7 5 8 12 6 11 3 4 2 1 9 13
13 7 2 1 5 6 3 9 11 12 10 8 4
2 5 9 10 12 4 3 11 1 6 8 7 13
8 6 3 11 5 7 13 2 1 12 10 9 4
10 6 1 8 5 12 9 2 11 3 4 7 13
8 1 5 10 2 6 9 3 4 12 11 7 13
2 7 5 8 13 12 10 9 11 3 1 4 6
9 1 5 10 12 4 2 3 11 6 8 7 13
1 6 3 11 2 7 8 5 9 12 10 4 13
8 5 1 7 12 6 13 2 10 3 11 9 4
13 7 1 8 5 12 10 2 4 3 11 9 6
10 5 2 1 13 6 11 3 9 12 8 7 4
