25215 25699 23886 24384 23875 23185 22198 23335 22217 22571 22819 22061 21186 21588 21326 20573 20537 20915 20223 20109 20020 20148 19882 19389 18720 18944 18807 18605 18443 18246 17673 17058 16864 17238 16514 16508 15555 15287 14492 15046 14434 14316 13501 12903 11968 11289 9475 9515 3845 3188 3145 2962 2901 2829 2421 2596 2555 2555 2424 2268 2329 2198 2226 2084 1982 2056 1995 1811 1811 1751 1750 1725 1698 1598 1601 1520 1474 1462 1390 1366 1232 1223 1215 1152 1152 1040 993 998 888 919 849 804 722 635 625 618 566 513 537 533 481 483 452 424 407 381 404 387 386 339 344 328 309 306 299 307 284 288 293 273 255 250 239 220 234 229 220 208 224 212 208 190 172 170 167 149 148 149 143 123 118 108 122 114 100 100 102 91 91 86 76 79 83 72 75 74 67 66 66 62 60 55 57 57 54 52 49 50 49 48 46 43 42 42 40 35 36 35 34 32 29 30 29 28 25 24 23 23 21 20 20 18 17 17 16 16 14 15 14 14 13 14 12 12 11 11 10 10 10 10 9 8 9 8 8 8 8 8 7 7 6 7 6 6 6 6 5 5 5 5 5 4 4 4 4 4 3 3 3 3 3 3 3 3 2 2 2 2 2 2 2 2 2 2 2 2 2 2 1 1 1 1 1 1 1 1 1 1 1 1 1 1 1 1 1 1 1 1 1 1 1 1 1 1 1 1 1 1 1 1 1 1 1
9 28 19 33 30 14 8 35 36 41 15 16 46 7 3 1 32 4 31 2 17 38 42 12 22 21 13 6 40 37 5 24 25 20 27 39 11 34 45 26 23 10 29 18 43 47 44 48
5 39 47 32 33 41 17 3 4 7 21 35 6 19 43 31 46 36 9 20 15 1 44 37 14 13 16 29 25 8 28 23 27 12 18 45 34 24 42 30 40 11 2 10 22 38 48 26
12 48 4 10 24 16 28 40 32 38 30 17 23 37 45 7 34 8 44 46 11 27 1 18 2 33 20 5 39 26 41 42 19 29 21 9 25 3 15 6 35 14 36 22 47 31 43 13
10 13 25 3 40 36 21 9 1 28 48 19 37 14 46 23 26 47 41 15 42 16 43 8 29 6 30 32 7 24 45 33 35 4 31 5 44 39 22 34 38 17 12 11 20 2 18 27
29 18 9 1 26 22 36 32 30 17 11 45 47 4 6 8 20 48 35 12 41 7 40 14 16 2 31 34 44 13 21 38 43 3 37 42 27 33 46 25 28 23 19 39 24 5 10 15
40 16 35 7 23 18 5 6 31 30 20 2 44 21 22 45 39 12 47 43 36 41 8 32 9 28 29 3 34 46 11 14 17 15 38 24 26 48 37 10 1 13 27 33 4 19 42 25
24 1 40 29 42 27 34 48 17 3 18 13 22 30 8 38 16 39 43 33 45 47 37 41 10 9 46 12 5 4 7 19 32 23 26 15 2 35 28 36 14 20 25 6 44 11 21 31
1 15 10 16 4 12 23 36 22 2 9 11 38 5 7 26 8 14 42 24 43 34 18 3 37 29 35 25 13 32 30 20 28 39 46 33 47 6 48 41 44 45 31 27 19 21 40 17
20 2 17 14 46 9 6 45 5 21 44 18 48 34 37 29 1 33 30 10 26 11 16 22 24 4 32 15 27 7 42 28 38 13 43 19 3 40 35 47 12 39 41 23 8 25 31 36
38 8 45 35 47 19 7 28 3 1 46 10 43 2 14 39 24 32 15 48 13 4 27 26 23 44 34 31 17 9 29 22 40 6 25 37 36 18 21 11 20 12 33 5 30 42 41 16
48 37 15 20 41 32 16 22 28 13 29 6 4 12 19 17 11 9 18 5 46 44 25 10 33 42 36 39 2 40 38 47 21 24 14 23 30 45 3 35 43 26 7 31 34 27 1 8
11 25 21 5 20 23 42 43 46 37 14 29 35 13 10 22 12 38 17 34 24 26 4 9 28 39 19 36 18 27 15 7 47 44 45 31 1 16 30 48 2 6 8 40 41 33 3 32
7 34 48 8 6 3 43 20 41 22 36 32 13 1 31 27 23 30 28 42 14 5 38 25 40 19 9 16 35 15 47 21 2 45 12 4 17 11 24 39 10 44 26 37 18 29 33 46
41 17 33 28 12 26 4 5 39 36 43 34 29 25 35 30 19 10 14 37 9 20 11 44 46 38 1 7 23 18 31 13 48 40 3 16 45 42 8 27 24 2 15 47 21 6 32 22
13 11 37 36 18 40 12 10 45 6 42 24 16 28 39 20 33 15 26 38 44 17 9 43 21 34 2 4 48 29 27 1 30 47 7 41 19 14 31 23 5 8 22 35 46 32 25 3
30 14 23 12 28 44 26 1 11 48 35 27 8 24 4 5 47 41 36 22 7 21 32 42 25 46 38 9 3 16 18 29 37 34 40 6 39 17 33 20 31 19 13 15 10 43 45 2
25 23 43 9 19 4 1 33 26 42 31 8 14 17 2 37 7 20 3 21 40 45 15 5 27 18 48 10 6 39 44 41 22 28 32 46 38 13 12 24 47 36 30 29 16 35 11 34
23 32 28 18 35 45 40 14 48 12 19 7 11 22 9 21 41 2 16 36 37 46 29 4 39 8 44 38 15 31 6 43 3 42 34 47 20 10 5 17 25 30 1 26 27 24 13 33
3 43 22 4 16 39 41 46 10 14 40 23 1 15 17 35 38 29 12 27 47 33 13 48 44 25 26 42 28 20 36 31 8 2 30 18 7 21 11 37 6 9 24 32 5 45 34 19
31 36 18 24 27 29 20 15 33 32 39 47 10 41 38 16 5 34 19 23 28 9 30 13 48 26 21 11 8 6 3 37 46 35 44 43 42 12 14 4 17 22 45 25 7 40 2 1
35 44 24 6 36 7 31 8 16 26 45 14 42 43 32 34 15 19 37 3 38 40 10 27 41 47 23 13 12 21 22 4 18 25 33 28 48 20 39 2 46 5 11 17 1 9 30 29
18 46 32 44 3 35 14 2 40 43 33 21 41 36 15 28 22 6 20 31 30 29 45 39 5 7 4 8 16 38 24 25 34 11 19 17 23 1 10 12 26 47 48 42 37 13 27 9
8 22 29 45 1 15 35 37 21 47 34 48 25 42 24 44 36 27 38 9 6 13 26 17 19 41 5 18 31 43 10 16 39 33 28 12 40 30 4 46 11 32 23 2 3 7 20 14
26 7 41 37 8 31 44 13 34 9 25 39 5 16 47 48 18 22 33 1 10 23 46 40 32 35 12 19 38 42 4 17 29 43 24 2 6 27 20 21 3 15 28 45 14 30 36 11
42 6 14 38 17 34 25 19 8 16 47 44 39 26 41 33 29 28 23 4 31 15 7 46 12 24 27 30 11 2 37 40 45 21 10 13 5 43 32 22 18 48 35 3 36 1 9 20
33 27 39 41 25 30 37 16 15 20 7 28 9 6 29 43 45 3 32 47 35 48 23 38 13 11 8 40 10 19 1 12 31 46 17 34 18 2 44 42 22 21 4 36 26 14 5 24
43 33 5 19 37 28 47 7 9 10 23 30 27 3 36 14 44 11 8 13 34 32 12 31 42 15 17 2 22 1 25 48 20 41 35 21 4 29 18 38 39 40 46 24 45 16 26 6
15 12 7 22 11 20 13 42 29 35 1 33 21 39 28 36 10 44 2 17 4 25 31 19 18 40 47 24 14 48 34 46 6 27 5 30 16 26 38 45 8 41 37 9 32 3 23 43
34 47 3 13 22 24 9 21 2 15 17 25 36 20 48 46 31 26 1 6 32 18 33 7 4 10 45 27 43 11 16 39 12 19 23 14 29 8 40 28 42 37 5 30 38 41 35 44
37 30 34 23 45 10 3 12 43 40 5 22 33 9 26 4 2 31 46 8 25 42 35 11 6 20 39 14 47 44 19 27 24 17 1 38 13 36 41 15 32 7 16 48 28 18 29 21
22 45 26 27 43 25 24 30 38 11 16 41 31 40 1 13 37 23 29 32 48 10 2 20 34 36 7 44 4 33 8 15 14 18 42 35 9 46 6 5 19 3 21 12 39 17 47 28
6 31 16 46 44 43 15 4 42 5 26 40 12 45 11 47 14 35 25 7 1 2 39 28 36 48 33 21 29 23 20 18 9 10 22 32 24 41 17 8 27 38 3 19 13 34 37 30
2 35 1 48 7 5 29 41 37 4 27 26 30 8 20 15 3 24 6 19 33 31 14 16 43 23 25 28 21 22 46 9 13 36 11 44 12 32 47 18 45 42 17 34 40 39 38 10
14 42 12 43 5 47 27 11 19 29 28 38 7 46 25 18 48 40 10 16 23 22 24 34 31 3 41 17 45 35 2 26 15 30 39 36 8 37 13 44 9 1 32 21 33 20 6 4
44 40 8 39 48 37 38 34 13 46 6 31 17 32 30 42 21 5 27 26 3 19 47 36 20 12 22 1 41 25 9 2 33 14 16 7 10 15 23 43 29 35 18 4 11 28 24 45
21 38 31 17 32 8 18 29 23 34 41 43 40 11 13 19 35 25 24 39 12 37 36 33 26 1 6 45 9 14 48 30 4 5 2 10 22 44 16 3 7 27 20 28 42 46 15 47
45 10 44 2 29 46 30 39 27 18 13 9 32 23 12 3 4 17 5 25 8 43 34 24 11 22 15 20 37 47 33 35 16 1 41 48 31 7 26 40 21 28 42 14 6 36 19 38
27 3 42 47 34 33 19 25 12 8 32 20 2 35 21 24 30 18 7 14 22 6 17 45 1 43 10 23 26 5 40 44 36 48 9 11 46 4 29 16 41 31 38 13 15 37 28 39
17 19 38 21 15 2 32 31 14 25 22 37 26 44 18 10 13 16 34 28 20 24 6 47 45 27 11 41 36 30 39 3 42 7 48 29 33 5 9 1 4 43 40 46 23 8 12 35
32 26 27 25 39 48 45 38 20 33 8 4 24 10 34 11 43 7 21 29 16 35 3 23 15 30 42 47 19 41 13 6 5 31 36 1 28 22 2 14 37 18 9 44 17 12 46 40
16 9 20 42 14 6 2 27 25 23 24 46 18 31 33 32 17 45 11 35 39 3 28 30 38 5 37 43 1 10 26 34 41 22 15 40 21 19 36 13 48 4 47 7 29 44 8 12
28 20 36 40 2 1 46 23 35 44 12 3 19 47 16 41 25 13 4 18 5 30 22 21 8 17 24 48 42 45 14 11 10 26 6 27 32 31 43 29 34 33 39 38 9 15 7 37
39 29 11 15 21 38 48 47 7 24 4 5 34 27 40 9 42 1 22 41 2 36 20 6 30 45 28 26 33 12 43 32 44 37 13 3 14 25 19 31 16 46 10 8 35 23 17 18
19 5 6 11 38 42 39 24 44 31 2 15 45 48 23 40 27 43 13 30 18 12 21 35 47 16 3 37 46 17 32 10 26 9 8 20 41 28 34 33 36 29 14 1 25 4 22 7
4 41 30 31 10 13 11 17 18 27 38 36 3 29 44 2 9 46 45 40 21 14 5 15 7 37 43 22 24 28 12 8 23 32 20 25 35 47 1 19 33 34 6 16 48 26 39 42
36 4 46 26 13 21 22 18 47 45 3 1 15 38 27 6 28 42 48 44 19 39 41 2 35 31 40 33 32 34 17 5 11 16 29 8 37 9 25 7 30 24 43 20 12 10 14 23
47 24 2 30 9 11 10 44 6 19 37 42 28 33 5 12 40 21 39 45 29 8 48 1 17 14 18 46 20 3 35 36 7 38 4 26 15 23 27 32 13 25 34 43 31 22 16 41
46 21 13 34 31 17 33 26 24 39 10 12 20 18 42 25 6 37 40 11 27 28 19 29 3 32 14 35 30 36 23 45 1 8 47 22 43 38 7 9 15 16 44 41 2 48 4 5
12 28 19 10 9 14 8 44 32 41 37 16 23 34 42 1 27 36 31 11 26 38 48 18 22 33 13 46 40 24 21 45 25 20 29 39 15 3 7 30 35 17 2 6 43 47 4 5
24 34 2 32 30 22 33 40 7 38 3 16 15 14 5 31 9 46 44 20 36 27 19 1 17 13 18 6 39 37 12 10 28 8 4 42 11 35 45 26 23 25 29 43 48 47 21 41
46 39 4 33 13 11 34 3 9 7 30 17 28 19 43 25 6 37 47 44 45 38 40 15 2 21 14 32 20 10 41 8 27 29 31 5 35 48 1 26 23 16 36 18 12 22 24 42
20 1 19 29 23 16 17 32 31 48 6 18 47 37 21 9 40 4 30 33 41 8 27 12 22 28 46 35 39 26 5 3 25 7 13 24 43 38 15 34 14 10 44 11 2 45 42 36
48 19 25 32 17 27 46 18 36 41 4 16 3 33 44 2 28 13 31 40 43 1 38 29 7 14 20 12 30 26 39 5 11 9 21 22 37 47 42 6 15 34 10 23 24 8 45 35
36 6 9 15 31 41 10 25 17 38 2 1 46 4 45 23 13 8 28 14 42 47 37 21 35 32 30 5 34 3 18 11 43 16 20 39 48 24 27 26 40 29 12 33 44 22 19 7
40 14 17 1 30 18 9 27 6 28 24 15 37 19 46 10 42 16 41 39 11 34 5 35 45 2 31 3 7 4 13 44 32 38 47 20 21 23 25 36 12 33 29 22 43 48 8 26
3 8 40 7 6 21 15 20 47 39 38 12 22 24 5 45 32 1 43 19 29 16 41 2 11 37 48 34 18 13 26 36 17 23 4 42 14 33 28 25 30 46 27 10 35 44 9 31
6 48 35 30 22 13 11 31 8 14 12 34 44 18 3 29 45 24 17 46 15 7 42 1 47 27 40 33 21 36 23 32 38 20 26 5 2 9 19 10 28 16 39 37 25 4 43 41
1 2 47 21 8 36 32 39 44 19 37 42 13 7 27 40 25 48 41 30 17 38 6 24 15 31 3 29 5 16 28 35 45 26 22 11 33 34 9 20 23 14 43 46 4 10 12 18
5 23 4 39 28 11 19 40 41 9 3 2 16 29 18 8 10 12 42 43 14 6 1 37 38 21 32 22 44 30 35 34 7 45 48 26 27 25 47 13 33 24 36 15 20 31 46 17
47 10 22 3 11 41 2 45 14 27 13 24 43 30 23 26 21 7 9 35 36 28 20 48 8 4 34 16 17 46 31 5 44 32 37 29 42 39 6 33 1 25 40 19 15 38 18 12
38 39 46 10 24 16 30 14 48 25 32 36 42 21 33 19 17 5 18 2 7 31 43 47 20 29 11 15 37 12 3 6 35 34 27 8 41 28 22 1 13 4 44 45 9 26 40 23
22 16 44 32 10 36 24 1 30 4 18 13 26 2 11 38 23 42 35 25 40 41 21 6 48 33 29 9 27 28 46 8 19 12 15 3 20 5 45 7 31 43 14 17 47 39 34 37
27 37 20 33 16 17 28 32 12 42 48 35 23 19 40 6 31 4 44 34 13 24 45 41 22 43 10 21 3 5 7 9 1 14 8 25 46 18 26 30 36 11 47 29 39 2 15 38
42 28 48 40 44 22 41 33 34 5 47 19 35 12 37 3 18 36 15 7 20 21 4 32 17 16 43 31 25 26 27 30 2 1 39 9 45 13 24 8 11 23 38 14 29 46 6 10
30 26 23 28 15 5 29 46 18 21 45 48 12 1 8 32 4 38 47 44 41 11 16 22 34 2 19 25 35 37 33 42 3 10 9 40 7 20 43 36 14 31 6 27 13 24 17 39
34 11 21 14 42 3 33 17 35 22 8 47 48 38 12 41 43 45 23 28 26 27 18 2 1 46 9 7 29 32 20 36 30 4 24 15 39 19 31 5 44 10 25 13 6 37 16 40
12 43 2 34 7 19 35 38 25 16 23 27 6 13 4 24 14 30 28 41 46 47 8 42 31 22 1 37 32 36 40 18 48 5 10 45 44 21 29 39 17 20 9 3 11 15 33 26
46 3 28 29 19 9 23 35 26 2 27 14 25 41 16 31 44 43 48 8 6 12 13 45 10 5 37 1 4 24 17 15 42 22 38 20 34 7 33 40 39 21 36 47 18 30 11 32
17 9 33 7 40 42 13 47 45 11 22 5 14 37 39 15 29 25 3 12 35 43 46 8 41 34 28 36 26 20 32 10 23 38 18 48 1 4 30 24 6 27 2 44 19 16 31 21
19 31 45 9 43 44 1 8 20 3 30 21 38 33 14 27 2 32 5 16 24 7 15 18 6 12 23 41 36 22 29 39 10 48 46 4 11 26 37 47 40 13 42 25 17 35 28 34
29 17 30 45 27 43 36 4 19 1 15 23 8 11 31 7 3 18 40 6 10 20 39 33 28 42 35 46 41 47 44 14 32 37 2 22 25 38 12 34 24 48 21 16 26 9 13 5
15 18 10 42 35 32 25 48 13 45 31 44 9 28 2 11 5 14 29 24 47 19 7 30 12 39 38 43 46 17 8 27 40 21 41 1 26 6 36 22 3 33 34 4 16 23 37 20
41 15 1 24 25 38 45 26 10 7 5 37 4 17 42 39 46 35 43 13 2 22 19 16 40 28 44 11 33 14 47 21 6 8 29 27 31 12 34 18 20 9 3 32 23 36 48 30
21 36 43 25 3 34 37 15 27 33 38 29 24 5 17 47 16 31 7 20 44 8 48 26 30 13 39 42 2 19 9 45 22 28 11 10 6 23 14 41 4 18 35 40 32 12 1 46
37 44 27 19 33 35 26 23 24 46 16 32 31 22 30 20 34 21 8 29 9 4 11 14 36 25 15 10 7 45 41 48 47 6 43 39 12 17 2 42 38 28 18 1 40 13 5 3
4 30 18 48 45 14 5 43 28 47 2 3 39 27 22 17 32 34 46 10 8 1 23 12 26 24 21 44 19 41 15 40 25 31 35 7 36 16 13 29 37 42 20 9 33 6 38 11
11 27 24 6 5 23 22 19 21 32 25 8 46 4 20 1 30 39 14 26 28 45 10 13 7 9 42 33 48 2 38 41 36 18 47 37 17 15 35 44 12 40 31 34 43 3 29 16
44 21 37 1 12 7 27 28 16 10 41 20 29 48 6 30 40 17 39 45 31 23 9 36 43 18 8 5 22 42 34 2 38 13 4 19 24 32 11 26 46 15 33 35 3 14 47 25
2 5 39 20 38 29 43 10 11 41 1 6 30 7 34 25 35 33 26 21 12 48 14 46 4 17 18 27 40 15 45 28 31 36 16 32 3 44 42 9 19 37 13 24 22 47 23 8
7 12 38 8 37 46 44 34 15 18 35 9 10 42 24 48 22 28 6 4 39 5 3 29 23 45 20 32 13 25 19 17 11 27 36 31 30 14 1 43 33 41 16 21 2 40 26 47
14 32 16 47 26 40 6 36 39 37 34 17 18 8 13 23 1 22 31 11 45 3 25 15 24 19 2 35 9 27 48 29 7 30 33 44 5 41 46 28 21 38 10 12 42 43 20 4
9 34 4 46 18 45 20 41 3 8 21 30 19 25 35 2 48 37 24 42 27 10 38 5 13 32 36 26 11 6 43 12 14 23 44 33 28 40 17 16 47 22 29 31 7 1 39 15
16 20 36 27 2 25 38 13 5 15 26 46 34 44 43 42 9 23 17 48 1 37 40 31 3 14 4 12 47 39 22 11 18 35 28 41 10 29 21 19 8 6 32 30 45 33 7 24
25 45 14 16 21 27 31 44 1 6 19 39 37 10 32 29 33 3 41 38 11 36 30 34 18 48 46 4 28 7 2 24 43 15 13 26 47 42 40 17 23 35 5 8 12 20 22 9
23 4 17 12 46 36 8 2 29 20 40 45 41 39 28 21 7 47 1 9 33 15 22 19 5 6 26 24 34 18 16 25 37 3 42 13 43 11 10 31 35 14 30 38 48 32 27 44
13 29 15 22 47 30 21 9 40 35 42 28 2 26 41 10 12 20 33 32 43 38 37 27 19 1 25 39 24 11 4 44 8 16 5 17 23 31 7 3 18 46 45 48 36 34 14 6
18 47 31 11 48 2 3 5 37 12 20 4 45 34 19 16 24 26 27 15 29 9 28 17 42 35 22 13 39 8 14 46 33 40 6 23 32 10 41 21 1 44 43 7 38 25 30 36
35 7 41 44 39 13 40 11 36 38 10 31 5 15 46 34 37 6 9 47 3 17 29 25 21 8 33 30 1 4 24 26 16 42 20 28 22 27 23 32 48 19 12 43 14 18 2 45
36 22 19 26 20 33 47 12 46 34 14 1 32 43 9 8 15 29 13 18 48 39 24 35 2 30 31 28 23 44 10 16 17 11 40 6 37 45 5 27 25 4 38 42 21 41 3 7
20 38 11 31 36 18 14 29 33 28 39 16 21 1 26 35 47 46 30 22 42 2 32 43 44 23 27 34 45 40 6 13 12 25 17 24 9 37 8 15 10 3 41 5 4 7 19 48
32 14 40 4 9 28 39 21 22 23 17 7 1 6 29 5 27 11 42 3 30 34 26 44 46 47 12 20 10 31 37 19 13 24 45 16 2 35 18 48 15 43 36 41 25 38 8 33
45 2 29 39 13 47 34 24 31 30 4 22 11 32 1 28 19 10 20 33 36 18 5 9 37 38 40 6 14 48 42 3 26 7 12 8 16 46 44 35 41 25 27 23 15 17 21 43
8 24 5 18 1 20 48 6 32 31 7 10 47 37 33 4 41 15 45 43 19 13 36 23 35 44 17 40 30 21 11 22 9 26 14 34 38 3 27 46 16 12 28 39 29 42 25 2
39 40 47 35 29 24 4 3 45 43 11 12 7 38 10 26 42 41 18 14 34 32 17 20 27 15 13 48 6 33 25 1 21 46 31 30 19 8 28 23 22 16 9 2 44 5 36 37
26 35 8 30 17 15 12 22 42 29 33 43 27 3 44 38 13 40 48 37 16 41 34 28 25 11 7 47 31 10 36 4 20 19 23 46 18 2 32 14 5 1 39 9 24 21 45 6
31 46 42 15 18 37 17 30 47 13 43 2 45 41 48 14 28 27 21 40 5 25 16 4 32 3 6 8 9 12 1 23 24 20 34 36 33 22 39 7 26 29 11 19 10 44 35 38
28 33 34 3 21 31 45 16 2 36 12 15 44 24 27 18 20 9 32 39 22 35 1 40 11 7 47 17 37 23 5 14 46 29 19 43 4 30 25 38 13 26 6 48 8 10 41 42
10 1 45 48 46 12 29 27 39 17 21 36 9 2 14 22 44 7 35 23 6 16 31 11 38 40 34 19 15 3 30 32 5 43 26 25 41 33 20 37 28 47 24 18 13 4 42 8
33 25 35 2 23 1 22 48 46 4 37 11 28 16 31 40 17 8 19 6 7 26 47 3 39 10 14 18 12 29 21 20 34 41 38 9 13 43 15 36 42 24 44 30 5 27 32 45
43 9 12 33 4 26 2 17 7 40 11 13 22 20 23 44 15 19 25 27 32 42 41 45 16 37 24 3 29 34 48 31 28 1 8 5 6 46 38 18 21 30 14 36 47 39 10 35
40 20 3 9 44 10 42 38 22 21 13 14 11 35 5 31 45 1 12 25 24 39 4 37 29 26 41 16 36 46 23 8 27 47 30 18 17 48 19 6 32 7 2 33 34 28 43 15
24 8 25 13 14 39 46 30 6 26 45 48 38 33 17 9 28 20 11 19 15 40 21 7 3 41 32 23 18 22 10 36 4 12 37 29 31 47 16 1 43 5 42 44 35 2 34 27
47 35 26 21 31 41 44 3 23 19 27 9 32 18 25 13 42 16 22 7 37 33 20 39 11 4 30 15 5 24 45 43 46 38 1 40 29 10 14 2 34 6 17 8 28 48 12 36
9 23 32 36 38 4 18 7 14 44 33 8 40 21 16 45 27 13 10 2 41 35 43 15 19 20 29 31 17 37 24 47 5 22 3 42 34 39 48 11 30 1 25 28 6 26 46 12
28 31 48 43 16 21 6 15 37 33 23 3 18 12 47 46 25 44 2 5 10 34 42 1 24 9 38 14 22 13 17 30 29 32 39 35 7 11 36 41 27 45 40 26 20 8 4 19
32 27 22 10 26 16 19 33 40 45 9 5 1 13 37 41 24 14 6 34 38 28 48 20 18 31 46 25 43 36 11 42 15 44 7 21 30 3 47 12 2 8 4 17 39 29 35 23
38 16 28 32 45 24 43 42 41 27 22 6 13 30 8 3 14 21 40 15 17 26 12 47 46 44 18 29 10 35 9 37 1 48 23 2 19 33 4 25 36 31 11 7 5 20 39 34
26 22 23 5 3 31 41 1 28 20 48 37 14 45 39 17 4 40 35 44 25 29 2 38 8 34 27 19 30 6 12 15 24 33 9 11 36 7 46 13 10 32 47 21 18 43 42 16
39 47 13 8 19 15 36 35 11 3 34 23 5 17 12 40 38 41 4 31 21 42 24 33 7 18 44 22 27 30 16 10 20 37 48 45 25 2 43 32 28 46 26 14 1 9 6 29
35 32 5 45 40 1 23 41 38 6 20 34 28 29 10 26 47 18 7 17 44 15 31 46 43 30 13 9 25 14 42 3 2 4 19 48 27 36 33 22 8 39 21 11 37 16 12 24
16 19 33 29 7 4 1 8 12 30 38 20 35 46 42 27 13 3 44 32 14 2 45 36 6 15 21 23 39 48 43 22 28 9 26 41 40 25 17 24 18 34 37 47 10 5 31 11
25 21 43 6 41 20 42 10 36 23 7 39 30 14 2 13 19 17 12 46 9 32 15 35 45 29 37 16 8 33 38 28 26 34 31 24 44 40 11 3 5 48 1 22 27 4 18 47
1 33 21 14 20 26 3 11 16 31 10 46 37 9 22 19 36 27 47 12 13 18 23 28 42 5 43 15 35 41 2 39 44 30 34 6 8 45 32 4 7 38 24 29 17 40 48 25
18 43 35 46 37 12 25 23 15 2 42 33 26 8 3 7 29 39 16 45 47 31 1 40 32 27 28 14 24 17 6 5 19 10 20 4 22 30 21 44 48 11 34 38 13 41 36 9
23 24 9 28 30 17 20 36 33 40 18 32 2 5 19 6 12 31 43 41 8 25 4 14 27 47 48 45 11 10 7 46 13 21 16 22 1 42 34 15 38 29 44 37 35 26 3 39
29 36 46 41 43 11 32 20 8 18 24 44 10 13 4 12 37 6 39 16 45 21 30 48 2 35 23 47 33 26 19 1 34 5 14 3 38 27 28 40 15 17 42 31 9 22 25 7
20 1 42 17 25 30 47 27 4 8 19 22 43 10 44 18 6 34 31 38 28 16 13 11 35 12 2 36 48 39 5 45 29 46 21 15 32 41 37 33 14 26 23 40 7 24 9 3
7 30 47 42 2 45 11 43 3 39 46 21 19 32 6 10 8 37 41 48 5 13 18 29 23 28 36 38 44 16 1 34 22 14 40 26 12 35 20 27 9 25 4 24 15 31 17 33
44 28 12 20 33 9 13 22 17 11 39 2 41 7 46 5 26 32 14 21 3 36 47 23 25 16 40 30 4 45 37 18 48 8 6 10 42 24 31 34 29 19 27 15 43 35 38 1
40 44 34 35 48 47 24 2 25 5 32 30 7 12 14 15 21 38 29 11 16 3 27 31 1 17 19 26 41 18 33 6 4 45 22 20 10 8 23 9 13 36 39 42 28 37 43 46
13 18 19 7 1 41 38 24 48 37 12 29 25 3 5 2 43 11 42 20 26 6 8 44 15 33 22 39 23 28 14 9 27 17 10 47 45 31 40 21 35 16 36 46 32 34 30 4
31 40 15 37 5 22 4 47 1 25 8 12 34 28 20 32 41 10 17 24 35 38 43 18 48 6 9 21 46 29 39 11 42 19 36 33 3 44 2 16 26 27 14 13 45 23 7 30
2 26 18 24 22 5 48 31 27 13 30 17 46 33 37 42 23 36 20 10 34 41 38 8 29 45 11 32 16 47 15 40 21 43 1 7 14 6 12 39 4 9 25 35 19 3 28 44
36 15 11 33 28 23 29 46 21 7 31 35 12 39 1 14 9 4 19 42 37 10 32 30 34 22 25 18 43 13 26 2 40 24 47 5 16 38 44 8 17 41 6 27 3 45 20 48
17 48 40 3 27 39 33 16 42 14 41 38 4 2 25 35 31 43 45 8 19 12 9 6 13 21 7 29 28 15 30 24 5 36 37 46 11 1 26 47 22 23 10 34 44 18 32 20
14 17 26 34 35 13 6 5 30 36 25 10 39 22 33 44 18 23 8 47 11 9 19 27 41 1 3 20 15 32 4 48 45 38 43 31 28 37 24 46 16 21 2 12 29 7 40 42
5 45 8 30 36 14 16 44 10 15 13 26 21 48 40 22 7 46 24 28 20 17 39 9 47 23 35 3 32 11 41 29 33 18 27 43 2 4 6 42 25 12 37 1 34 38 19 31
21 39 44 16 11 33 5 9 20 29 43 25 27 19 31 23 1 15 28 35 7 24 10 34 38 2 26 40 14 36 22 41 8 12 18 13 47 17 45 48 6 3 30 4 46 42 37 32
8 29 39 13 10 37 27 4 18 12 6 42 33 11 45 48 3 7 2 26 38 46 16 5 28 43 1 35 34 19 44 17 9 31 24 30 23 14 15 20 32 47 40 36 21 25 41 22
33 37 30 15 47 6 34 14 2 32 3 19 24 35 8 38 39 45 27 29 42 48 28 16 31 4 17 25 40 5 13 23 12 11 9 44 20 21 41 43 1 7 18 26 36 46 22 10
45 46 10 19 24 1 2 21 34 16 26 13 6 41 27 4 48 25 38 22 30 7 36 12 44 11 20 17 31 3 8 14 15 28 39 42 37 43 18 35 47 40 9 32 23 29 33 5
10 12 2 1 39 44 37 45 35 43 16 15 48 24 30 20 40 22 5 3 32 11 34 7 14 8 31 13 47 9 28 19 17 6 38 25 26 29 27 23 46 18 41 33 42 36 4 21
43 34 38 29 12 7 8 6 9 26 15 24 31 25 18 28 33 19 46 2 48 37 11 4 17 40 32 44 20 21 36 16 23 1 30 27 35 13 3 5 42 22 45 10 39 14 47 41
4 3 29 40 48 38 39 34 32 41 28 45 8 9 16 11 42 1 13 18 14 27 37 22 30 26 5 24 2 20 25 31 7 47 15 36 33 23 10 12 43 35 21 19 6 44 46 17
30 7 20 38 42 17 21 28 44 46 40 36 47 29 11 31 32 26 33 14 15 45 6 24 5 25 8 41 1 23 34 43 18 9 12 39 13 22 35 4 19 37 3 16 48 10 27 2
41 5 9 22 13 20 28 19 26 17 1 14 3 38 47 8 30 12 18 46 31 43 48 37 39 42 33 6 36 44 35 4 10 32 45 23 21 15 25 7 2 24 16 29 11 27 34 40
15 25 18 43 32 10 31 26 14 35 47 27 16 30 22 45 11 33 3 17 36 44 42 21 4 9 39 1 48 8 40 12 46 29 19 34 24 28 7 13 41 5 38 2 20 6 23 37
19 18 48 45 20 21 30 38 31 34 9 43 36 14 17 24 4 42 22 23 12 33 46 41 10 13 47 28 7 27 29 32 6 3 11 2 39 5 1 37 8 44 26 25 40 15 16 35
27 2 45 11 26 16 19 29 7 4 35 1 14 40 23 46 18 13 32 30 22 39 25 17 36 20 41 9 6 31 43 21 37 15 3 12 5 34 42 10 44 33 47 38 24 48 8 28
11 48 33 23 15 18 40 12 24 10 14 7 44 17 42 9 20 29 30 45 2 47 41 46 26 36 34 19 21 1 6 38 43 22 28 35 4 16 39 27 31 13 32 37 25 8 5 3
37 11 13 2 43 4 46 39 5 22 20 47 27 44 29 16 10 28 25 19 6 18 17 26 40 24 14 31 3 34 9 42 35 48 7 32 15 41 38 36 23 45 1 8 33 30 21 12
24 10 25 36 4 31 20 16 19 1 37 17 23 46 15 34 41 14 11 7 9 29 3 42 48 39 45 43 38 2 12 13 32 44 33 21 27 47 5 22 40 6 8 18 30 28 35 26
38 4 27 18 8 25 12 31 48 47 17 24 29 6 43 21 13 35 1 40 44 14 5 19 3 10 42 34 45 7 23 20 16 39 46 37 41 32 22 15 33 30 11 28 2 9 26 36
9 43 3 25 29 2 22 32 13 42 31 35 40 34 21 39 19 5 23 41 24 8 20 36 12 48 16 27 26 46 11 33 1 7 44 38 18 45 14 28 37 15 17 30 4 47 10 6
33 21 28 14 37 34 26 7 17 19 4 11 42 45 3 36 6 46 15 5 13 35 40 39 16 31 38 18 8 25 32 44 20 27 41 48 43 12 29 9 30 10 24 22 47 1 2 23
42 19 43 27 25 40 18 33 20 28 11 6 37 8 39 47 35 30 10 48 46 21 22 1 34 7 15 2 41 12 38 26 3 23 5 45 14 36 13 44 24 4 31 17 16 32 29 9
20 38 32 6 22 26 35 23 44 45 18 46 24 47 41 34 43 9 30 15 25 16 7 14 21 37 10 8 5 40 42 36 48 33 13 11 29 31 19 3 27 1 28 39 12 2 17 4
5 33 1 17 41 36 3 24 46 38 2 28 13 15 35 25 14 23 11 20 8 40 27 18 45 32 4 12 29 6 22 47 10 26 48 16 7 19 30 31 34 42 43 21 37 39 9 44
31 14 22 47 38 28 7 46 18 9 5 34 32 16 2 1 29 4 20 13 10 6 12 43 37 19 24 45 35 44 26 30 23 41 42 40 36 25 39 33 3 8 15 11 17 21 48 27
18 26 41 46 30 12 43 27 37 34 23 10 9 1 32 47 36 22 21 25 40 31 45 13 42 38 29 5 11 14 15 24 44 4 2 6 8 39 16 19 20 17 35 7 33 28 3 48
10 23 16 9 40 45 11 36 3 42 38 22 33 27 24 30 5 26 17 32 21 28 2 25 35 41 12 14 37 43 47 8 39 34 20 29 48 6 4 1 44 46 7 31 13 18 15 19
47 31 17 41 46 35 28 13 29 18 7 16 1 21 10 20 23 36 26 37 39 42 11 2 43 14 30 44 12 33 4 9 38 25 8 19 24 3 5 45 22 48 34 40 27 32 6 15
21 30 37 32 19 9 44 20 6 8 13 38 31 5 36 11 16 27 4 24 17 15 23 26 47 3 46 10 25 35 2 39 22 42 34 41 45 40 7 29 48 28 12 14 1 43 18 33
23 17 35 12 9 19 48 43 21 47 15 8 6 42 28 24 38 10 13 11 41 32 18 33 26 40 34 36 39 37 5 3 2 20 4 1 31 46 29 14 16 22 44 27 30 45 7 25
43 44 21 8 7 46 5 1 26 6 28 31 2 20 48 16 37 15 33 34 27 25 13 3 40 24 12 39 22 17 41 45 32 18 10 4 19 42 35 11 9 38 23 47 14 30 36 29
30 1 42 10 5 28 40 8 38 7 41 45 47 18 12 39 21 11 32 9 4 23 6 35 15 36 29 24 19 48 44 22 13 37 31 17 16 33 25 34 46 3 27 43 26 2 20 14
4 39 36 20 11 23 15 47 27 10 42 32 44 37 5 14 8 28 46 16 31 2 43 48 19 26 9 33 24 34 45 41 7 40 21 3 22 18 6 30 17 35 29 13 25 12 1 38
13 37 6 24 45 40 16 41 5 31 26 7 34 36 20 21 25 43 19 27 35 3 29 38 32 22 48 28 4 2 12 11 33 46 23 9 30 44 10 17 14 39 42 15 18 1 47 8
17 8 31 48 24 11 23 22 33 26 3 25 41 44 29 19 34 7 18 12 1 10 15 47 13 27 35 6 46 42 14 37 36 21 2 32 5 30 38 16 4 9 28 45 40 20 43 39
1 32 23 26 2 27 37 30 10 14 43 36 18 40 6 31 28 33 25 21 45 13 4 42 8 39 22 19 16 20 17 35 29 11 5 15 3 7 47 41 38 44 48 24 9 34 12 46
25 36 46 39 3 2 17 6 15 19 30 21 4 43 14 28 31 1 41 38 37 34 9 20 5 11 13 7 44 23 33 48 8 24 22 29 10 27 45 26 12 16 32 42 35 47 40 18
12 40 11 21 47 30 42 10 4 28 2 19 43 16 32 18 9 8 6 35 48 26 14 22 31 17 25 1 23 41 37 15 27 45 7 5 44 13 46 38 39 29 36 3 24 33 34 20
36 45 15 16 14 41 4 25 35 33 48 9 39 30 3 22 44 17 23 7 26 24 21 10 38 29 6 20 27 12 32 18 11 5 28 34 37 2 1 40 43 42 47 46 8 19 13 31
29 20 24 33 35 16 14 9 36 44 1 13 38 48 19 23 15 3 5 31 2 41 10 40 27 45 39 43 12 21 7 46 4 30 18 22 11 37 8 25 47 34 26 28 6 17 42 32
14 22 19 40 23 12 31 34 32 13 45 26 21 1 42 29 27 48 8 4 43 9 38 24 18 33 37 15 10 25 39 7 5 6 36 16 17 47 44 28 30 41 20 35 2 3 46 11
28 46 32 35 31 18 1 2 19 17 8 15 48 24 4 9 12 29 45 44 20 36 3 41 7 10 43 13 33 40 27 5 37 14 26 38 25 22 42 39 6 21 16 34 11 23 30 47
45 34 28 11 27 29 38 15 9 43 10 20 26 33 48 17 7 18 14 19 3 44 32 37 39 13 42 40 30 46 1 2 31 41 16 21 47 35 24 6 36 23 4 5 12 8 25 22
44 27 34 23 33 15 25 48 8 46 12 14 42 22 31 6 2 20 3 5 36 11 17 28 30 7 38 21 43 13 10 40 45 29 35 18 1 24 19 32 41 26 39 4 47 9 37 16
35 16 5 43 10 4 36 18 47 30 25 39 12 29 37 13 3 34 1 42 28 17 31 44 41 32 33 23 26 22 40 27 21 7 45 48 20 38 14 2 11 6 8 9 46 15 19 24
32 15 17 28 16 20 10 11 7 37 19 44 30 34 33 25 29 39 27 22 9 48 8 46 36 23 45 31 5 1 6 26 40 47 14 12 21 4 3 24 35 18 43 41 38 13 2 42
8 24 14 22 9 32 26 5 16 20 39 4 46 15 47 3 41 38 43 33 7 28 1 25 11 21 27 2 37 18 34 30 19 10 6 40 35 17 36 48 42 13 12 23 45 44 31 29
15 9 8 7 28 31 30 45 42 35 6 33 25 14 43 36 5 12 24 47 16 46 19 21 44 4 26 41 17 11 13 34 18 32 27 37 39 48 20 1 23 10 38 2 3 22 29 40
40 29 13 36 18 22 27 42 34 21 33 30 35 19 28 7 26 16 15 10 41 37 12 4 46 44 11 3 38 39 9 17 25 1 47 24 32 23 48 8 2 31 45 43 20 6 14 5
2 12 1 42 21 26 24 44 23 27 16 43 3 39 40 35 30 5 9 32 46 47 37 15 10 34 36 48 13 45 28 4 14 33 20 31 38 8 18 19 25 7 6 29 22 41 11 17
7 20 40 17 12 43 13 3 39 5 47 27 29 35 1 44 22 24 42 25 21 32 41 11 2 6 31 38 8 9 16 23 34 15 33 19 26 28 37 45 18 36 14 10 48 46 4 30
16 28 41 9 36 44 39 26 22 1 27 29 32 8 23 46 47 13 31 20 34 3 5 17 12 38 14 35 18 37 43 6 24 25 42 2 33 15 30 21 40 19 11 45 4 10 48 7
6 47 44 2 30 33 32 35 14 23 46 28 7 38 34 41 9 45 39 17 11 40 25 1 4 5 3 37 20 43 21 16 42 26 8 13 48 10 27 29 19 24 31 18 15 36 22 12
22 35 37 44 1 5 21 4 40 11 24 3 23 25 2 10 8 31 28 6 15 38 34 19 14 48 18 26 42 7 36 43 46 17 41 45 9 12 33 47 13 30 29 16 39 27 32 20
19 45 25 14 40 7 6 32 24 36 22 47 13 46 15 8 1 37 38 30 12 39 26 3 23 2 4 17 29 10 18 31 43 34 48 35 42 11 21 9 28 5 20 27 44 16 33 41
39 7 47 12 38 34 33 28 29 22 37 18 16 11 25 1 45 40 44 9 14 2 48 31 6 46 19 32 21 36 42 13 35 20 30 8 4 43 41 23 15 27 17 3 10 24 5 26
41 32 33 38 29 24 47 12 43 39 4 42 36 3 35 15 40 14 22 13 6 18 16 2 28 31 20 9 19 5 30 8 1 48 11 44 23 21 26 46 10 37 25 17 34 7 27 45
26 27 3 47 39 25 12 43 2 15 35 48 1 31 44 40 38 6 10 46 13 33 28 14 20 42 30 22 41 16 29 32 17 4 24 23 8 34 45 36 5 11 21 37 7 18 9 19
11 5 35 13 14 17 41 36 31 4 40 2 9 6 10 30 37 21 24 18 8 22 46 48 29 25 16 12 44 20 47 33 3 23 19 39 34 27 15 7 32 45 1 26 42 28 43 38
14 36 43 29 45 10 34 20 30 2 32 1 22 47 18 27 11 44 48 23 40 7 42 9 17 37 41 16 35 6 15 12 26 8 46 33 13 5 4 3 31 25 24 21 19 39 38 28
5 11 36 46 4 21 24 8 32 25 14 12 10 27 39 48 6 20 16 37 33 13 45 7 18 30 15 34 47 3 19 42 9 38 17 28 2 29 23 44 26 40 41 22 43 31 35 1
12 2 22 45 41 6 8 21 11 3 34 37 19 9 36 42 33 32 17 40 27 29 39 38 43 18 5 30 1 47 23 28 20 44 15 46 31 13 24 14 7 48 35 25 16 4 26 10
36 46 12 34 15 38 45 33 9 16 5 28 40 41 27 4 10 42 7 8 19 25 30 13 22 14 47 11 24 26 35 44 6 31 29 20 43 3 2 17 1 32 18 39 37 21 23 48
29 34 11 41 46 13 6 7 3 32 9 20 28 21 30 45 48 25 2 27 39 26 33 43 35 19 10 18 22 14 38 1 16 36 44 47 12 24 40 5 37 4 15 31 23 42 17 8
43 42 21 3 26 19 46 22 1 45 4 9 11 13 12 38 35 36 30 2 32 31 40 20 16 8 24 25 23 17 27 47 39 28 37 7 6 18 29 41 33 15 44 14 5 48 10 34
3 22 16 1 43 45 29 19 4 40 17 23 31 10 11 34 39 30 12 48 47 24 2 35 46 41 7 5 36 8 25 38 28 27 9 42 14 32 13 6 44 33 26 15 18 37 20 21
13 25 23 8 32 3 39 30 34 29 38 42 33 17 41 2 31 28 6 11 5 43 7 22 27 15 46 20 4 44 45 9 18 16 40 36 19 35 12 26 48 47 10 1 24 14 21 37
10 40 6 5 11 9 48 46 35 41 33 17 8 37 24 36 44 19 45 21 42 23 29 16 32 20 2 47 27 12 22 18 38 43 13 25 15 39 34 31 3 1 7 30 4 26 28 14
15 37 24 20 23 47 2 5 25 4 22 6 26 28 16 14 36 40 19 45 10 42 43 34 1 9 32 35 3 31 11 21 29 39 12 27 7 44 17 30 8 46 33 48 13 38 41 18
4 48 15 25 31 36 32 41 12 11 46 47 14 45 21 18 27 24 13 34 17 10 30 6 37 43 23 26 39 19 28 29 42 22 3 1 44 16 5 38 20 8 40 33 9 35 7 2
28 24 5 6 27 44 19 18 41 2 43 32 37 20 8 21 16 4 23 15 38 34 26 45 33 3 47 29 31 30 14 40 48 9 42 10 22 46 35 11 17 12 36 7 1 25 13 39
1 8 18 21 3 37 33 27 36 23 31 29 43 47 11 20 34 6 15 28 45 35 46 39 38 26 5 14 7 2 42 19 12 40 22 9 4 41 44 13 10 17 48 24 30 32 16 25
45 44 31 30 25 35 28 16 37 8 24 33 4 43 17 10 21 47 14 26 5 6 18 23 19 46 7 1 2 41 48 34 15 12 11 29 20 36 39 42 9 40 27 13 32 38 3 22
44 17 28 32 13 7 38 2 21 1 39 26 23 42 46 22 25 31 47 12 35 15 14 18 48 9 8 43 10 27 41 36 24 37 4 6 29 30 16 33 40 11 5 19 20 45 34 3
42 19 26 4 37 30 31 13 23 39 10 8 34 24 20 9 14 35 29 41 1 44 16 5 25 40 12 36 33 22 17 48 27 3 18 11 45 7 38 2 43 28 32 47 21 46 15 6
17 16 46 39 19 24 13 15 27 35 7 21 2 11 41 6 28 18 8 40 20 9 36 33 4 42 44 30 25 48 34 3 31 45 26 43 47 38 22 12 14 5 37 32 10 29 1 23
40 1 10 28 24 33 18 11 42 14 20 13 44 9 23 46 43 17 41 35 25 12 5 27 31 16 4 7 45 34 38 37 30 19 21 2 39 22 32 15 26 48 3 8 36 6 29 47
32 18 2 15 33 27 47 48 17 3 6 10 41 8 45 7 19 46 42 44 30 28 11 24 26 20 9 13 16 35 40 5 34 21 43 23 36 25 1 22 39 29 4 38 14 37 12 31
2 39 41 27 8 5 43 10 18 15 37 45 1 46 16 13 20 29 25 38 4 32 9 28 44 30 21 11 6 23 47 35 14 33 17 22 3 19 31 40 7 24 34 12 26 42 36 48
18 15 44 26 48 20 10 34 46 25 8 4 38 31 14 19 23 43 35 24 6 36 41 2 13 29 16 9 12 39 30 27 1 42 33 3 40 47 7 32 22 37 28 5 17 21 45 11
35 31 34 43 10 28 21 14 29 13 45 46 48 5 26 15 4 16 32 36 17 27 22 11 3 41 1 19 42 18 39 25 7 6 38 44 33 2 20 37 12 9 30 40 8 23 47 24
8 3 33 37 7 39 27 42 19 43 47 14 5 36 12 44 21 13 9 48 31 16 40 17 6 2 10 45 29 25 23 15 32 24 1 18 41 28 46 34 38 30 11 35 22 20 26 4
25 14 8 48 47 31 41 9 43 16 40 19 11 13 28 23 42 21 27 5 44 4 20 12 39 45 17 15 3 33 32 38 2 26 35 7 1 10 30 24 37 36 29 34 6 22 18 46
27 23 32 19 2 29 14 47 16 20 26 15 18 41 21 38 12 34 5 37 24 48 42 44 8 35 43 40 28 11 10 45 36 3 13 25 17 4 6 39 33 22 1 30 7 31 46 9
9 10 39 11 35 17 12 26 47 5 14 22 32 20 34 41 43 37 31 16 40 8 25 13 36 4 15 48 45 21 19 6 46 18 29 24 23 1 33 28 3 38 2 42 27 44 30 7
47 9 45 22 25 14 30 39 20 38 27 44 6 3 15 42 2 48 18 8 19 11 33 29 17 5 36 28 23 40 1 41 4 32 37 34 12 21 43 16 24 10 7 46 35 13 31 26
6 28 16 35 41 38 4 24 26 22 18 36 40 2 32 29 15 8 21 46 33 45 27 31 11 37 14 34 17 9 43 42 10 44 12 39 30 5 48 20 23 19 47 13 25 7 3 1
7 37 30 23 16 1 3 6 2 18 34 39 33 35 44 47 40 5 4 14 25 29 32 26 45 27 41 12 19 46 8 22 13 43 9 20 24 11 36 21 28 31 38 48 42 10 17 15
39 33 19 20 42 22 36 44 24 26 3 12 21 18 10 32 25 1 46 4 45 47 48 37 30 14 34 38 11 17 16 2 5 23 41 8 9 15 13 29 31 27 6 7 28 43 40 35
16 17 20 36 3 32 26 4 8 9 28 43 39 22 30 24 34 45 19 23 48 46 47 1 41 31 29 37 5 10 21 11 40 12 7 35 42 6 18 25 27 13 14 33 38 15 2 44
33 11 47 24 5 2 15 29 10 12 13 7 19 27 17 40 14 22 3 31 26 21 8 20 28 36 30 16 46 41 6 9 43 48 34 32 35 23 42 38 1 18 44 4 39 25 45 37
24 30 11 42 37 18 22 1 40 19 5 38 7 25 33 48 9 39 20 27 34 41 31 10 23 3 2 46 26 13 44 14 35 17 6 21 32 29 8 47 36 12 43 28 15 16 4 45
41 42 40 3 29 26 1 28 22 44 19 30 36 6 2 31 32 27 43 9 47 33 7 45 15 34 11 8 18 5 12 46 38 4 39 13 25 48 10 17 35 23 37 14 16 24 20 21
30 44 36 47 28 21 42 3 39 41 17 18 31 34 24 12 35 38 14 2 43 13 4 16 7 6 33 22 1 32 37 20 25 9 40 5 11 19 29 48 15 45 27 26 46 8 23 10
23 38 42 18 1 4 20 45 15 46 48 17 13 37 22 35 27 10 28 7 32 39 34 40 29 43 24 21 25 47 5 3 16 14 30 33 19 8 12 44 6 26 31 11 2 9 41 36
26 8 14 9 43 10 17 35 5 40 2 24 37 33 29 1 7 44 27 21 38 34 15 48 12 28 32 31 30 42 4 23 11 16 46 41 18 45 25 13 20 6 36 19 47 39 22 3
22 5 13 33 20 6 23 24 48 36 15 3 10 39 35 30 47 26 1 45 11 27 19 4 21 17 38 44 7 43 18 31 29 37 8 42 28 34 40 9 2 46 16 32 12 41 14 25
37 39 17 38 19 34 8 23 14 27 16 48 42 45 40 3 36 30 41 32 10 7 29 46 20 22 13 2 21 1 9 4 26 31 28 43 6 12 47 15 18 44 33 24 11 35 25 5
31 29 6 40 15 46 3 25 37 28 30 5 35 43 36 39 33 23 26 13 16 17 45 38 14 1 19 32 47 22 2 8 21 11 44 9 20 41 27 42 48 24 10 12 34 4 7 18
45 48 1 5 40 43 19 30 13 18 35 20 46 44 39 4 37 14 17 6 28 25 2 34 16 8 27 10 38 3 15 33 9 22 23 47 24 36 26 12 11 7 41 31 29 32 21 42
38 24 43 2 4 40 37 42 44 29 1 25 8 21 47 17 10 3 32 34 39 15 13 41 5 11 18 6 9 26 7 12 20 27 16 28 31 22 36 46 30 33 23 35 45 48 19 14
27 47 12 7 36 25 29 18 38 21 41 35 24 15 31 8 6 11 16 33 46 44 28 42 2 48 26 23 39 19 13 43 17 45 20 4 10 3 14 22 34 1 32 9 5 30 37 40
25 20 35 10 30 23 36 6 18 31 12 37 16 28 27 5 48 9 46 24 15 22 21 47 19 38 40 41 43 7 29 26 45 1 32 17 14 13 39 8 42 4 3 34 44 33 11 2
21 26 37 34 24 9 18 31 2 4 45 33 29 10 25 28 22 7 35 20 27 12 39 6 44 32 46 3 42 16 36 1 8 30 15 38 5 43 23 11 47 17 48 40 19 14 13 41
35 16 18 1 22 15 20 9 7 45 25 27 43 38 46 24 31 19 30 41 36 40 12 14 28 13 48 5 8 37 33 44 6 39 2 29 26 11 17 10 4 47 21 23 3 34 42 32
9 19 3 21 39 13 24 41 25 33 23 45 14 17 1 40 11 42 31 29 4 2 38 35 10 44 7 20 6 34 26 30 12 8 47 36 43 37 22 18 46 32 28 5 48 27 15 16
18 28 23 30 27 41 6 47 31 10 9 36 26 1 11 34 44 25 4 42 37 32 22 39 45 24 20 33 16 12 14 13 19 29 3 40 48 7 35 5 2 21 15 46 43 17 38 8
6 15 21 29 35 37 28 4 41 30 38 32 40 31 45 20 39 36 13 12 42 26 1 27 11 23 8 24 44 18 25 7 22 47 10 46 3 16 2 14 43 9 17 48 33 19 5 34
16 18 25 17 26 11 35 15 48 20 43 1 9 24 41 47 38 12 29 22 44 14 32 7 30 19 31 46 13 45 2 34 37 10 36 27 21 6 3 40 5 8 42 4 23 28 33 39
3 43 22 25 38 2 41 26 10 9 28 31 18 40 8 14 1 4 7 11 20 16 37 15 6 33 42 17 27 23 35 47 44 5 19 30 45 46 32 24 13 48 39 36 21 12 34 29
7 35 26 19 13 18 27 14 42 16 32 11 4 46 5 2 45 41 39 47 24 43 17 23 40 21 6 28 33 36 8 29 15 38 48 31 37 25 20 30 44 3 34 1 9 10 12 22
12 3 31 23 32 35 33 5 16 14 40 29 10 36 43 1 18 20 38 26 30 6 47 9 25 15 44 19 22 46 4 21 39 41 24 11 7 2 37 34 17 28 45 8 13 42 48 27
5 7 24 41 23 45 38 34 21 22 4 9 11 30 20 29 16 26 18 10 35 37 14 43 36 28 3 44 40 33 39 17 2 19 27 1 13 42 31 32 48 25 8 15 47 46 6 12
47 31 10 6 14 20 4 16 11 43 7 22 44 13 26 21 8 32 9 46 17 3 42 18 23 39 12 40 41 30 19 27 48 25 5 45 15 28 34 1 29 35 24 38 37 2 36 33
13 14 46 35 11 29 7 33 12 38 24 19 28 2 6 32 26 47 25 30 8 48 3 5 39 1 21 45 31 27 10 36 40 15 43 44 34 23 18 37 22 41 9 42 20 4 16 17
42 40 30 27 2 12 32 7 33 8 18 39 21 5 4 44 47 10 45 15 31 46 43 19 3 26 23 37 24 9 16 25 36 20 35 48 11 17 38 41 14 34 29 13 1 22 28 6
23 25 44 46 10 39 26 28 24 15 13 4 22 42 16 45 19 14 21 38 1 8 20 3 37 18 17 43 2 40 5 35 7 34 29 6 32 30 48 31 9 36 11 33 12 47 27 41
28 34 47 11 46 1 45 19 8 39 20 21 29 41 48 27 40 7 12 37 13 18 9 24 43 17 25 15 4 31 30 16 3 36 23 26 44 33 6 2 32 22 5 10 42 38 35 14
33 1 16 26 45 19 31 13 40 3 34 6 32 20 12 42 23 8 15 35 5 4 18 21 41 43 22 14 36 25 48 11 10 24 9 27 39 38 44 47 28 37 30 17 46 7 29 2
39 2 28 44 18 23 1 12 36 25 3 13 37 14 30 15 20 34 42 17 6 31 16 22 8 10 41 29 43 47 21 48 11 5 19 24 33 27 4 38 26 46 35 7 32 45 9 40
8 37 20 16 3 17 15 29 19 13 2 5 6 33 14 4 42 23 48 36 12 11 1 7 31 38 43 9 47 10 32 24 27 28 45 22 35 44 46 21 25 39 26 30 40 41 18 34
26 22 1 48 21 31 30 32 5 34 12 37 13 9 28 41 3 43 44 45 17 42 4 33 38 23 47 16 46 35 27 6 29 19 15 18 8 39 10 7 20 40 25 11 2 36 14 24
11 7 15 37 8 32 43 39 3 23 26 30 34 18 47 38 41 22 5 14 40 35 29 27 13 16 4 25 12 48 44 45 46 6 1 20 42 10 33 36 24 31 17 21 28 9 2 19
32 9 8 17 12 24 25 44 26 7 39 38 33 43 23 35 28 19 10 48 11 47 40 4 22 46 16 36 27 14 45 2 13 42 3 21 30 29 41 6 1 18 20 37 34 31 5 15
17 10 41 20 48 36 21 22 14 32 47 46 39 35 19 23 13 16 26 44 42 38 27 15 33 37 3 2 31 6 43 9 24 1 7 34 29 40 30 28 8 11 4 25 45 18 12 5
30 31 32 42 16 7 23 27 20 29 48 43 46 3 21 25 9 24 2 28 15 45 36 38 4 44 1 35 10 39 18 22 14 11 13 19 17 12 8 33 34 5 40 47 26 6 41 37
2 23 34 22 31 38 14 36 43 46 35 42 48 39 10 19 15 6 7 13 25 24 5 40 26 8 11 12 3 44 29 18 28 41 27 17 9 4 45 20 37 33 21 32 30 16 1 47
4 11 37 13 47 28 42 46 27 12 22 14 16 17 32 48 5 21 23 25 7 9 33 19 39 35 15 34 36 8 6 26 31 20 40 38 2 45 24 41 18 30 1 29 10 3 43 44
44 25 21 15 40 4 22 10 35 6 14 18 24 19 37 46 34 45 33 23 20 36 13 26 31 32 29 8 9 11 12 41 30 43 17 3 38 7 16 1 5 27 2 28 39 48 47 42
19 18 25 32 4 3 2 48 30 26 8 24 7 20 27 11 33 13 28 5 31 29 12 9 36 34 10 21 40 41 22 23 35 15 37 45 14 1 43 39 42 17 47 16 38 44 6 46
1 19 13 12 37 26 16 11 29 21 15 2 3 6 34 31 8 5 20 40 4 42 41 44 17 22 14 32 18 27 9 10 45 36 33 47 28 48 7 25 38 23 24 30 35 43 46 39
24 30 14 33 20 15 46 34 17 40 27 8 9 11 2 13 42 48 25 12 35 28 19 31 7 6 45 3 41 21 1 38 43 37 18 10 4 5 26 32 47 29 23 22 44 39 36 16
10 14 5 8 28 27 25 24 19 11 6 44 12 22 15 17 2 9 13 7 33 3 34 18 29 48 30 1 38 26 41 46 37 45 47 32 20 43 21 16 23 4 42 39 36 35 40 31
40 3 11 24 29 46 34 23 22 5 37 19 30 21 35 12 14 39 45 16 27 41 2 43 32 31 36 48 13 20 7 42 18 28 44 4 1 47 17 8 33 10 9 15 6 25 26 38
45 22 33 40 1 44 11 19 15 6 5 9 43 27 28 30 20 18 3 2 41 23 21 10 48 24 26 17 7 13 47 39 38 34 46 16 36 37 42 12 4 25 8 14 29 32 31 35
22 26 24 36 7 14 17 6 23 41 33 15 38 37 20 5 19 12 9 8 44 11 48 47 1 45 2 30 42 43 34 27 32 3 10 46 40 35 13 31 39 21 18 28 16 29 4 25
41 43 27 39 5 22 12 1 46 37 31 3 8 45 29 20 32 15 48 18 14 35 17 28 47 42 38 23 44 2 13 19 6 25 36 33 16 34 40 9 21 26 7 11 4 24 10 30
20 26 45 43 33 4 10 25 37 35 46 48 41 44 1 18 28 31 47 9 2 21 38 36 15 19 40 11 24 7 42 17 16 29 30 39 23 32 5 3 27 13 6 34 22 14 8 12
15 5 42 34 25 41 30 39 47 28 45 33 35 48 40 6 43 38 44 36 8 10 26 1 4 27 19 22 20 37 11 32 12 18 31 7 16 21 46 29 17 24 3 2 14 23 13 9
6 48 40 4 41 43 39 11 35 22 38 1 16 25 44 8 29 37 18 24 46 14 10 2 34 13 20 7 28 30 23 5 36 47 32 31 12 15 33 42 27 9 45 21 19 26 3 17
31 40 12 28 27 9 43 22 14 13 19 18 47 15 29 25 23 44 1 21 24 10 8 6 2 36 16 41 5 33 26 37 34 39 38 30 35 17 42 46 3 7 4 48 11 20 45 32
11 15 43 29 31 40 7 21 33 44 23 26 14 34 16 18 1 3 22 2 47 4 45 20 27 39 8 38 12 5 37 19 24 32 6 35 28 13 41 30 36 25 48 17 9 46 42 10
16 31 39 47 14 37 22 42 8 9 30 12 18 10 44 21 20 1 29 32 26 23 25 36 38 11 5 2 33 19 28 34 27 24 43 13 17 46 6 40 4 45 7 41 48 15 35 3
37 16 23 25 15 30 10 32 5 2 1 22 28 13 19 27 7 24 35 20 9 18 26 4 11 14 12 6 31 39 17 33 21 8 46 29 43 3 40 34 48 41 44 42 47 36 38 45
13 23 20 19 12 32 11 7 4 28 16 46 34 42 17 5 38 6 10 18 41 21 30 24 22 15 2 26 37 35 27 25 29 14 36 9 45 44 3 48 39 47 43 8 40 33 31 1
15 27 30 28 7 17 26 2 13 20 12 14 22 18 23 4 21 29 9 10 16 11 32 1 8 46 47 35 25 6 45 24 40 3 48 5 19 42 39 31 43 44 34 38 37 41 33 36
21 24 31 3 10 28 16 19 7 36 5 15 4 41 20 11 32 23 17 22 8 12 46 14 6 13 48 38 30 18 43 9 2 26 45 44 42 25 47 37 29 40 39 1 33 34 27 35
38 17 46 10 13 6 15 45 29 27 20 5 40 36 47 19 3 11 18 14 34 33 31 35 25 21 7 24 28 43 26 12 48 4 2 42 30 16 1 44 9 39 41 37 23 32 22 8
34 9 28 7 16 24 12 14 21 15 38 27 26 37 41 20 29 17 8 6 11 13 4 3 23 2 43 30 39 48 19 44 5 10 42 46 22 35 45 36 40 1 32 47 25 31 18 33
26 11 10 14 35 21 48 4 9 7 18 17 13 24 43 23 39 16 12 44 6 8 15 45 5 3 46 25 47 37 42 2 22 38 31 1 36 41 30 19 20 32 33 40 29 27 28 34
4 40 17 5 21 14 23 31 3 30 9 10 44 47 6 24 12 18 46 11 2 35 43 16 48 42 27 20 8 13 34 45 1 19 41 7 25 39 15 33 22 26 38 36 28 29 37 32
17 20 18 47 3 22 2 5 12 34 10 9 11 38 8 16 31 46 15 4 14 36 21 48 43 45 42 19 7 1 29 6 39 44 32 40 41 13 37 28 25 35 26 33 27 24 23 30
8 22 12 9 11 5 32 16 15 19 25 7 41 31 18 39 40 37 21 27 36 48 10 42 3 23 6 45 4 2 44 1 46 47 35 43 34 33 20 13 14 38 17 28 24 26 30 29
25 35 3 20 8 13 30 26 41 18 2 31 36 28 14 22 4 43 6 34 48 9 45 5 1 19 38 46 11 7 39 15 44 42 12 33 47 40 10 29 17 24 37 32 21 23 16 27
7 12 35 18 2 36 17 29 23 8 33 6 43 9 22 28 19 15 3 41 32 45 48 10 46 44 4 13 1 16 47 5 42 30 38 39 40 37 27 24 21 31 11 26 20 14 34 25
20 15 42 38 30 11 14 10 36 23 32 3 6 43 5 45 1 25 2 48 44 17 8 22 47 27 39 41 46 12 33 37 4 40 28 16 26 29 34 9 31 18 35 7 13 19 21 24
43 7 26 16 18 20 13 15 6 4 24 37 46 5 28 29 48 3 14 9 42 47 39 27 12 1 31 40 44 45 25 35 38 33 30 41 21 34 32 11 10 36 8 2 19 22 17 23
5 2 22 1 23 10 45 9 24 35 4 38 39 29 26 41 43 12 48 15 13 46 40 47 14 18 33 36 42 44 6 7 32 27 11 31 37 30 8 3 28 34 25 19 17 16 20 21
12 5 24 48 38 31 4 36 27 37 41 32 33 45 25 35 18 40 1 46 47 43 7 11 13 39 17 44 2 42 15 14 28 34 8 30 9 6 29 26 3 21 10 23 16 20 19 22
23 37 33 6 24 34 42 27 20 25 31 43 8 30 3 48 41 35 47 45 1 28 36 46 44 16 40 11 10 14 38 39 13 29 26 9 7 32 2 21 12 15 18 5 22 17 4 19
3 47 6 40 32 9 21 48 26 43 7 20 5 1 46 30 37 44 42 33 45 38 27 39 19 41 24 31 16 11 28 36 17 25 34 35 2 23 12 10 13 22 29 4 14 15 8 18
22 38 27 2 42 43 39 33 47 44 45 25 35 48 4 46 26 1 30 19 40 31 14 41 21 36 34 7 6 3 37 32 9 16 10 13 23 28 18 20 24 12 5 29 11 8 15 17
47 43 39 35 45 25 27 28 37 29 26 34 48 46 1 36 44 30 5 8 38 16 42 7 41 33 22 9 24 40 32 17 19 23 4 20 15 21 31 6 11 13 3 12 2 18 14 10
41 10 2 39 47 45 31 8 11 46 43 30 1 35 48 34 28 36 44 42 12 37 20 33 40 38 25 17 27 32 23 4 26 22 21 29 5 19 24 18 7 3 16 14 15 6 13 9
28 29 48 21 1 33 43 44 39 41 46 42 19 2 40 47 45 22 31 35 30 24 38 34 37 4 32 16 26 10 11 27 20 6 5 36 18 17 23 7 15 8 14 25 9 13 3 12
2 48 44 36 43 41 38 35 46 45 39 1 25 40 33 32 47 42 28 31 17 27 29 37 15 26 21 23 22 34 13 3 14 11 20 18 8 4 5 12 16 19 30 24 7 9 10 6
45 33 40 27 26 37 46 41 43 32 1 48 47 44 36 42 16 38 39 30 21 6 17 28 35 24 23 10 34 31 18 20 25 12 14 22 29 8 13 5 19 9 15 11 3 4 2 7
42 36 45 43 48 40 41 46 34 1 47 35 38 33 39 44 27 31 32 29 19 26 37 23 30 28 9 22 20 25 17 18 15 21 24 8 3 10 16 14 6 7 12 13 5 2 11 4
32 34 43 41 46 44 47 1 40 31 48 39 42 27 45 38 25 19 24 28 37 29 23 17 33 30 26 5 21 9 36 22 8 18 16 6 13 15 14 2 35 11 20 10 4 12 7 3
