23250 19790 8288 7244 7527 7527 4814 3545 3162 3137 3137 2063 1302 1057 761 578 633 449 312 337 237 199 184 99 109 71 55 31 28 17 16 13 5 7 6 2 2 2 1 1 1 1
3 2 6 1 9 10 12 8 5 11 4 7
7 10 5 6 1 8 3 4 11 12 9 2
2 8 6 5 9 12 4 1 10 7 3 11
2 6 10 11 5 4 8 9 12 1 3 7
12 1 6 5 10 11 8 7 4 9 3 2
6 5 11 4 2 8 3 1 9 12 10 7
2 5 12 6 8 9 7 11 10 3 4 1
3 4 10 12 7 11 8 2 6 1 9 5
12 2 5 10 1 4 9 8 3 7 11 6
12 8 7 2 4 10 1 3 6 5 9 11
2 7 12 6 10 9 5 11 1 8 4 3
3 12 4 9 5 8 7 2 11 10 6 1
8 1 6 11 5 12 4 9 10 7 3 2
3 4 10 2 5 12 9 8 11 1 6 7
8 6 4 9 5 12 7 1 3 10 11 2
12 2 10 11 7 4 8 9 6 1 3 5
8 12 5 6 2 10 3 1 4 7 9 11
3 1 6 5 4 12 8 2 9 10 11 7
6 2 5 11 7 4 8 9 3 12 10 1
6 12 7 2 4 10 9 8 11 1 3 5
8 1 10 2 5 4 7 11 3 12 9 6
2 8 4 9 1 11 5 3 6 12 10 7
2 6 10 5 4 12 8 3 9 7 11 1
8 6 12 11 7 4 5 2 3 10 9 1
3 8 12 9 1 11 5 2 4 7 10 6
2 12 7 6 1 4 8 9 11 10 3 5
8 2 4 11 5 12 7 9 6 10 3 1
8 1 4 6 7 12 9 2 3 10 11 5
3 12 4 2 5 11 7 8 9 1 10 6
2 12 10 6 7 11 3 9 1 8 4 5
8 1 12 5 2 9 7 3 4 10 6 11
3 1 10 2 7 4 9 8 6 12 11 5
3 1 12 5 2 4 8 9 11 7 10 6
6 12 10 5 2 9 8 3 1 7 4 11
2 1 12 6 7 4 3 9 11 8 10 5
6 12 10 2 1 4 9 8 11 7 3 5
8 1 12 9 5 4 3 2 11 7 10 6
6 12 10 2 1 9 3 8 4 7 11 5
2 1 10 9 5 12 7 3 11 8 4 6
8 12 10 9 5 4 3 2 1 7 6 11
6 1 10 2 5 12 7 3 4 8 9 11
2 12 10 9 7 4 5 8 11 1 3 6
