2023 1860 1221 1058 1071 852 446 385 163 226 169 176 106 73 57 33 33 12 16 7 3 4 4 1 1
8 1 7 9 4 2 5 3 6
2 6 4 9 3 8 1 5 7
7 5 4 1 3 6 8 2 9
6 1 2 3 5 7 4 9 8
8 7 4 3 9 2 5 1 6
3 6 7 1 5 4 2 8 9
1 5 2 3 9 6 4 7 8
7 2 4 6 5 9 8 1 3
3 7 2 1 5 8 4 9 6
8 5 7 1 3 2 4 9 6
3 4 1 8 5 6 2 7 9
6 7 2 1 9 4 3 8 5
2 5 4 8 7 6 1 9 3
6 2 5 1 3 9 4 7 8
2 4 1 6 5 7 3 9 8
1 7 4 6 3 9 2 8 5
6 2 5 8 3 4 1 7 9
1 7 4 8 3 6 2 9 5
7 5 2 6 3 4 1 8 9
7 4 1 8 3 6 2 9 5
6 5 4 8 3 2 1 7 9
7 5 4 8 3 6 2 1 9
6 7 4 8 3 2 1 9 5
7 5 4 1 3 6 2 8 9
6 7 2 8 3 4 1 9 5
