18550 14342 6424 6268 6210 6210 5462 4136 2828 4046 2424 2746 1754 1810 1974 1693 1596 1467 1074 1039 878 692 695 637 603 541 502 373 368 267 267 266 193 158 172 150 134 111 105 97 90 74 73 62 55 41 38 34 31 27 26 24 19 17 15 15 11 10 9 8 7 6 5 4 4 4 3 3 3 3 2 2 2 2 1 1 1 1 1 1 1 1 1
14 12 24 13 6 20 19 16 22 3 23 7 4 8 18 10 17 2 15 9 21 5 1 11
1 13 9 15 12 10 20 7 2 8 23 6 3 21 16 18 5 11 4 24 17 19 22 14
7 23 9 24 14 18 20 22 3 6 21 12 1 15 11 16 17 13 2 10 4 19 5 8
20 23 19 12 21 5 16 8 14 7 15 9 11 22 6 18 2 1 13 4 17 24 10 3
16 11 4 24 17 2 5 15 3 9 10 18 8 1 14 22 23 20 13 6 7 19 12 21
7 13 10 4 23 22 6 14 9 2 20 12 8 18 24 16 15 1 11 17 3 21 5 19
10 4 2 12 18 15 14 22 13 24 1 3 23 7 9 5 17 11 19 21 16 20 6 8
20 10 14 13 3 8 12 6 22 23 19 21 1 16 5 4 11 18 2 7 17 24 9 15
6 19 1 7 15 10 23 8 14 18 22 16 3 17 20 2 24 13 21 4 11 5 12 9
16 14 3 22 12 7 4 15 9 20 11 17 6 10 13 23 1 21 18 5 8 19 24 2
8 6 12 9 15 19 2 17 3 11 22 10 4 14 23 20 13 16 7 1 21 24 5 18
13 15 22 9 19 1 23 11 18 6 21 16 7 17 8 2 5 10 12 20 24 4 14 3
20 19 12 1 21 8 18 23 17 5 14 22 11 15 16 3 24 13 2 9 4 7 6 10
24 8 4 7 14 10 13 2 3 23 1 20 15 9 5 22 18 6 21 19 11 17 16 12
20 2 14 15 23 13 22 6 8 19 17 7 11 5 16 3 24 18 12 10 4 21 9 1
10 23 18 1 17 21 5 8 22 11 15 6 3 16 7 20 2 14 9 4 13 24 12 19
1 12 20 10 3 19 16 17 14 9 23 21 8 22 15 4 5 13 2 6 24 7 11 18
18 6 2 13 24 22 14 16 12 4 19 3 1 15 9 7 23 5 21 17 11 20 10 8
13 19 8 15 22 12 24 11 21 3 14 10 4 1 23 18 6 16 9 7 17 2 5 20
24 15 4 12 18 10 2 3 17 23 1 22 19 11 20 8 13 6 7 21 16 5 14 9
8 13 1 24 22 5 6 10 3 18 9 23 15 14 2 16 17 11 19 20 21 4 7 12
7 8 12 17 3 15 20 23 9 2 22 16 14 18 4 5 11 1 13 19 21 24 6 10
8 11 3 9 15 2 24 22 18 5 10 20 23 14 6 13 17 1 12 4 7 19 16 21
7 19 9 12 5 8 2 3 13 15 20 4 14 23 11 1 6 22 24 16 17 18 10 21
20 4 19 15 17 13 18 9 11 14 5 12 21 8 23 2 24 16 22 7 3 1 6 10
13 6 5 7 14 16 23 22 18 9 19 21 3 1 20 8 11 17 2 10 24 4 15 12
17 23 2 1 12 15 21 10 14 24 3 22 4 11 5 7 13 6 9 18 16 19 8 20
24 1 8 13 18 12 11 14 22 3 15 10 19 17 2 16 23 20 5 6 4 21 7 9
16 12 14 4 19 10 18 15 9 5 21 6 1 22 8 23 2 13 7 20 24 17 11 3
12 2 1 17 23 8 4 3 21 11 22 9 15 16 5 18 6 10 13 19 7 24 14 20
1 3 12 10 23 5 11 13 16 18 20 7 14 8 6 4 24 21 19 17 15 2 22 9
10 15 18 9 12 21 23 11 22 2 6 20 19 24 4 3 17 1 13 7 5 14 16 8
2 8 20 14 1 13 6 23 3 24 15 10 17 18 16 9 11 22 12 21 4 5 7 19
7 4 22 11 15 10 20 5 14 16 19 3 23 17 8 1 6 18 24 9 13 2 12 21
17 2 1 13 19 22 14 16 21 4 23 9 24 15 10 18 5 11 7 6 3 20 8 12
20 9 19 5 14 2 24 23 13 16 3 17 8 22 7 11 6 1 12 18 4 21 15 10
13 11 20 17 1 8 21 2 12 19 10 23 4 9 6 22 15 14 18 5 7 16 24 3
7 1 8 22 24 12 20 15 18 14 9 6 3 16 2 4 23 21 19 10 11 17 5 13
2 8 5 1 15 19 4 14 3 11 23 16 6 17 13 9 18 10 22 7 21 24 12 20
18 19 8 4 14 16 6 17 9 3 5 7 23 24 11 1 13 20 21 10 15 2 22 12
1 3 22 14 24 16 18 9 11 23 6 21 8 15 20 5 2 17 12 4 13 19 7 10
8 13 12 9 23 19 11 22 16 2 15 3 21 10 4 20 1 5 24 17 7 14 6 18
24 15 4 10 17 7 2 6 14 19 11 12 1 18 8 22 23 21 13 20 16 5 9 3
20 10 3 5 12 1 23 8 21 15 19 16 11 14 4 9 24 22 2 6 17 18 7 13
12 6 5 9 19 15 21 13 22 18 20 4 3 11 24 23 17 10 7 16 8 1 14 2
24 11 1 10 5 8 14 16 12 20 3 22 7 23 2 4 18 13 19 9 17 21 6 15
12 1 19 7 15 10 14 23 9 3 22 20 6 16 13 11 2 17 24 18 5 4 8 21
7 13 4 22 1 8 24 9 18 2 10 12 15 14 6 23 11 5 21 17 3 20 16 19
17 6 8 14 12 22 20 5 3 4 9 23 24 1 7 18 15 13 2 19 11 16 10 21
18 9 22 1 17 5 20 3 12 24 19 10 21 23 11 2 13 14 7 4 8 16 6 15
8 4 3 11 18 12 6 10 17 15 20 21 7 9 23 16 24 22 19 5 13 1 14 2
1 8 12 13 14 10 2 15 16 24 5 3 23 22 7 11 6 17 18 19 4 21 9 20
13 19 9 4 22 1 6 2 12 11 23 20 8 18 16 5 15 10 21 17 7 14 24 3
10 1 19 22 5 2 11 14 21 18 15 6 3 8 13 4 23 20 9 7 17 24 16 12
2 3 1 4 12 7 24 17 9 16 11 23 6 8 10 20 18 14 22 21 5 19 15 13
24 9 2 1 15 21 14 6 13 4 3 22 7 16 20 23 17 5 19 10 11 18 12 8
7 4 18 15 24 12 2 11 14 5 22 17 23 10 16 1 6 21 13 9 3 20 8 19
2 15 5 7 17 22 23 16 3 20 10 21 19 1 6 8 13 14 12 18 4 24 11 9
12 10 19 14 24 8 4 2 22 3 23 16 15 18 11 9 1 20 13 6 7 17 5 21
16 23 12 17 1 2 20 6 18 11 19 10 21 24 4 22 15 13 7 9 5 14 8 3
20 12 8 13 19 5 18 14 9 23 6 3 24 16 7 4 11 22 21 17 15 1 10 2
17 2 18 11 14 13 24 3 16 19 6 9 1 23 20 7 5 21 12 10 8 4 22 15
10 23 1 9 18 19 16 13 17 4 5 7 11 14 8 2 24 20 22 6 3 21 15 12
13 4 2 7 14 19 20 11 3 15 22 12 6 8 23 5 1 10 21 9 16 17 24 18
18 11 12 4 17 5 23 9 22 2 3 16 1 15 10 8 6 14 19 7 13 20 24 21
20 4 9 1 24 15 6 22 3 19 23 12 8 10 2 18 17 5 7 21 11 14 16 13
7 2 4 15 22 8 21 6 12 11 19 17 3 1 13 9 23 10 18 5 16 24 14 20
12 10 1 14 15 2 18 5 13 16 6 3 19 9 23 4 11 21 22 7 17 20 24 8
2 8 14 9 19 10 23 17 21 4 22 7 11 5 6 20 24 13 12 16 3 1 15 18
8 12 19 7 22 16 2 10 17 3 15 21 6 14 24 1 23 20 18 4 13 5 11 9
10 6 5 17 1 13 20 16 14 23 9 4 3 8 2 11 18 21 7 19 15 24 22 12
17 2 12 11 15 19 18 14 16 20 5 10 24 23 7 8 1 22 13 6 21 4 9 3
16 19 3 22 12 7 24 2 11 15 10 18 4 1 13 23 6 14 9 21 17 20 5 8
13 23 1 5 18 8 16 15 12 3 11 9 19 24 10 22 2 17 21 7 4 14 6 20
18 1 12 4 14 2 21 22 9 24 3 6 8 15 23 20 13 5 7 10 11 17 16 19
17 8 2 15 1 13 6 3 14 20 23 18 24 22 4 7 11 10 12 5 16 19 9 21
7 15 18 4 14 12 6 5 17 16 20 3 21 23 11 9 1 22 13 19 8 24 10 2
12 3 2 14 17 5 24 6 9 11 22 4 8 15 23 20 13 21 18 10 7 1 16 19
2 10 5 11 12 13 4 16 18 20 21 7 23 22 8 1 24 14 19 9 3 17 6 15
10 11 12 15 18 1 14 8 22 23 19 21 3 9 6 4 17 20 13 5 7 16 24 2
8 15 4 17 1 2 23 14 3 18 6 12 24 10 20 7 11 5 9 19 16 21 22 13
16 9 14 1 24 22 20 23 21 2 3 17 15 8 4 5 18 13 7 6 11 19 10 12
20 1 9 22 14 19 18 17 13 24 23 6 21 16 11 2 15 10 12 4 8 7 5 3
