7479 7602 7399 7152 6320 6174 5878 5330 4815 4852 4631 3586 3713 3070 2561 2039 1654 1412 1232 1285 1003 943 1099 756 753 701 632 602 599 523 487 372 386 349 277 242 236 209 203 156 158 133 99 96 70 72 60 63 50 58 48 48 34 36 32 27 24 22 20 16 15 11 11 10 8 8 7 7 6 5 4 4 3 3 3 2 2 2 2 1 1 1 1 1 1 1 1 1
3 1 8 6 10 11 15 2 7 12 4 14 13 5 16 9
9 5 11 2 6 12 4 8 15 10 3 16 7 14 1 13
10 13 5 12 16 1 14 3 2 7 11 9 6 4 8 15
14 3 9 13 11 4 16 15 8 1 6 7 5 12 10 2
16 11 14 8 9 2 6 12 5 13 15 1 4 3 7 10
8 12 6 1 7 5 13 16 11 4 14 2 9 10 15 3
15 2 1 9 14 10 8 13 16 5 12 3 11 7 6 4
6 14 12 7 8 16 9 11 10 3 2 5 15 13 4 1
12 10 13 14 3 8 7 6 9 16 5 4 1 15 2 11
5 6 16 11 12 7 15 1 4 2 13 14 10 8 3 9
4 9 2 3 5 15 11 14 13 6 7 10 8 1 12 16
3 7 15 16 2 6 10 4 1 8 9 13 14 5 11 12
1 15 7 10 4 9 2 5 6 11 8 12 3 16 13 14
2 8 10 4 15 13 1 9 3 14 16 11 12 6 5 7
11 4 3 5 13 14 12 7 1 15 10 6 16 2 9 8
13 16 4 15 1 3 7 10 12 9 5 8 2 11 14 6
14 6 7 8 10 11 3 2 16 12 1 15 13 9 4 5
11 8 15 12 16 3 5 7 14 13 10 1 4 9 2 6
13 1 4 15 2 7 6 10 9 14 3 16 5 11 8 12
7 2 10 13 4 6 12 9 3 1 8 15 14 16 11 5
8 10 13 6 12 1 3 16 4 11 9 5 15 2 14 7
3 15 11 1 10 9 16 4 5 8 14 2 12 6 7 13
1 9 5 2 3 12 4 8 6 7 13 16 10 11 15 14
10 14 6 4 7 2 8 3 15 5 11 12 16 13 9 1
5 4 14 7 6 16 3 10 12 13 15 11 2 9 1 8
11 7 3 12 8 13 9 15 4 14 10 1 6 5 16 2
16 14 4 8 15 3 5 13 2 10 9 7 1 12 6 11
6 10 8 15 11 16 13 14 2 4 7 5 3 1 9 12
2 7 11 16 13 14 15 12 9 1 3 6 4 8 5 10
7 1 15 13 3 5 16 2 10 11 6 8 9 14 12 4
15 16 10 5 4 9 12 3 13 6 14 11 8 7 1 2
12 14 6 9 1 8 10 4 3 5 11 2 16 15 7 13
14 10 8 9 11 2 4 16 5 13 1 15 12 6 3 7
13 9 2 1 6 8 5 7 14 12 16 3 15 4 10 11
4 5 13 8 14 11 7 9 3 16 12 1 2 10 6 15
3 4 15 12 8 7 13 6 10 2 11 16 5 9 14 1
12 15 3 4 13 1 2 14 7 8 10 5 6 11 16 9
16 3 14 6 7 4 9 10 15 12 13 1 8 2 11 5
4 13 11 7 15 1 3 5 8 2 9 10 14 16 12 6
3 1 16 5 12 2 15 4 6 9 8 7 11 13 10 14
11 9 4 15 1 14 10 3 12 5 7 6 2 13 16 8
6 8 7 16 5 4 14 13 9 10 15 12 1 2 11 3
13 3 15 2 8 5 11 12 16 9 1 4 7 14 6 10
15 5 10 13 12 7 6 2 14 11 3 8 9 16 4 1
3 10 2 1 7 11 8 15 5 6 12 4 16 9 14 13
2 15 8 5 6 13 12 9 4 16 1 11 7 3 14 10
12 16 1 7 13 11 9 10 2 4 14 3 5 15 6 8
14 4 16 1 15 7 11 5 10 13 6 2 12 8 3 9
7 2 6 3 1 5 14 12 13 11 8 15 9 10 16 4
13 6 5 2 8 15 3 4 7 10 12 11 16 1 9 14
3 16 13 15 4 8 7 6 5 14 9 12 10 11 2 1
6 2 3 13 14 11 4 12 16 7 10 5 8 9 1 15
12 3 10 6 7 9 15 1 4 5 2 8 11 14 16 13
4 9 7 8 12 1 2 13 11 6 14 3 15 16 5 10
2 11 12 9 6 4 13 8 14 16 7 15 1 3 10 5
7 14 2 16 5 13 10 9 15 1 12 8 11 4 3 6
11 10 4 3 7 14 12 5 9 8 16 6 1 2 15 13
3 5 16 7 12 9 14 10 13 4 1 2 15 6 11 8
7 8 14 10 1 16 3 2 6 13 9 12 5 11 4 15
14 4 13 9 6 5 7 16 2 1 10 11 12 15 8 3
12 11 10 5 13 7 15 1 6 2 3 14 8 16 9 4
16 1 5 6 12 11 13 15 7 3 8 4 9 10 2 14
4 16 1 13 5 15 9 6 11 8 2 14 7 3 12 10
14 9 13 15 3 7 6 4 16 11 8 5 10 12 1 2
11 5 14 8 15 1 12 2 10 7 13 3 9 4 16 6
3 13 11 4 6 14 7 12 2 5 16 15 1 10 8 9
2 3 5 6 4 8 11 16 7 9 14 12 15 13 10 1
11 1 10 15 7 4 14 9 13 6 2 16 5 8 3 12
3 15 7 8 14 16 9 1 12 13 10 2 11 6 4 5
11 10 4 12 13 5 15 8 9 7 3 6 16 14 2 1
6 14 16 13 1 8 10 5 15 12 9 4 7 3 11 2
1 13 12 2 8 11 3 7 10 14 16 6 4 15 5 9
14 5 1 4 7 13 3 15 6 2 8 11 9 10 16 12
2 15 8 16 5 7 13 9 12 4 1 3 6 14 11 10
12 16 2 5 3 13 6 15 11 9 7 4 10 1 8 14
11 9 14 13 15 4 5 8 7 16 3 12 1 2 10 6
6 3 16 8 15 5 4 10 1 2 14 11 12 13 9 7
7 6 4 16 14 1 10 12 15 11 13 2 8 9 3 5
2 10 13 12 6 11 5 8 9 3 16 7 14 4 1 15
11 13 10 1 4 9 12 5 8 6 7 14 2 15 16 3
14 4 2 9 5 7 3 6 16 13 1 11 12 8 15 10
11 13 8 5 7 9 10 6 1 12 14 3 16 15 4 2
6 5 11 13 4 8 7 10 15 9 2 3 1 16 12 14
1 4 10 3 6 7 11 5 8 14 12 16 15 13 9 2
4 8 7 9 14 1 15 16 2 6 13 5 11 3 10 12
14 1 5 2 8 16 9 15 13 11 3 12 7 6 4 10
16 15 3 1 13 14 12 4 7 5 10 11 9 8 2 6
12 9 1 4 15 5 13 7 6 16 8 14 10 2 11 3
