24048 25231 24723 23113 23940 23533 22725 23233 22762 22553 22216 22097 21322 22048 21278 21500 20711 20934 20134 20098 19851 19736 19929 19604 19124 18963 18967 18178 18602 17665 16679 17106 16361 16772 16772 16077 16177 15158 15315 15010 14043 13487 12733 12972 12360 11995 9306 4638 3900 3488 3244 3249 3341 2842 2867 2769 2724 2545 2579 2626 2512 2460 2369 2237 2117 2001 1963 1917 1881 1789 1821 1836 1789 1733 1547 1519 1540 1439 1392 1414 1279 1255 1284 1233 1114 1024 1066 966 945 914 888 874 764 803 690 688 695 604 616 572 619 560 562 540 508 465 486 423 410 391 383 384 329 341 342 343 326 310 321 293 298 253 267 263 270 253 225 219 220 218 202 201 185 192 158 179 169 160 167 145 146 134 125 129 126 116 119 104 108 102 98 95 94 90 85 85 78 77 80 74 68 67 66 59 59 56 56 56 52 52 48 47 44 41 40 40 35 38 39 36 34 31 31 29 27 26 27 25 24 24 20 18 19 20 19 17 16 17 16 14 15 14 14 14 12 12 12 12 11 10 10 10 10 10 9 9 7 8 8 8 7 7 7 7 6 6 6 5 5 5 5 5 4 5 4 4 4 4 4 3 3 3 3 3 3 3 3 2 2 2 2 2 2 2 2 2 2 2 2 2 2 1 1 1 1 1 1 1 1 1 1 1 1 1 1 1 1 1 1 1 1 1 1 1 1 1 1 1 1 1 1 1 1
41 46 12 18 19 1 39 34 43 10 38 16 6 14 33 44 23 40 11 27 29 2 25 35 48 7 15 42 24 30 36 22 20 3 26 37 31 4 28 21 17 8 13 32 47 45 5 9
7 17 20 28 12 9 46 4 41 44 39 21 24 48 11 32 33 42 8 40 18 27 43 22 6 31 38 13 3 15 14 36 23 5 30 47 34 25 37 45 2 10 16 26 1 29 35 19
46 28 17 47 37 45 6 38 34 35 23 42 9 44 18 21 14 12 43 24 31 29 48 40 5 41 8 30 26 19 39 15 32 25 4 10 27 16 2 36 7 20 33 11 13 3 22 1
4 23 34 42 47 37 16 13 15 20 27 26 46 22 14 35 7 33 48 21 17 40 10 29 24 12 36 1 44 39 5 41 6 31 32 25 19 28 3 30 45 2 9 8 11 43 18 38
1 33 35 34 5 36 8 31 45 2 19 46 18 24 32 37 21 48 27 29 6 3 13 9 14 10 41 40 17 20 44 11 39 15 12 28 43 22 30 26 23 38 4 25 7 42 47 16
31 12 41 33 34 23 36 43 24 46 10 45 7 17 29 15 27 21 4 44 37 19 38 2 9 6 35 22 28 42 18 32 1 26 48 39 14 3 47 16 5 40 8 20 30 25 11 13
37 35 3 40 7 2 38 17 42 39 26 47 14 28 44 24 8 23 33 22 9 18 1 10 16 36 31 32 15 45 19 27 29 43 21 4 41 5 34 12 13 30 20 46 25 48 6 11
15 25 45 26 30 12 22 23 31 27 28 38 44 16 37 10 43 46 9 36 5 34 3 1 2 39 32 47 14 18 21 20 8 19 6 17 7 42 11 35 33 13 29 4 48 41 40 24
27 20 21 19 31 5 4 30 2 6 16 34 38 29 41 9 26 36 3 18 48 35 15 25 47 28 22 24 39 10 43 33 40 42 1 13 32 46 7 14 8 45 11 23 37 12 44 17
32 43 6 16 38 46 24 9 8 18 17 33 45 47 15 48 5 10 7 25 36 13 41 11 39 4 14 34 2 22 1 12 37 20 3 21 44 27 23 31 40 42 30 29 28 35 19 26
42 15 29 14 26 43 20 48 1 45 18 2 37 33 19 47 10 6 34 11 46 9 24 12 13 40 3 5 38 7 17 44 4 23 39 22 30 36 16 32 21 28 25 35 27 31 41 8
10 41 26 24 46 29 48 16 3 21 13 19 42 11 5 33 17 31 38 8 45 43 12 30 27 35 28 2 32 4 23 6 36 44 34 40 9 7 20 37 1 18 22 39 15 47 25 14
38 3 25 7 17 19 21 1 39 14 22 48 31 34 47 43 9 27 44 32 15 41 40 4 46 26 13 12 10 6 8 18 2 24 42 33 16 29 35 23 37 11 28 5 20 30 36 45
39 10 30 23 3 13 25 29 47 22 12 28 17 26 16 19 15 24 37 46 21 5 44 42 1 18 33 38 7 36 20 35 34 40 41 27 8 32 45 2 4 14 6 43 9 11 48 31
34 29 31 13 4 6 41 12 32 17 37 30 26 40 46 8 11 20 36 5 44 7 21 43 35 27 9 28 45 23 25 14 18 22 19 42 47 1 39 48 15 24 2 38 10 16 3 33
6 26 2 22 45 7 32 35 16 11 44 8 30 37 31 13 25 4 23 42 3 48 28 21 38 34 46 39 1 27 15 24 9 12 20 43 5 14 40 10 36 19 47 41 29 17 33 18
20 11 19 31 16 8 30 5 29 25 41 23 15 45 24 6 2 9 42 28 43 12 36 3 44 47 34 14 33 32 26 1 27 39 17 35 22 18 13 46 48 7 38 21 40 37 4 10
14 18 36 5 13 31 40 25 22 42 9 11 28 6 27 39 12 43 29 37 47 26 32 46 23 20 7 41 21 16 34 8 30 35 10 38 3 15 4 1 19 33 44 2 45 24 17 48
21 38 48 30 18 42 27 8 4 3 24 29 43 31 45 46 40 13 47 7 22 28 35 41 19 1 25 33 11 5 12 17 16 36 2 6 15 20 26 39 9 44 34 37 23 10 14 32
3 36 15 8 22 32 35 6 28 30 20 41 16 7 23 17 1 2 14 45 25 31 42 13 40 19 5 48 9 21 10 47 26 4 18 29 11 34 38 33 44 39 46 12 24 27 43 37
23 8 42 43 48 40 45 21 10 33 5 36 32 19 1 25 46 35 18 39 24 22 37 7 12 17 11 29 34 9 27 31 47 2 13 30 28 38 44 4 41 15 26 3 14 6 16 20
8 30 5 3 28 44 7 2 38 47 43 27 4 9 17 18 24 15 21 26 20 46 33 45 31 29 23 16 42 37 32 13 14 48 11 36 25 41 10 40 22 6 1 34 35 19 12 39
28 39 4 2 14 48 43 20 9 36 29 13 21 3 40 5 44 34 26 15 23 25 17 38 32 30 19 11 41 12 6 16 45 37 47 7 1 24 33 18 46 31 42 27 8 22 10 35
25 21 10 15 40 18 3 41 6 38 33 31 27 8 39 14 29 7 32 43 1 47 5 17 42 11 45 26 30 48 13 9 46 16 35 23 24 12 36 22 20 37 19 44 4 2 28 34
9 19 22 1 29 39 28 44 30 48 11 7 35 43 3 2 38 37 16 6 12 15 26 14 45 13 47 21 36 41 4 40 10 17 27 20 23 31 5 34 25 32 24 33 18 8 42 46
44 13 47 25 11 30 18 32 40 15 48 6 39 1 34 36 35 3 2 4 8 23 29 5 20 9 10 43 27 33 16 26 31 45 37 14 38 17 42 28 12 41 7 24 19 46 21 22
47 24 8 11 2 14 10 46 12 37 6 32 23 4 42 40 16 25 15 41 28 45 22 34 3 48 20 27 5 44 33 38 19 30 36 31 13 43 29 17 35 9 18 7 39 1 26 21
5 42 40 4 43 27 29 37 18 1 47 3 25 23 35 34 20 45 31 16 30 33 19 36 11 2 26 46 6 14 41 39 12 8 7 24 10 44 17 38 32 21 48 15 22 9 13 28
26 14 43 46 41 17 1 27 13 32 36 37 40 18 2 3 22 38 5 20 19 10 9 39 15 33 30 35 23 24 31 28 7 11 44 45 4 21 8 42 47 48 12 16 6 34 29 25
48 2 23 29 24 41 13 47 7 9 3 17 34 27 26 38 28 16 39 12 11 36 20 33 10 44 37 4 19 25 22 42 35 18 45 32 40 6 1 43 31 46 5 30 21 14 8 15
22 9 24 6 15 20 11 7 48 43 4 12 1 5 30 26 18 29 35 2 39 14 23 27 21 37 16 8 40 34 45 25 17 46 28 41 42 13 19 44 38 47 31 10 36 33 32 3
18 6 44 41 9 16 23 22 5 24 14 10 29 20 7 45 42 47 25 17 27 39 34 32 8 15 4 19 12 43 11 37 3 21 38 1 48 40 46 13 28 35 36 31 33 26 30 2
36 27 32 9 10 4 42 3 33 40 15 5 19 2 22 31 47 17 30 35 7 38 16 28 18 8 1 6 20 26 37 21 11 13 24 12 46 23 43 41 14 25 39 48 34 44 45 29
19 47 37 27 42 35 12 11 21 8 32 9 13 46 6 23 36 30 10 34 40 16 39 44 28 14 48 15 31 29 2 45 38 7 25 26 20 33 22 24 43 17 41 18 3 4 1 5
33 45 27 12 44 25 9 42 19 41 7 4 47 15 21 30 13 28 1 14 35 20 2 37 36 23 39 31 22 40 3 5 24 29 16 46 6 26 48 8 11 34 10 17 32 18 38 43
43 1 18 32 35 33 44 24 27 23 30 22 2 42 20 11 37 8 40 48 34 21 45 47 41 16 12 10 4 31 29 19 13 38 15 3 17 39 9 25 26 36 14 28 46 5 7 6
30 7 33 20 36 10 15 40 46 26 1 14 8 35 38 42 45 11 12 13 16 44 4 31 37 43 24 18 48 28 47 23 5 6 29 9 39 2 25 19 3 27 32 22 17 21 34 41
17 5 16 36 20 26 37 19 23 28 45 18 41 38 13 4 34 39 22 10 2 30 46 24 29 42 44 7 35 11 40 3 25 33 8 48 21 47 14 15 27 1 43 6 31 32 9 12
12 44 7 37 23 21 33 45 25 31 42 40 22 10 8 28 6 18 13 1 41 4 11 19 43 24 27 36 47 3 35 2 15 14 46 34 26 48 32 20 29 16 17 9 5 38 39 30
40 32 9 38 8 47 31 39 20 7 46 44 10 13 43 22 3 1 6 30 14 42 27 18 33 25 29 17 37 35 48 4 21 41 23 15 2 11 12 5 34 26 45 19 16 28 24 36
2 31 13 44 33 22 47 15 11 5 34 20 3 39 12 29 32 26 19 9 38 37 7 48 17 21 18 25 16 46 28 30 41 1 43 8 36 45 24 6 10 4 35 14 42 40 23 27
35 37 14 39 27 11 2 18 17 34 25 24 5 21 4 7 31 44 41 3 32 8 47 16 26 38 40 45 46 1 42 48 33 28 22 19 12 10 6 9 30 29 15 13 43 36 20 23
24 4 38 45 6 28 5 14 37 19 21 35 11 12 10 20 48 41 46 31 33 1 30 23 34 32 17 3 25 13 7 43 42 47 9 2 18 8 27 29 16 22 40 36 26 39 15 44
16 34 39 35 25 38 19 36 44 13 2 1 48 32 28 12 4 5 45 33 26 24 31 6 22 46 21 20 8 17 30 10 43 9 14 11 29 37 18 47 42 23 3 40 41 15 27 7
11 48 46 17 39 24 14 10 35 29 31 15 12 36 25 41 30 22 28 23 13 6 8 26 4 45 42 9 43 47 38 34 44 32 5 16 33 19 21 7 18 3 27 1 2 20 37 40
13 16 28 21 32 3 17 33 26 12 35 25 20 41 36 1 39 19 24 47 10 11 14 15 7 22 43 44 18 2 9 29 48 34 40 5 45 30 31 27 6 8 37 42 38 23 46 4
45 22 1 48 21 34 39 26 14 16 40 43 36 25 33 27 41 32 20 19 4 17 18 8 30 3 6 37 29 38 46 7 28 10 31 44 35 9 15 11 24 5 23 47 12 13 2 42
29 40 11 10 1 15 34 28 36 4 38 39 33 30 9 16 19 14 48 27 42 32 6 20 25 5 2 23 13 8 24 46 22 43 26 18 37 35 41 3 17 12 21 45 44 7 31 47
29 40 12 10 47 15 26 28 36 4 8 1 6 30 11 16 19 14 17 38 42 32 25 20 48 5 2 23 13 34 24 46 22 27 33 18 37 35 41 3 39 43 21 45 44 7 31 9
29 40 11 45 1 15 34 26 36 10 22 35 33 14 48 44 41 23 17 19 4 32 6 16 25 31 2 42 24 38 46 43 20 27 30 37 18 3 28 21 39 12 13 8 47 7 5 9
45 22 12 42 34 9 26 28 14 20 16 39 36 25 29 44 18 32 8 38 10 2 48 35 30 7 6 37 13 15 24 46 23 27 33 47 31 4 41 3 17 43 21 11 1 40 5 19
7 46 11 10 31 1 34 13 17 35 38 16 33 30 9 26 19 48 22 27 42 41 6 23 24 3 36 2 43 8 14 21 20 5 4 25 37 28 15 45 39 12 40 32 44 29 18 47
12 4 34 47 19 37 26 43 11 10 8 9 3 48 14 35 23 33 40 38 39 17 13 41 6 36 15 1 18 30 5 7 22 31 32 44 29 27 28 21 24 2 20 25 42 45 46 16
16 17 9 21 37 2 8 34 15 4 41 40 44 36 32 12 7 22 46 27 13 6 10 20 48 42 43 23 24 29 1 30 28 25 33 18 19 35 14 11 45 5 3 26 38 39 31 47
35 20 25 48 1 22 5 38 23 44 4 24 37 41 18 31 43 27 11 21 17 42 30 28 14 40 8 32 46 47 36 2 39 15 26 9 34 16 3 29 7 10 33 45 12 13 6 19
11 28 3 18 7 1 39 31 35 19 27 22 6 14 48 29 33 41 43 40 32 21 23 15 4 10 38 24 16 26 8 46 44 20 30 12 45 25 34 37 17 42 13 47 2 36 5 9
24 40 18 35 30 11 36 10 14 28 37 15 46 29 41 20 27 21 33 19 6 32 47 25 22 5 2 34 44 17 42 48 1 23 31 3 12 4 26 16 13 45 39 8 43 7 9 38
41 34 46 28 5 21 19 13 37 14 18 12 11 30 44 7 8 2 17 25 26 38 1 24 29 6 15 42 47 39 45 4 32 10 48 33 35 22 27 23 16 3 9 20 31 43 36 40
17 9 14 34 46 23 6 28 36 16 10 20 5 12 48 32 7 39 19 24 33 8 18 4 30 41 21 22 35 38 27 15 43 3 1 47 31 42 2 44 37 40 26 11 13 25 45 29
18 31 28 17 26 15 16 1 44 5 9 10 48 21 32 42 14 36 12 2 38 3 45 27 34 7 40 13 8 30 43 29 33 24 4 22 37 19 6 46 39 47 35 23 25 20 41 11
27 23 35 39 12 28 34 36 26 7 19 43 14 22 11 45 46 5 10 9 4 2 16 18 17 44 6 41 15 40 32 25 48 42 33 37 21 1 24 3 30 13 31 29 47 38 20 8
4 41 13 10 38 47 46 14 43 34 24 5 29 39 9 18 28 6 30 31 27 11 7 48 16 12 17 33 40 8 44 3 42 2 21 19 36 35 20 32 45 22 23 25 26 37 15 1
37 17 16 38 21 27 23 48 1 45 20 41 42 25 12 46 2 18 3 47 7 24 39 44 26 4 29 14 31 35 40 11 6 19 32 10 33 5 9 30 28 43 8 36 34 15 22 13
36 16 12 9 47 45 42 43 29 39 21 3 7 28 37 41 48 32 35 33 14 13 2 1 5 8 24 40 25 11 26 34 17 22 6 23 27 18 15 31 38 30 46 10 20 44 19 4
40 48 39 44 7 38 47 17 21 22 13 18 20 16 33 27 11 29 45 23 34 1 10 31 46 2 42 26 9 3 4 19 41 25 30 24 35 8 43 15 6 28 5 14 36 32 37 12
30 43 11 42 10 16 48 34 32 4 8 17 1 5 14 38 40 47 6 22 35 26 33 29 25 24 12 46 27 31 19 45 20 15 28 2 39 41 13 36 7 18 37 9 21 23 44 3
23 25 7 4 37 19 20 45 33 6 42 39 22 48 29 8 32 17 24 34 2 40 3 13 27 26 36 47 28 15 30 10 31 5 12 41 43 46 11 14 9 38 18 1 16 21 35 44
22 8 38 36 19 26 41 4 45 9 3 14 2 32 47 34 21 20 27 30 40 39 11 35 7 15 31 28 12 1 16 18 37 44 48 13 46 29 23 33 5 10 43 6 17 42 25 24
43 15 26 33 5 34 29 8 48 31 35 27 41 38 19 30 16 44 39 3 22 18 40 46 10 37 13 45 20 25 6 7 24 36 2 32 17 9 21 12 14 1 42 28 11 4 47 23
34 32 45 2 30 42 15 3 25 29 5 44 10 37 36 4 17 14 20 35 9 31 43 47 21 28 16 48 22 13 46 27 38 40 1 26 12 39 18 6 8 11 24 19 41 33 23 7
8 47 6 35 9 32 27 15 20 24 45 31 23 11 30 22 44 28 25 17 37 29 34 42 48 39 43 3 13 46 7 41 21 26 38 16 19 36 12 4 10 5 14 40 1 18 2 33
46 37 24 27 6 3 38 7 8 21 44 4 31 2 22 11 30 19 13 12 15 48 29 26 28 14 18 16 41 33 39 17 25 20 40 1 42 47 35 43 23 36 10 34 5 9 32 45
31 36 1 47 39 8 35 24 34 27 43 48 25 40 15 21 9 30 2 44 29 16 26 6 18 13 4 38 14 19 33 20 12 32 5 28 41 10 22 11 17 23 45 46 37 3 7 42
38 22 44 12 1 40 30 33 31 43 17 25 8 47 4 48 34 16 37 11 23 9 36 10 6 46 26 29 3 41 13 39 35 18 27 5 14 20 19 45 42 21 15 32 7 28 24 2
9 5 23 6 31 20 45 39 24 40 25 42 36 27 11 17 29 13 44 16 48 14 46 30 1 32 47 12 2 28 22 8 15 10 43 34 4 3 37 7 41 35 19 21 33 26 38 18
44 27 30 14 46 39 28 23 5 18 47 35 12 24 21 16 19 1 41 4 31 22 9 32 2 10 15 8 42 43 20 37 29 34 6 40 36 45 17 38 48 25 7 33 3 13 11 26
45 2 33 32 17 18 12 13 15 10 26 6 9 34 48 37 1 31 16 8 20 19 42 3 43 27 14 30 36 44 35 5 46 4 7 21 40 25 38 47 24 29 11 22 23 41 39 28
19 45 29 40 22 4 24 38 16 35 15 8 26 36 7 3 47 42 5 32 28 33 20 43 13 21 41 37 6 9 12 31 23 39 17 48 10 34 46 1 2 44 25 11 18 27 30 14
26 42 17 8 38 11 43 6 27 19 39 21 47 4 46 44 24 9 31 18 12 7 15 33 36 1 35 5 45 14 2 23 10 3 20 25 30 28 16 37 22 34 29 41 40 48 13 32
5 7 41 29 32 1 14 19 4 20 33 13 34 42 44 36 3 11 18 10 30 46 35 22 31 9 8 43 39 24 23 26 28 21 12 6 45 38 47 40 15 16 2 37 48 25 27 17
47 29 32 24 43 37 21 41 35 12 28 30 4 10 18 2 38 3 1 14 44 36 25 19 9 16 46 7 33 6 17 13 11 48 26 42 23 22 40 5 31 15 27 45 8 39 34 20
42 33 31 43 21 10 37 40 18 2 23 29 16 35 38 25 20 26 28 6 47 12 44 36 24 19 39 4 34 11 15 9 3 46 45 8 22 7 1 48 13 41 17 27 32 5 14 30
15 18 21 48 13 36 9 30 7 26 29 23 43 33 1 28 42 45 6 38 17 10 4 11 41 35 25 39 37 8 24 44 2 19 22 46 32 31 5 34 12 20 16 3 27 14 40 47
20 13 27 45 37 35 40 9 2 33 6 7 32 26 43 23 39 38 11 36 41 30 48 21 3 31 44 1 19 22 29 42 5 47 24 14 8 15 25 28 18 17 34 4 12 10 16 46
3 44 48 30 7 22 2 16 46 11 37 20 39 17 13 5 45 25 8 26 10 23 19 40 14 29 9 21 4 31 18 28 47 35 15 27 34 32 41 24 43 33 1 38 6 12 42 36
48 35 47 25 15 44 32 2 42 23 34 12 19 30 45 24 4 8 26 46 5 37 14 20 40 38 6 13 43 3 10 1 16 27 41 39 28 11 29 18 33 9 36 17 22 7 21 31
7 6 37 41 12 24 10 29 17 8 14 36 18 31 23 40 15 35 4 1 46 28 5 39 42 43 34 19 38 47 25 30 26 22 21 45 20 16 33 9 27 2 32 44 13 11 3 48
32 38 25 3 28 33 31 18 39 44 7 34 15 23 27 9 26 46 17 41 6 43 30 45 5 20 10 36 24 35 21 22 13 16 4 29 37 19 42 2 1 12 48 47 14 40 8 11
13 1 7 15 18 31 3 26 37 46 41 2 27 19 25 35 10 48 14 43 36 17 22 9 8 33 23 34 5 45 47 38 6 40 30 11 44 4 32 42 29 39 12 24 20 16 28 21
1 24 20 16 35 12 8 42 9 17 4 37 45 44 26 15 5 43 21 29 11 47 32 7 30 3 38 22 23 13 34 40 14 31 28 36 6 48 10 39 19 27 41 18 46 2 33 25
35 11 40 34 24 41 18 5 22 42 30 43 38 9 8 13 12 10 19 21 45 44 37 2 33 47 28 32 1 29 14 6 7 25 36 31 48 23 4 27 16 46 3 20 39 17 26 15
33 3 9 31 42 38 22 46 10 1 12 11 28 14 5 43 6 15 36 25 16 20 41 34 39 17 40 27 48 30 37 47 18 23 8 4 7 26 44 35 32 13 21 2 24 45 29 19
21 20 19 28 34 29 39 47 38 23 2 45 30 8 24 12 22 33 9 13 7 35 27 37 16 18 1 11 32 26 41 43 48 42 31 17 15 40 36 25 44 14 4 5 3 46 10 6
2 14 4 37 16 30 44 10 1 41 36 15 40 18 35 6 31 22 39 19 24 34 21 12 17 23 27 20 11 32 9 48 45 8 13 42 25 5 28 29 47 3 33 26 7 43 46 38
29 21 12 26 25 17 11 31 19 47 42 33 18 43 41 10 28 4 30 27 32 23 13 1 44 5 22 2 46 39 38 16 40 24 48 35 9 14 45 20 3 7 6 8 15 36 37 34
14 46 10 19 26 13 33 28 47 16 48 32 35 12 9 24 36 41 42 3 25 4 8 15 45 6 21 23 29 17 5 11 37 44 18 27 2 20 7 22 40 31 38 39 34 30 43 1
25 26 46 20 47 6 5 21 3 32 22 9 13 41 31 23 35 34 29 16 43 40 1 28 19 7 17 24 10 37 11 15 27 12 42 8 18 2 30 14 36 45 44 48 33 38 4 39
2 34 11 22 29 28 4 26 13 48 46 10 27 37 14 19 8 9 45 18 21 25 6 16 47 36 32 17 20 15 1 33 39 5 44 40 38 3 31 41 35 42 30 12 43 24 23 7
32 25 29 17 40 14 36 20 28 30 45 5 24 38 10 33 11 12 47 37 9 39 7 13 23 42 2 44 16 41 18 3 4 15 35 46 21 43 48 8 26 6 22 31 19 34 1 27
10 8 43 13 27 45 17 44 36 6 23 22 11 5 42 7 40 39 35 30 26 28 24 25 2 34 3 15 33 48 31 46 32 38 47 29 16 1 14 21 37 4 20 18 41 19 12 9
17 16 45 42 4 25 6 2 41 18 38 39 33 15 28 8 7 5 43 34 1 11 47 24 22 40 23 26 44 20 48 21 19 14 10 36 31 9 3 30 46 32 13 35 29 37 27 12
41 27 32 21 44 15 19 12 45 7 31 14 6 16 37 38 26 46 20 22 18 5 9 48 24 33 30 35 42 28 3 36 1 43 34 11 13 29 8 17 25 40 39 2 4 23 47 10
12 4 5 1 9 21 7 36 18 3 20 24 17 11 27 34 43 26 10 45 40 15 31 29 32 39 48 42 35 46 23 28 22 2 14 13 47 41 33 16 38 19 37 30 44 6 25 8
9 28 15 38 30 47 26 22 40 25 3 42 37 21 34 11 33 7 23 48 13 31 46 5 18 14 16 6 12 1 2 10 43 17 19 45 39 8 32 36 4 29 27 24 35 20 44 41
21 17 35 10 33 43 4 18 27 15 28 19 26 46 12 30 29 37 32 47 34 14 42 31 9 48 22 40 2 38 20 25 23 1 3 39 24 45 41 6 11 8 36 13 16 44 7 5
36 15 23 5 19 48 47 1 43 31 10 17 21 27 16 20 24 14 33 35 38 46 11 42 7 18 13 3 34 25 45 41 8 26 32 4 28 44 29 12 6 22 40 9 30 2 39 37
11 42 38 39 10 2 16 14 21 5 13 3 15 22 29 26 48 20 12 4 33 6 32 44 1 37 31 28 43 23 7 45 41 36 24 19 9 17 46 18 30 47 35 27 25 8 34 40
42 39 14 23 47 16 18 25 46 40 19 41 3 32 26 44 21 6 38 12 29 8 13 30 4 9 1 31 15 27 10 22 20 45 2 48 35 37 5 24 34 33 28 7 11 36 17 43
26 19 39 24 5 18 11 41 42 14 35 44 45 2 6 22 9 4 3 17 37 43 40 38 25 47 21 46 8 33 16 34 36 27 23 20 12 28 31 15 7 48 29 10 1 32 30 13
1 12 2 22 20 23 31 34 14 37 27 40 9 25 18 28 16 21 24 11 42 4 45 17 13 41 33 29 32 5 8 7 38 30 44 43 26 35 6 19 39 46 47 36 10 15 48 3
37 48 26 6 23 47 36 35 44 22 8 18 5 1 32 16 41 2 34 46 3 29 39 4 43 27 12 14 25 40 19 9 31 20 33 15 21 42 13 10 28 30 45 17 38 7 11 24
22 37 33 18 39 40 32 45 29 36 44 31 20 48 23 41 14 8 27 15 4 13 1 2 10 6 38 7 28 19 24 30 26 43 25 12 46 34 42 3 21 11 9 5 47 17 35 16
7 2 3 43 18 25 13 17 24 12 40 35 19 28 46 32 1 48 41 20 8 30 16 26 6 29 45 4 27 36 15 14 42 10 37 38 23 39 11 31 33 34 5 47 9 21 22 44
13 5 41 34 46 10 22 11 36 2 25 1 48 43 45 39 19 47 26 44 23 18 17 33 38 28 42 16 14 21 9 27 30 3 40 37 15 6 12 7 32 35 24 8 31 29 20 4
48 32 30 15 6 39 20 47 7 28 21 23 22 40 3 1 25 13 46 38 19 16 44 35 34 12 5 45 9 43 36 18 29 8 26 41 31 33 37 2 27 10 4 14 17 11 24 42
30 18 42 19 34 9 10 48 47 35 5 2 7 23 33 27 4 3 15 39 14 26 41 43 37 24 29 25 17 12 6 8 13 22 31 16 11 46 20 28 45 44 21 40 36 1 38 32
15 43 24 40 31 37 2 23 11 33 1 27 39 29 44 14 22 16 18 42 35 17 3 6 12 10 32 47 41 25 46 38 28 5 48 7 19 36 21 34 20 9 8 4 45 30 13 26
5 39 6 2 25 4 44 3 32 27 17 29 16 45 38 35 46 36 9 26 28 7 21 47 11 19 34 8 22 1 30 20 15 24 13 31 48 10 40 33 41 23 14 12 37 43 42 18
28 40 27 11 29 42 33 43 20 10 26 8 34 6 13 45 12 31 16 14 15 32 30 3 35 36 9 38 4 46 39 1 24 48 41 5 17 37 18 19 44 25 7 23 21 47 2 22
35 33 16 30 7 24 41 39 4 29 47 6 43 9 11 2 42 44 28 36 32 10 22 45 26 17 27 13 3 38 21 40 48 14 15 34 5 18 25 12 19 1 37 20 23 46 8 31
29 20 17 3 35 15 24 13 39 11 34 36 41 12 8 4 5 25 40 32 48 33 6 7 28 38 10 37 47 9 43 23 2 46 16 26 44 1 45 21 14 18 22 31 42 27 19 30
33 9 31 25 14 6 34 42 37 13 29 45 4 30 7 3 38 35 8 40 22 47 19 46 21 16 41 10 23 48 17 39 20 44 1 24 27 12 36 11 2 15 18 43 5 26 32 28
16 7 28 13 1 3 17 31 12 24 37 32 47 11 48 9 39 38 34 8 21 36 27 19 41 22 46 5 6 10 35 44 40 15 30 25 29 43 4 23 18 2 20 42 26 45 33 14
44 46 7 14 16 19 3 30 2 45 33 11 32 20 47 31 10 42 25 23 43 37 26 36 27 5 17 12 24 15 1 48 9 38 8 6 34 28 39 22 29 4 13 41 18 40 21 35
20 23 44 32 45 48 5 7 6 22 24 16 30 8 43 15 3 1 29 31 27 9 33 10 47 35 28 41 46 40 13 42 21 39 18 14 38 25 17 4 37 12 2 19 11 34 26 36
40 29 1 31 32 20 42 46 38 9 39 10 14 37 24 47 17 19 21 33 44 12 23 11 48 8 6 30 45 35 22 26 4 18 27 28 3 7 15 41 5 13 34 25 43 16 36 2
3 25 8 17 42 14 28 29 13 26 40 30 10 33 34 12 45 24 5 21 2 1 43 9 46 20 44 48 38 32 31 35 11 4 7 47 37 22 16 15 36 41 19 6 27 39 18 23
23 34 22 16 2 33 1 38 35 19 9 7 46 48 30 17 20 28 45 24 36 41 5 25 14 43 8 21 31 37 29 13 44 12 4 27 47 32 10 18 3 26 6 39 15 42 40 11
45 21 47 8 24 41 48 40 9 14 2 22 11 42 19 29 15 33 17 13 25 44 37 12 20 3 26 43 30 28 34 4 18 35 36 1 16 39 23 27 7 31 32 38 46 10 5 6
14 11 34 26 4 29 39 21 33 47 22 15 1 24 18 25 30 43 3 9 46 20 8 32 13 31 36 7 19 23 12 16 27 17 28 10 2 42 38 45 35 5 48 44 40 41 6 37
24 38 25 36 26 27 23 16 22 6 43 37 8 19 31 40 32 11 44 20 10 3 7 41 21 4 14 18 29 39 33 46 42 1 34 30 13 47 48 5 9 17 15 28 2 35 12 45
27 24 40 48 28 46 8 32 16 43 7 5 35 13 37 42 23 29 19 12 20 22 10 15 11 44 18 2 39 36 41 6 47 31 21 3 30 45 14 9 34 38 17 26 25 33 4 1
25 41 13 29 17 26 19 12 10 39 31 43 37 16 36 6 44 27 33 2 45 35 4 23 7 30 24 15 18 21 38 11 46 42 47 9 8 14 34 20 40 28 1 3 32 5 22 48
19 22 21 33 40 30 25 10 8 2 15 20 38 44 14 13 6 17 36 29 31 24 18 27 28 32 3 9 48 4 26 7 37 34 5 35 42 11 1 39 47 16 41 45 23 12 43 46
46 31 30 28 15 35 43 5 3 8 41 34 23 21 25 37 27 10 47 11 12 7 48 14 44 13 39 36 40 20 4 32 22 2 19 18 1 17 26 42 16 6 38 33 9 24 45 29
8 35 42 44 20 31 9 27 5 7 19 18 21 28 16 36 2 45 24 6 23 25 14 39 4 1 15 3 37 33 40 43 32 26 38 22 41 48 47 17 11 30 12 46 10 13 29 34
47 15 39 20 43 8 13 9 26 37 16 3 6 31 10 24 36 32 12 42 40 34 29 22 45 25 2 17 11 41 5 18 28 23 35 46 4 21 19 48 1 27 44 7 30 38 14 33
38 2 9 39 27 28 7 6 15 48 13 19 12 26 5 10 8 37 11 46 1 30 24 18 31 34 40 14 36 44 25 33 16 41 45 21 43 4 35 32 23 22 42 29 3 20 47 17
6 48 4 45 18 43 27 36 17 28 32 13 2 38 15 46 31 12 41 10 14 9 25 34 29 26 35 19 21 5 11 23 3 16 22 7 40 44 33 8 24 39 30 1 47 37 42 20
7 8 23 27 33 13 45 15 19 40 35 17 36 18 41 28 47 22 30 26 24 38 11 1 6 16 42 4 5 29 37 14 10 25 43 2 32 34 44 46 39 3 31 48 21 9 20 12
39 45 41 22 19 17 15 34 48 38 44 23 24 2 9 11 21 46 4 5 37 31 47 16 35 7 30 33 10 26 42 36 12 40 6 32 14 27 8 29 43 20 25 18 28 3 1 13
18 17 43 37 42 36 14 24 9 29 48 33 27 10 6 5 34 15 38 44 13 26 31 20 8 46 23 32 1 45 47 21 39 30 12 41 22 35 7 25 28 40 11 16 4 19 2 3
11 36 6 23 44 45 20 1 41 46 4 40 28 39 12 32 13 9 26 43 30 33 15 21 22 5 25 31 34 17 7 47 29 19 3 38 18 2 27 35 8 37 16 14 42 48 10 24
4 47 3 5 12 21 37 44 1 20 9 25 33 17 2 22 35 48 32 41 34 18 39 26 38 28 43 16 13 27 14 30 45 36 29 40 23 8 42 24 6 19 46 11 31 7 15 10
48 9 16 1 23 22 40 18 28 25 29 12 3 5 26 39 33 41 27 32 42 13 35 37 36 15 8 47 7 24 21 34 17 20 11 31 6 19 2 14 4 45 10 30 38 44 46 43
22 5 31 41 30 38 18 25 45 12 10 24 9 32 4 20 11 42 43 14 35 1 16 13 27 23 33 34 40 19 29 37 26 47 2 17 7 3 28 6 46 48 39 15 8 36 21 44
13 37 36 12 46 11 29 19 18 27 21 14 44 25 39 41 47 30 9 3 28 10 20 40 33 38 4 1 23 31 24 15 5 45 17 34 42 6 43 16 26 7 32 35 22 2 48 8
29 30 27 18 47 44 22 28 25 9 8 35 7 41 23 16 14 38 31 15 26 48 40 46 34 17 45 5 33 43 10 19 1 4 39 11 20 24 36 3 2 32 42 13 12 6 37 21
43 44 26 24 29 12 6 17 42 36 27 2 46 4 28 9 41 21 14 1 7 19 3 31 25 18 48 35 20 13 16 40 8 11 32 37 10 5 30 38 33 34 23 47 45 22 39 15
23 1 28 21 26 45 11 14 40 35 5 41 20 15 32 19 43 34 2 8 39 17 27 9 37 33 13 44 12 25 46 22 7 10 47 24 30 29 4 31 48 36 6 42 16 18 3 38
28 42 14 6 24 34 5 11 31 15 38 45 13 46 22 2 48 36 20 47 8 32 21 17 19 29 39 10 9 12 44 3 35 27 4 16 1 26 40 30 25 43 18 37 41 23 33 7
42 12 48 9 25 1 2 41 14 34 46 44 4 22 20 30 16 28 35 17 3 45 26 37 18 8 24 39 31 47 19 38 43 32 10 6 29 40 13 7 27 33 15 23 36 21 11 5
37 4 15 38 39 26 34 20 43 33 12 48 40 35 21 44 46 24 7 27 18 16 28 2 3 13 9 11 6 8 31 25 30 42 19 5 22 23 29 10 45 14 41 36 1 32 17 47
33 19 11 10 2 27 44 23 7 3 25 39 26 14 40 48 9 31 5 35 38 4 6 30 12 22 21 45 29 18 47 42 36 41 37 20 8 15 32 43 13 46 1 17 24 28 34 16
3 27 17 8 15 32 1 22 33 41 36 30 48 34 46 7 24 39 28 40 11 47 5 4 26 25 12 6 14 16 18 31 19 38 42 9 45 20 10 37 21 23 44 43 35 29 13 2
26 10 12 29 9 43 33 8 35 13 30 4 34 1 42 14 38 47 18 23 15 36 17 45 16 44 41 22 39 19 3 27 6 5 20 48 25 46 21 2 32 11 40 31 37 7 24 28
25 13 19 28 31 22 3 29 2 10 26 27 18 40 1 34 32 35 39 37 48 42 36 47 46 21 44 20 16 11 8 9 15 12 23 4 43 38 45 6 30 5 14 33 17 24 7 41
12 28 37 35 6 33 32 47 19 5 18 9 10 36 25 26 27 44 1 4 16 46 13 7 43 41 29 24 45 3 17 20 38 15 22 8 48 31 34 14 42 21 2 40 39 11 30 23
24 16 2 26 14 11 4 35 3 32 20 42 22 23 7 33 45 1 13 34 17 43 47 28 10 27 46 25 30 29 9 39 31 21 40 15 12 41 37 36 38 6 48 44 5 19 8 18
10 7 29 2 28 8 17 42 4 30 23 6 16 3 35 38 36 20 46 39 21 37 45 48 5 19 34 12 27 43 33 1 13 31 14 25 41 18 47 24 22 9 26 11 44 15 32 40
30 3 38 25 5 7 42 48 24 45 47 10 32 43 6 27 44 4 15 36 2 8 19 1 41 20 26 40 18 17 35 22 23 46 21 39 14 33 11 9 31 28 12 13 34 37 16 29
15 18 24 37 7 35 31 19 10 11 3 29 17 9 12 21 30 14 47 22 5 44 43 6 2 32 16 46 41 45 1 4 48 40 34 26 27 36 23 28 20 8 33 39 13 25 38 42
47 4 32 34 40 29 41 46 21 31 17 1 14 39 23 43 15 2 10 18 33 6 48 38 24 37 36 28 22 13 20 5 25 3 30 27 11 9 16 42 12 44 7 8 19 45 35 26
21 40 35 20 45 46 36 26 11 12 28 32 39 27 41 3 7 13 23 38 10 29 44 33 22 31 5 8 24 30 34 17 2 1 43 47 15 37 14 16 18 42 19 4 9 6 25 48
5 14 46 36 4 31 28 3 13 20 45 34 1 15 37 12 6 16 8 21 19 11 24 35 32 30 27 38 48 2 41 47 33 23 44 29 39 40 18 7 9 43 17 10 22 42 26 25
41 47 18 43 10 36 39 9 8 24 2 40 19 17 15 29 42 6 33 11 46 12 34 13 23 4 28 21 37 32 30 44 7 48 1 14 35 16 3 25 5 26 38 20 27 22 45 31
27 33 10 48 38 28 47 1 32 17 43 12 11 21 31 25 22 3 14 15 29 7 23 42 37 24 40 30 4 20 45 8 41 44 16 18 13 19 9 26 36 2 34 6 46 39 5 35
31 12 45 16 36 13 37 28 15 26 33 17 8 30 10 39 40 7 44 14 32 24 22 20 9 6 38 29 3 41 25 19 43 2 48 42 4 23 1 5 21 35 11 34 18 46 47 27
7 32 11 33 27 2 30 18 38 16 42 31 45 24 29 8 23 25 6 48 4 41 37 21 34 43 3 13 46 14 40 28 39 19 36 10 47 1 20 35 44 22 5 12 26 17 15 9
11 24 2 3 48 17 16 30 44 39 1 22 43 18 4 20 8 37 21 9 7 5 15 14 46 10 32 42 38 27 6 26 23 35 45 28 34 12 41 29 47 40 31 25 33 13 19 36
16 31 33 42 17 21 24 32 12 40 34 36 30 4 11 37 5 8 20 23 45 15 25 22 19 9 18 43 47 48 7 46 38 39 28 1 2 10 6 44 3 27 13 41 35 26 29 14
35 42 14 44 34 6 46 38 36 8 41 43 13 29 27 16 31 22 25 4 37 18 10 3 15 1 17 48 7 21 23 32 9 24 26 30 28 20 5 39 40 19 47 2 12 33 11 45
45 1 43 40 16 12 26 27 6 29 31 5 37 42 30 17 25 33 34 24 41 28 32 23 21 47 14 11 44 9 36 2 35 18 8 19 38 22 48 46 13 15 20 7 39 3 10 4
40 45 8 17 13 44 21 5 48 18 4 19 41 26 9 11 20 10 16 33 31 14 29 12 47 42 6 46 36 24 2 35 30 34 27 43 3 25 22 32 39 7 28 1 15 23 38 37
44 17 31 30 35 41 43 33 9 27 46 8 42 5 3 4 1 19 36 40 22 25 11 24 18 7 10 37 28 39 15 14 26 16 13 12 32 34 38 23 2 29 21 45 47 48 20 6
6 44 28 23 19 3 45 20 16 9 8 18 27 46 36 31 13 42 11 47 25 48 41 34 1 12 2 40 21 33 4 37 10 26 7 35 24 38 39 15 43 14 22 29 17 5 30 32
36 30 46 18 1 38 10 45 47 37 21 42 7 41 28 35 34 5 23 31 13 4 8 27 48 3 15 39 17 26 11 6 44 14 12 20 40 32 19 43 29 25 2 24 16 9 22 33
46 13 12 21 3 14 20 23 17 35 30 24 5 31 44 7 28 29 45 43 27 9 42 32 6 48 22 41 19 10 26 33 1 37 15 36 16 2 25 4 34 47 39 38 8 40 18 11
39 19 9 31 32 42 38 34 46 13 29 11 15 28 2 18 10 27 7 1 24 3 30 43 8 36 47 20 25 44 48 40 45 22 5 4 26 6 12 33 16 17 37 14 41 35 23 21
8 27 6 32 43 30 22 24 29 34 48 7 47 45 39 42 21 9 26 10 36 20 33 41 16 35 13 38 15 40 12 11 17 25 23 28 5 46 44 31 1 37 3 18 4 2 14 19
19 41 16 22 33 34 11 25 28 43 12 44 40 6 14 10 4 2 31 26 9 42 7 15 27 39 21 36 32 38 37 48 24 20 35 29 18 17 46 8 30 1 23 5 45 47 13 3
18 43 17 14 20 46 9 42 41 36 38 35 23 25 45 22 11 15 2 16 12 47 13 26 29 34 6 30 10 28 5 7 21 8 31 39 37 3 33 48 32 4 27 19 40 44 1 24
5 37 3 27 22 41 14 44 26 15 19 16 25 32 38 24 29 4 43 8 34 35 18 36 12 23 1 28 2 42 45 13 47 17 39 11 46 21 7 20 6 33 9 48 31 10 40 30
13 36 1 11 28 19 48 6 37 25 40 14 24 33 22 2 42 43 35 45 39 17 31 16 26 47 32 9 46 12 38 34 29 23 18 3 21 4 27 30 41 10 8 15 5 20 7 44
41 9 35 12 45 17 7 15 22 47 13 39 20 2 16 19 3 38 40 36 1 32 4 18 33 30 28 44 5 37 14 10 8 46 25 42 31 29 26 27 11 48 24 23 21 43 6 34
30 5 38 1 7 27 44 14 2 46 23 3 9 10 21 32 17 48 19 29 16 13 39 25 36 6 18 8 11 22 42 43 31 37 20 26 33 47 15 41 4 45 40 28 24 34 35 12
21 10 36 24 5 33 35 31 20 48 37 4 28 40 32 45 2 13 46 41 11 26 14 39 25 15 42 29 34 47 43 27 22 30 6 9 19 7 17 38 8 23 16 3 44 18 12 1
22 25 48 13 18 20 34 43 40 7 44 29 10 14 26 47 39 16 32 2 38 46 21 4 3 5 15 24 8 11 6 45 12 36 33 30 37 28 35 17 42 31 19 9 1 41 27 23
23 15 19 39 2 48 25 11 5 33 36 27 44 22 24 21 43 45 28 35 6 40 17 47 7 9 3 34 13 46 32 29 42 4 26 1 20 8 31 18 14 41 30 16 38 12 37 10
47 21 7 45 1 6 18 36 25 31 9 37 30 23 20 5 26 41 39 38 14 33 29 19 44 4 12 10 35 15 22 42 48 11 3 8 40 27 28 2 24 34 17 46 43 16 32 13
38 48 29 15 17 22 8 10 1 41 28 30 33 35 40 36 14 6 9 3 46 19 20 2 11 31 26 21 42 4 39 16 5 44 45 13 47 24 23 34 25 18 12 32 37 27 43 7
14 2 27 9 37 29 6 21 7 5 24 15 17 34 18 33 19 11 12 44 20 39 1 30 23 16 25 22 48 8 41 38 36 42 40 10 32 31 13 45 28 3 47 35 46 26 4 43
27 28 20 41 9 15 2 16 22 45 7 25 3 44 13 14 46 26 24 6 8 34 47 40 42 12 5 18 23 31 30 39 19 1 38 37 35 11 48 10 33 32 4 43 29 36 21 17
4 29 15 33 31 1 19 7 42 30 14 13 45 9 46 38 12 32 41 39 44 22 16 17 5 10 27 35 43 36 34 23 6 18 24 47 28 26 8 11 48 20 25 37 3 21 2 40
45 37 44 29 4 12 23 47 32 10 5 33 36 27 8 30 9 39 1 25 21 16 40 46 41 24 38 48 14 18 17 31 13 34 28 43 7 35 6 3 19 42 15 22 11 20 26 2
10 16 26 44 48 21 40 12 18 38 27 9 19 1 5 34 7 47 29 46 15 2 41 6 45 43 31 37 28 25 13 20 4 24 11 22 23 39 3 42 35 36 14 30 32 17 33 8
6 20 45 22 10 9 42 40 24 26 18 2 32 39 19 28 8 12 33 5 23 36 11 35 14 13 43 31 3 30 47 44 15 21 4 25 17 48 41 37 27 16 29 1 7 38 34 46
15 8 37 30 12 28 1 39 44 32 10 20 4 43 34 6 47 3 17 27 26 29 5 33 2 7 36 13 11 16 35 9 14 19 42 18 24 45 22 21 31 48 38 40 23 46 25 41
48 7 24 28 34 32 29 41 43 37 45 10 12 16 33 9 23 20 44 17 30 8 36 13 38 3 22 5 1 35 25 15 27 47 21 19 26 14 40 6 46 18 31 4 2 42 39 11
20 43 33 10 23 38 5 22 8 19 25 48 39 41 42 3 27 14 4 37 40 1 32 26 13 21 46 12 30 45 24 36 2 31 44 17 18 15 7 28 9 11 35 29 34 6 16 47
1 30 42 11 38 3 36 29 14 44 39 6 35 19 48 40 24 25 27 9 2 31 28 18 20 32 10 43 47 23 21 17 37 12 41 15 16 7 26 22 5 46 34 8 13 33 45 4
29 46 18 38 39 43 13 8 21 17 20 41 16 25 23 48 35 33 6 32 12 45 44 27 10 1 47 14 4 3 11 28 7 40 36 34 2 5 31 9 15 37 22 26 19 30 24 42
7 5 10 2 40 26 27 14 13 3 35 23 1 36 30 4 6 34 37 20 19 41 45 21 31 48 44 15 38 33 46 11 18 32 8 12 43 42 9 16 29 39 28 24 25 47 17 22
40 2 32 8 36 45 34 33 47 28 26 30 18 3 20 29 5 7 38 22 41 6 23 42 12 27 14 1 24 9 15 21 19 16 13 35 4 44 25 43 11 31 37 17 10 48 46 39
33 45 1 42 24 30 28 17 31 11 32 15 14 48 9 26 25 44 13 21 18 38 10 16 47 35 23 27 41 22 40 6 3 2 12 20 46 19 4 34 7 29 5 39 36 43 8 37
43 22 23 18 3 44 15 46 10 24 16 32 6 17 41 1 11 35 47 34 28 12 7 38 21 37 40 45 39 19 4 8 5 27 2 14 13 31 33 30 26 25 20 48 42 9 36 29
9 36 41 40 13 4 31 15 37 12 47 2 38 14 1 35 22 28 5 42 45 19 8 44 43 20 17 23 25 29 33 32 46 39 27 48 3 24 21 18 30 34 6 10 26 11 16 7
42 26 20 12 27 36 2 21 39 6 15 40 41 33 22 37 32 19 10 18 25 44 13 28 35 29 4 16 17 5 8 47 31 14 1 24 38 23 11 45 43 3 7 46 9 34 48 30
31 27 12 24 19 2 4 43 9 22 17 34 37 13 18 11 16 46 21 48 5 39 25 15 28 42 41 7 36 32 44 33 30 3 35 40 14 8 1 10 45 38 26 23 20 29 47 6
30 23 27 14 35 31 17 10 45 43 22 37 46 40 12 13 44 1 20 5 48 4 6 36 32 28 16 42 34 21 7 25 8 38 15 11 41 39 19 2 18 26 33 3 47 24 29 9
28 9 46 21 14 8 41 20 12 40 42 19 7 6 24 25 1 22 3 36 33 16 31 43 23 26 39 11 37 17 29 18 13 48 30 27 34 47 10 4 38 45 44 32 2 35 5 15
35 10 28 1 44 7 48 30 11 29 33 14 20 2 46 22 38 17 8 4 3 47 39 31 34 16 9 25 13 24 19 26 40 41 32 5 6 27 18 15 36 12 21 42 23 45 37 43
11 16 39 17 6 24 18 25 33 8 1 45 43 10 14 44 40 15 12 27 35 34 37 41 48 19 29 46 21 2 20 30 36 26 7 4 31 28 5 32 23 47 9 13 22 3 42 38
36 11 6 31 16 35 43 40 26 5 4 17 34 22 13 7 19 8 18 46 42 28 30 37 9 25 24 20 44 41 23 38 33 15 48 21 39 29 12 3 47 32 1 14 27 10 2 45
18 41 42 36 20 13 9 11 38 25 3 39 19 21 28 12 48 5 30 17 29 26 34 47 24 14 2 40 46 1 10 37 32 35 31 6 8 16 43 7 44 23 27 45 15 22 4 33
17 15 25 20 22 11 8 45 6 38 41 13 32 12 5 46 34 31 43 44 1 2 24 23 7 30 33 47 29 39 36 35 9 10 16 26 48 4 14 37 27 21 3 28 42 40 19 18
12 44 29 32 43 34 30 16 4 15 27 33 24 8 40 3 31 10 11 37 47 35 19 9 22 21 45 6 5 13 18 2 14 48 20 46 25 26 38 42 28 1 41 7 36 23 39 17
8 25 45 48 44 14 21 47 20 18 5 9 16 34 29 40 30 11 24 3 22 38 33 12 19 41 23 39 31 26 1 46 6 42 43 17 27 32 13 36 4 10 2 15 37 7 35 28
24 42 3 6 32 47 11 19 7 48 12 25 4 35 26 8 36 9 39 29 10 13 22 45 15 31 1 17 20 16 2 43 41 46 40 30 5 14 23 27 37 33 18 38 28 44 21 34
13 21 40 19 23 44 7 5 1 30 2 35 6 45 3 28 26 14 29 8 9 24 4 39 36 22 17 33 10 11 37 48 25 38 47 16 12 15 27 20 42 41 46 31 34 18 43 32
44 47 35 15 29 38 20 6 40 7 18 23 3 31 45 17 28 39 25 2 4 43 26 22 37 8 34 30 16 27 9 19 12 21 10 13 33 42 36 48 14 5 11 41 46 32 1 24
22 28 33 43 15 29 47 27 41 10 25 12 48 26 4 38 13 21 36 31 20 5 35 7 11 34 9 42 8 37 30 39 1 40 44 32 23 3 45 14 46 19 6 18 24 2 17 16
41 17 8 35 40 20 14 31 19 16 30 29 38 27 36 43 45 48 9 6 13 18 1 24 46 10 47 2 7 23 44 5 37 11 21 39 32 22 15 26 25 4 42 12 33 28 34 3
14 1 43 27 6 30 25 35 5 41 32 4 36 23 47 34 20 37 33 26 31 8 18 3 39 13 40 19 45 48 12 16 42 44 17 10 21 11 46 29 24 15 28 9 7 38 22 2
38 35 37 34 47 21 6 12 27 9 17 8 33 5 42 24 29 3 40 23 11 45 14 10 18 43 46 32 2 30 39 28 4 22 25 31 20 48 44 41 1 7 13 19 16 26 15 36
25 13 2 39 38 9 22 24 48 36 26 43 8 30 37 19 14 47 4 33 27 10 46 32 1 44 28 41 18 3 31 7 15 20 34 42 17 35 40 21 6 16 23 11 29 12 45 5
26 34 24 42 43 36 30 9 16 35 13 28 11 48 21 14 4 29 2 45 46 20 15 1 3 7 6 8 32 12 40 23 22 25 19 18 44 10 39 38 41 27 5 47 17 37 33 31
21 3 5 13 34 15 44 48 36 46 43 10 17 28 38 18 27 26 7 11 23 25 20 30 42 12 41 37 22 31 4 40 2 47 29 1 45 33 32 6 9 14 39 16 8 19 24 35
46 31 7 23 19 3 12 4 28 34 24 1 15 32 11 30 10 38 41 39 48 40 27 25 26 5 8 21 35 45 16 6 29 43 18 37 47 17 20 44 33 22 14 2 9 42 36 13
23 40 15 3 14 22 39 26 29 31 7 20 18 46 35 27 21 32 44 42 34 1 28 2 33 9 10 24 19 8 41 45 16 37 4 43 38 25 30 11 5 36 47 6 13 17 48 12
30 41 23 5 7 8 32 36 35 45 21 3 39 42 25 2 17 6 19 47 37 11 40 4 38 33 48 34 27 46 14 13 18 24 26 9 22 20 16 28 31 44 29 43 10 15 12 1
42 32 26 9 22 4 28 34 14 33 11 48 25 39 16 10 3 45 35 1 21 41 47 19 6 15 13 23 30 36 7 29 24 2 38 8 18 43 17 46 12 37 40 20 31 5 44 27
37 20 31 16 13 2 23 44 32 26 47 22 45 6 8 48 39 12 34 19 40 46 36 9 14 24 5 18 15 43 33 4 28 41 42 25 30 21 29 35 17 1 38 11 3 27 7 10
5 9 19 18 36 7 42 32 8 47 20 11 12 29 10 33 43 2 46 40 16 22 23 34 45 3 39 1 38 15 21 31 27 14 30 48 37 6 4 17 13 28 24 35 26 41 25 44
16 37 44 30 33 19 10 28 1 6 22 27 14 4 23 31 42 43 15 38 24 36 21 12 13 32 29 9 41 17 46 34 7 5 39 11 2 45 47 8 18 35 20 40 48 25 3 26
28 29 18 41 3 13 5 22 21 37 39 7 9 17 19 26 23 27 6 24 30 33 16 38 2 46 31 15 4 25 48 10 43 32 45 47 40 34 35 42 20 11 12 44 1 36 8 14
39 8 48 26 35 31 45 23 18 27 37 16 1 40 9 4 2 13 38 10 22 15 5 20 29 6 43 12 17 41 19 14 47 30 28 3 11 36 7 24 34 42 44 33 25 21 32 46
19 33 17 32 31 43 27 39 10 28 23 18 22 8 34 6 46 24 37 15 29 14 48 45 5 42 38 7 3 9 47 36 12 4 11 13 1 40 2 25 35 26 41 30 44 16 20 21
12 35 14 28 39 34 24 7 2 17 42 5 27 16 32 11 8 41 31 25 18 29 6 44 47 36 45 13 9 22 26 20 10 23 43 30 15 1 3 21 19 40 4 37 38 33 46 48
27 43 9 38 42 24 35 17 31 40 45 6 10 41 39 36 30 4 1 16 47 7 19 25 11 28 44 14 34 32 15 3 21 8 2 29 13 12 33 48 22 20 37 5 18 46 26 23
47 48 36 29 37 46 13 30 3 39 31 34 23 12 44 32 7 16 27 35 42 9 45 10 41 21 4 43 33 24 1 17 15 18 20 22 19 5 28 26 38 2 8 25 11 6 14 40
9 12 16 45 27 11 48 38 17 15 40 32 21 37 31 13 44 33 23 43 28 46 30 24 25 47 2 5 22 10 8 26 1 3 36 14 35 39 41 18 7 29 34 42 4 19 6 20
40 13 15 44 10 45 38 46 42 43 48 37 35 21 33 16 47 30 14 41 2 17 11 1 22 4 25 6 5 20 24 18 3 36 23 31 34 28 12 29 8 19 26 7 32 39 27 9
33 24 38 48 18 26 40 11 20 13 35 41 47 36 6 29 15 44 16 32 17 43 42 28 8 1 22 10 23 5 2 27 30 34 14 46 4 31 21 37 3 12 7 45 19 9 39 25
20 11 21 16 24 28 17 10 47 3 8 36 46 14 12 9 31 43 32 19 1 6 34 2 27 30 26 4 25 33 29 44 37 45 48 40 7 35 38 39 15 18 22 41 5 23 13 42
10 30 1 43 25 35 29 42 15 11 14 31 7 44 2 21 33 20 17 24 3 32 8 19 28 23 16 45 37 4 22 9 41 12 34 5 46 26 18 36 40 38 13 48 39 27 47 6
16 23 10 13 46 32 9 17 4 35 38 33 42 3 7 37 1 27 34 48 5 40 44 14 43 41 24 31 47 2 18 25 26 39 15 28 6 19 45 20 29 21 11 36 12 22 30 8
43 44 31 14 26 20 18 41 19 46 28 6 30 34 40 45 48 24 13 38 10 7 37 22 1 5 15 25 39 29 9 2 4 27 21 36 3 11 16 23 32 8 33 17 47 12 42 35
24 7 5 1 15 41 19 4 6 34 10 40 13 25 27 48 38 12 28 37 11 35 33 32 20 39 36 22 44 18 23 42 46 31 3 21 16 47 9 14 2 45 30 29 43 26 8 17
29 46 23 34 32 1 4 31 9 14 33 2 26 22 30 20 25 5 10 39 43 45 7 11 37 38 27 47 8 21 36 3 17 19 12 6 42 44 13 41 28 16 35 18 40 15 48 24
48 37 47 33 23 14 36 8 13 44 24 9 41 31 29 39 34 28 27 5 12 10 32 3 15 26 18 40 42 19 25 4 22 35 38 20 43 46 11 6 1 7 2 16 21 30 17 45
6 19 32 35 20 21 12 25 7 10 23 27 31 2 18 44 41 34 8 3 33 5 29 36 48 46 14 11 15 40 37 30 13 16 4 42 28 17 39 22 45 9 38 26 24 47 1 43
31 4 11 2 12 15 21 43 37 5 19 22 34 45 16 47 6 38 35 23 32 36 41 7 10 24 44 27 28 13 20 17 14 26 29 39 9 8 1 30 33 3 25 46 48 18 40 42
23 14 16 20 29 27 6 3 12 7 43 15 17 13 5 18 32 10 30 33 26 25 39 42 24 31 8 44 35 28 11 22 9 19 1 4 41 45 47 2 37 48 21 34 36 46 38 40
7 21 17 15 2 12 11 34 40 36 9 10 24 1 4 27 23 3 19 6 8 14 22 41 18 13 5 38 43 35 30 32 48 20 25 47 16 42 29 44 26 46 39 28 31 45 37 33
18 3 4 21 1 28 41 23 44 12 15 16 37 9 38 5 39 25 20 22 45 24 10 30 26 8 6 19 36 29 13 34 40 48 27 43 14 33 46 11 17 47 7 32 2 42 35 31
21 31 18 17 4 33 8 16 11 25 39 13 23 6 45 3 22 7 5 2 9 15 26 47 44 12 36 32 20 30 34 40 35 27 24 1 42 48 43 46 14 41 19 10 28 37 29 38
11 22 28 6 9 29 14 18 27 32 13 48 15 10 3 12 20 21 45 47 23 33 35 5 46 40 1 41 7 43 16 19 2 36 8 17 26 25 44 42 24 39 37 31 4 38 34 30
8 26 29 42 16 6 20 40 5 9 47 7 30 43 41 22 12 45 15 10 35 2 27 4 33 48 46 39 19 11 17 1 44 21 13 37 25 14 36 38 31 34 18 23 3 32 24 28
15 10 44 8 28 46 7 29 38 22 1 45 21 33 48 35 19 6 47 18 4 11 24 40 39 14 34 17 27 31 23 37 36 5 42 26 20 43 32 9 41 25 30 3 16 2 12 13
46 15 41 39 37 47 44 6 24 16 40 43 45 34 26 36 13 33 11 9 20 48 17 23 19 42 4 3 2 18 10 21 38 1 7 32 28 29 14 35 30 5 12 8 25 31 22 27
41 2 36 22 27 24 23 44 45 31 48 3 47 38 42 14 40 32 46 11 13 29 20 43 28 37 35 30 16 1 9 33 5 8 39 10 21 34 26 4 6 17 15 19 18 25 7 12
22 36 37 40 26 45 43 48 46 18 41 19 44 35 30 25 9 29 28 14 15 20 31 39 42 34 33 47 1 21 38 8 16 3 32 27 24 7 5 10 11 4 6 12 13 17 2 23
37 27 48 36 44 38 22 35 16 30 45 1 46 17 21 43 34 26 6 42 39 12 32 15 14 29 23 2 24 28 31 11 19 18 41 25 47 10 20 7 9 33 8 4 40 13 3 5
26 45 35 19 48 3 27 39 43 24 42 18 20 14 8 4 11 46 1 16 38 28 29 37 2 22 41 40 31 32 36 44 6 15 33 12 17 23 25 34 5 30 9 13 47 7 21 10
38 17 9 23 42 26 39 45 41 48 28 12 27 25 35 1 7 30 37 34 36 13 21 31 29 32 3 4 18 33 40 14 8 11 19 16 43 22 6 24 2 10 46 15 44 20 5 47
36 34 43 37 26 35 30 7 48 41 3 27 11 12 28 17 14 16 38 31 6 1 13 32 20 29 33 22 39 2 4 45 25 42 10 15 40 21 19 8 44 23 47 9 5 24 18 46
1 47 19 36 27 32 22 41 7 45 37 17 20 44 23 25 10 11 28 26 39 31 14 21 9 18 12 34 13 16 30 29 6 4 33 24 2 3 35 5 38 15 42 40 43 8 46 48
27 40 38 11 2 8 6 14 26 17 7 3 22 9 28 20 30 4 13 29 24 34 16 12 36 15 39 21 42 25 35 10 33 37 18 19 48 47 23 31 32 45 41 43 46 5 44 1
6 30 7 12 20 17 19 24 36 46 8 2 3 13 16 33 11 14 4 39 34 18 1 27 22 21 23 5 41 26 37 43 29 32 31 28 9 40 15 45 25 35 44 47 38 48 42 10
28 17 24 2 35 20 38 12 19 30 22 9 18 21 42 15 6 13 10 32 11 8 5 25 3 44 26 33 29 23 31 36 27 47 14 16 41 7 40 48 46 4 34 39 1 43 45 37
14 7 11 45 13 30 41 15 22 20 26 5 48 2 25 19 29 28 6 16 38 3 47 9 8 4 17 35 10 12 24 18 31 43 21 46 37 23 27 33 34 42 40 1 39 44 32 36
13 29 14 23 15 36 11 5 16 33 4 25 10 22 30 24 21 2 3 8 27 17 7 31 41 18 38 12 34 46 9 39 47 45 48 6 32 44 20 43 28 37 1 19 42 40 26 35
17 5 31 3 18 11 15 26 12 41 16 24 14 29 13 8 25 22 30 35 32 44 19 38 6 37 27 45 4 20 46 7 21 39 47 40 10 2 9 28 48 1 33 42 23 36 43 34
25 28 9 27 23 1 17 44 47 26 33 8 35 18 24 13 4 32 14 15 12 20 2 10 37 39 31 7 3 21 43 11 42 40 45 48 46 6 30 41 16 36 22 38 34 5 19 29
45 34 20 14 24 13 25 22 17 8 31 30 12 4 23 16 3 9 21 11 7 19 33 18 42 10 15 43 1 40 2 48 46 41 44 29 38 39 6 5 47 32 27 28 37 35 36 26
30 42 23 10 12 9 21 19 13 27 14 18 2 5 22 6 17 11 7 4 37 38 40 39 28 20 35 44 46 48 1 47 8 3 41 24 45 36 16 34 43 31 15 26 32 29 33 25
40 20 33 37 39 14 12 36 35 47 3 6 9 38 8 29 5 4 27 44 42 1 41 11 32 7 43 46 45 10 48 2 16 15 31 25 19 34 13 17 23 22 26 24 18 28 30 21
4 14 8 22 19 24 13 2 6 29 17 32 25 40 11 26 41 37 23 45 47 12 36 48 5 43 3 9 30 1 44 46 39 31 16 21 7 38 28 10 42 33 35 18 15 34 27 20
5 16 19 31 29 38 10 21 45 14 37 20 11 39 18 9 48 12 44 41 43 7 15 46 1 47 2 27 28 4 8 42 22 34 40 3 35 24 26 32 36 17 13 25 33 30 6 23
38 27 32 19 6 22 23 35 42 37 34 14 13 26 39 2 9 44 41 1 16 46 30 43 45 28 48 15 40 5 47 31 4 8 36 20 33 11 3 7 18 10 24 17 29 21 25 12
9 32 48 24 3 2 47 38 37 6 28 4 39 35 14 10 44 19 1 43 40 41 46 7 13 36 45 42 18 8 11 5 17 26 20 12 34 15 33 31 27 30 23 29 22 25 21 16
39 1 3 40 32 4 2 27 43 38 10 35 7 36 37 31 47 41 16 25 46 22 48 42 21 34 13 11 44 24 18 33 45 30 23 9 12 28 15 6 5 29 8 14 17 26 20 19
37 43 2 29 25 21 5 20 3 34 18 36 40 31 44 1 28 30 46 38 48 47 42 26 7 19 41 14 11 45 33 27 32 12 39 10 8 4 22 24 35 23 6 13 9 17 16 15
47 8 35 5 34 45 18 30 40 48 11 19 44 41 46 43 42 1 12 21 10 13 4 15 31 6 29 37 33 38 39 26 7 17 28 36 3 32 25 23 22 27 2 16 20 24 14 9
29 48 26 34 42 43 31 28 9 44 12 37 33 46 1 45 36 47 40 17 13 4 6 41 11 25 21 30 24 39 38 8 5 35 32 27 23 22 10 16 20 2 3 15 19 7 18 14
35 25 36 46 1 42 40 45 39 24 21 29 26 32 33 44 8 48 43 31 41 9 37 22 38 3 10 23 17 47 20 15 28 18 19 34 13 27 5 30 11 7 14 2 12 16 4 6
42 36 45 38 10 19 35 47 44 18 48 41 1 8 29 32 2 46 26 40 17 39 43 34 27 33 9 28 31 37 25 30 13 24 12 22 6 3 23 14 7 16 4 5 21 20 15 11
22 40 37 35 44 3 1 33 48 31 41 34 46 42 21 38 43 39 17 36 15 29 45 30 47 26 25 6 16 28 32 13 14 23 18 19 24 10 2 27 4 20 5 9 8 12 11 7
41 2 47 33 48 44 36 32 46 45 42 23 43 1 40 39 26 29 38 37 28 31 25 24 34 9 16 10 14 27 13 35 30 22 17 18 5 12 19 15 21 8 20 4 11 6 7 3
43 47 46 44 38 34 48 39 29 28 36 1 41 45 35 30 40 16 32 42 33 26 31 37 25 27 18 24 21 13 22 23 19 11 10 14 4 20 17 8 6 15 9 12 7 3 5 2
1 44 43 48 33 31 32 46 41 39 45 40 42 19 36 47 27 26 37 34 25 35 20 28 23 22 14 18 38 17 15 6 24 16 2 8 30 21 11 4 12 9 29 7 10 13 3 5
44 45 42 1 46 41 43 48 33 40 35 39 47 37 27 34 38 17 24 20 31 28 23 36 12 30 22 25 32 19 29 16 18 10 26 15 21 5 7 3 9 14 11 6 13 8 2 4
