81437 71193 58805 50006 44725 38294 38294 35229 33746 32851 29511 26877 26126 24116 22016 21862 21626 20302 20302 19042 16968 16689 15523 14388 12475 11724 9630 9598 11078 7757 8733 6769 7053 5836 6053 5974 5263 5829 4894 4485 4808 4574 4574 4548 4214 4009 3785 3785 3429 3334 3150 3253 2719 2749 2165 2359 2221 1786 1792 1839 1736 1474 1391 1392 1229 1291 1240 1158 1092 1066 994 942 929 773 784 823 736 751 711 645 630 571 494 462 469 449 413 352 346 333 319 294 277 259 266 243 234 215 222 205 194 179 169 158 149 142 127 144 127 111 93 105 106 96 93 84 84 82 71 72 69 68 56 55 47 48 50 47 38 44 38 37 34 31 29 31 26 26 24 20 22 21 19 20 17 19 16 15 14 14 13 12 12 12 11 11 10 9 9 8 8 7 6 6 7 6 5 4 4 4 4 4 4 4 3 3 3 3 3 3 3 2 2 2 2 2 2 2 2 1 1 1 1 1 1 1 1 1 1 1 1 1 1 1 1 1 1 1 1
29 13 11 4 27 48 39 31 10 25 28 37 44 47 35 43 46 19 21 40 1 2 24 16 32 33 22 5 7 15 38 18 41 3 26 8 34 23 45 42 6 17 12 20 30 9 36 14
30 31 11 42 47 15 34 33 26 38 17 3 27 29 9 43 24 14 37 19 48 10 18 32 22 8 35 44 39 5 12 23 41 2 36 20 16 40 25 28 46 21 1 45 4 13 6 7
7 25 5 34 14 44 42 35 16 3 12 33 30 11 26 28 43 37 32 41 17 47 48 9 10 39 22 6 20 18 24 21 40 29 36 38 27 1 15 31 23 45 46 2 8 4 19 13
20 43 38 12 10 48 13 3 11 22 47 5 46 36 44 19 9 27 21 17 35 34 16 41 25 45 29 31 24 1 30 15 39 33 26 32 28 23 2 40 14 18 37 42 6 8 4 7
32 36 38 39 46 7 27 14 44 3 19 29 24 8 5 18 41 12 9 11 10 28 25 2 34 6 4 47 13 43 21 22 16 1 42 26 33 23 37 48 17 30 40 31 45 20 35 15
17 42 35 3 48 26 21 6 20 1 12 18 15 46 10 45 14 38 31 34 2 43 41 16 24 37 22 19 27 9 25 30 40 33 11 4 13 44 47 28 23 32 29 5 7 36 8 39
11 13 39 12 9 16 18 10 14 3 7 28 33 8 5 44 15 19 4 35 41 30 24 34 37 43 6 36 26 46 23 20 29 48 31 38 17 42 1 47 45 21 22 32 25 40 2 27
12 5 1 18 36 43 31 20 47 9 11 13 27 25 32 4 48 29 34 41 30 46 45 33 6 22 26 35 16 10 7 40 17 39 24 8 38 21 19 42 37 23 3 2 28 15 44 14
46 32 33 27 38 22 34 31 18 28 9 48 43 39 19 37 47 12 21 17 2 20 7 5 3 42 16 45 11 14 35 23 26 29 30 6 24 41 4 10 44 25 40 15 1 8 36 13
13 22 24 5 20 16 29 47 35 45 31 40 41 18 46 38 43 14 28 19 36 10 21 2 11 37 23 8 4 32 34 44 15 42 33 9 27 26 6 12 17 7 30 25 39 1 3 48
27 4 42 25 47 21 32 48 17 12 15 7 24 44 10 8 9 33 39 43 28 22 36 20 29 18 40 31 19 37 2 35 11 13 41 30 1 46 45 14 38 3 23 16 26 34 5 6
3 17 12 4 8 20 15 19 11 1 35 47 34 22 16 41 32 45 13 37 18 27 23 9 42 24 28 10 48 6 38 31 30 2 5 39 21 25 44 40 33 14 7 43 46 26 29 36
18 35 23 14 33 34 44 6 8 38 16 17 4 30 48 43 21 9 29 25 13 11 20 47 7 41 45 42 28 36 15 5 1 40 24 46 10 19 12 3 27 26 39 31 2 37 32 22
29 7 5 16 2 27 39 32 41 48 30 26 40 8 4 35 12 31 19 45 23 36 28 22 18 46 15 20 24 13 14 3 10 44 42 1 9 37 11 17 21 43 25 47 34 38 6 33
26 38 11 42 48 30 27 8 13 28 2 45 5 39 19 22 23 10 9 31 1 34 14 44 24 3 35 17 20 15 33 36 40 41 18 12 47 32 21 16 6 25 46 29 4 43 37 7
14 45 35 36 28 26 38 10 19 20 13 12 8 25 5 3 39 15 31 11 46 41 43 17 44 6 33 47 27 4 2 1 22 21 16 32 37 29 30 9 23 34 24 42 18 40 7 48
21 19 2 6 22 48 7 3 16 47 23 20 44 45 27 12 38 43 37 40 42 18 25 15 34 26 31 29 14 39 1 8 4 24 13 11 33 36 17 46 41 32 35 5 28 10 9 30
30 43 18 47 42 31 4 33 23 22 32 19 15 29 28 10 37 38 6 34 48 9 16 7 5 13 25 46 3 2 21 40 12 39 11 44 17 45 36 26 20 35 14 27 8 41 1 24
37 32 10 39 14 12 30 40 38 18 11 28 17 46 42 1 45 34 7 36 24 16 8 4 15 48 41 6 29 5 25 21 9 33 27 35 3 23 2 44 22 47 26 19 31 13 20 43
12 42 14 7 40 15 22 20 5 9 4 27 6 23 35 45 41 29 25 48 3 30 18 46 28 8 38 44 39 43 32 10 17 34 36 2 16 37 13 47 24 21 1 26 33 31 19 11
15 3 21 34 10 7 42 47 26 11 5 39 22 4 14 33 13 41 1 32 28 43 24 12 8 44 18 37 16 6 45 38 27 2 29 20 48 30 25 17 46 40 31 23 9 36 35 19
35 31 42 12 27 44 16 37 28 26 14 3 30 36 13 46 24 18 4 2 17 32 41 33 22 1 29 48 8 10 23 45 39 9 15 5 38 40 47 20 19 11 34 7 25 21 43 6
43 5 33 30 44 34 21 7 10 13 12 17 1 3 18 25 15 26 46 39 32 48 47 16 4 20 28 38 2 37 35 27 24 8 23 31 40 14 19 22 11 6 29 45 42 9 36 41
11 17 16 28 9 3 25 21 36 23 45 1 2 5 7 37 46 47 33 14 38 4 20 32 40 24 27 31 10 13 12 30 29 48 26 19 35 18 43 34 39 44 42 41 6 15 8 22
17 35 39 44 46 20 12 2 9 10 21 24 3 13 29 6 36 19 31 8 5 26 27 28 47 45 1 4 23 41 38 22 40 16 43 48 34 25 37 42 30 18 11 14 7 32 33 15
41 18 24 21 29 31 33 17 44 25 19 5 46 14 8 35 10 27 13 4 26 20 48 2 6 47 12 23 43 28 16 39 22 40 30 3 32 42 11 7 15 45 36 9 34 38 37 1
34 25 48 33 15 27 20 31 39 5 42 21 13 1 9 19 26 44 41 16 37 17 46 22 23 38 10 3 7 32 43 29 11 12 35 8 24 36 4 40 6 30 28 47 45 18 2 14
33 10 17 22 45 24 48 1 35 46 41 43 14 11 44 18 4 7 39 37 8 2 28 6 42 5 34 20 40 25 47 15 21 29 19 13 36 26 9 30 12 16 38 32 3 31 27 23
32 36 12 8 25 9 46 48 43 42 15 37 10 22 26 21 30 5 45 24 40 38 1 23 41 33 35 17 13 2 7 18 28 3 31 27 11 19 44 6 14 29 16 34 39 20 4 47
35 23 5 3 45 11 26 14 24 37 1 47 22 18 32 4 33 12 29 15 46 28 43 44 19 40 31 42 25 48 30 34 16 10 41 38 39 9 21 36 17 13 7 20 2 8 6 27
25 20 48 4 23 38 12 19 13 22 9 11 8 47 10 26 6 14 21 5 36 33 45 7 32 42 15 27 43 1 24 35 3 41 30 18 37 44 2 16 34 17 46 31 40 28 29 39
27 38 45 5 2 1 13 35 17 21 18 24 19 8 40 41 22 31 34 12 33 4 42 20 11 39 16 47 7 9 30 3 15 44 48 26 10 32 6 28 36 43 37 29 46 25 23 14
36 41 38 20 8 43 33 29 47 45 28 42 3 44 9 22 26 37 19 17 35 27 14 46 12 6 39 5 11 4 15 2 1 24 18 25 31 21 48 10 30 23 40 16 32 34 7 13
14 4 11 27 48 21 26 39 41 38 24 18 23 46 34 44 32 10 6 35 2 47 36 9 12 17 40 8 25 15 43 31 16 7 28 33 13 29 45 30 37 3 5 42 20 19 1 22
43 7 1 44 22 24 20 25 8 3 47 21 32 37 48 17 40 45 9 31 26 42 2 19 29 16 12 14 28 41 34 36 4 15 13 6 23 11 18 46 38 35 39 27 30 10 5 33
3 20 23 2 27 17 22 4 21 5 48 7 6 29 40 13 33 38 44 19 10 43 16 47 37 41 11 36 42 39 14 1 24 9 26 28 35 18 12 31 46 34 30 25 8 45 32 15
6 22 2 18 40 7 31 29 14 9 35 42 13 1 16 8 27 4 28 11 24 48 47 34 19 38 33 44 20 30 15 5 26 17 43 25 3 46 36 12 39 45 21 10 32 37 41 23
41 35 39 33 20 16 25 48 38 17 18 29 14 5 34 43 1 31 37 40 13 28 30 4 11 12 6 46 45 26 8 23 21 42 7 9 24 15 47 3 22 2 27 19 44 32 10 36
34 37 24 31 15 22 21 25 39 29 7 19 40 48 27 38 5 1 26 12 42 44 28 32 8 47 18 3 23 46 35 6 10 36 16 33 4 45 30 13 17 14 11 2 9 43 20 41
4 19 11 3 25 33 37 8 34 48 13 40 2 39 46 10 42 32 47 6 1 41 7 21 23 45 22 18 27 36 16 31 29 15 17 26 14 12 38 9 24 30 28 43 20 5 35 44
33 23 21 20 36 30 48 1 17 25 26 39 34 15 31 46 14 35 43 38 32 16 42 5 6 13 27 10 29 24 47 44 11 2 19 8 28 40 4 22 12 18 37 9 45 41 3 7
13 5 10 21 29 20 9 7 3 41 31 16 33 14 35 24 37 36 39 43 8 26 40 17 42 23 25 19 2 6 34 27 38 48 11 30 32 47 12 28 45 4 22 15 18 46 44 1
7 38 45 26 11 44 27 47 25 10 14 43 30 8 23 19 12 37 32 31 33 46 6 41 35 39 34 29 3 28 1 9 15 16 42 4 17 13 40 48 5 22 36 20 2 18 21 24
37 30 35 42 38 11 5 14 16 20 24 48 44 3 32 18 22 41 46 39 15 9 8 12 4 17 26 34 10 25 43 2 28 21 27 13 47 23 6 36 19 7 31 45 1 40 33 29
46 22 33 5 10 13 43 35 11 31 21 1 19 18 14 17 47 23 29 7 48 34 25 28 32 37 41 42 4 16 2 40 30 12 15 38 27 9 36 26 20 6 24 44 3 8 45 39
47 40 32 16 42 15 7 21 9 26 2 34 22 12 8 44 18 27 6 5 37 31 11 20 17 10 23 4 14 38 33 48 35 28 45 24 36 30 41 39 1 25 29 3 46 13 43 19
29 25 16 30 9 27 28 2 24 47 1 20 11 4 26 3 19 7 34 17 46 32 13 15 40 44 10 45 38 48 22 37 18 39 36 6 31 14 35 43 23 42 33 41 12 21 8 5
26 3 15 14 28 6 38 41 4 19 16 47 46 35 44 13 23 42 11 8 7 21 27 18 34 24 31 36 5 43 12 20 9 10 29 48 40 32 45 33 22 17 1 37 39 25 2 30
15 34 14 6 47 26 18 17 19 35 9 12 43 36 11 20 4 21 1 16 2 10 48 33 24 40 45 37 44 32 30 29 25 8 22 3 39 41 42 31 27 13 38 23 7 28 5 46
17 36 13 25 21 22 31 20 1 28 45 3 47 11 39 4 32 43 41 35 42 18 2 9 44 30 29 8 40 14 46 38 12 26 23 19 15 33 48 7 37 16 34 5 24 10 27 6
30 4 17 34 14 12 16 31 6 37 10 11 24 23 29 8 21 46 28 2 18 33 5 25 47 3 48 20 1 15 45 39 27 44 38 41 13 36 43 19 42 32 35 26 40 7 9 22
39 11 2 8 31 40 32 19 36 15 47 4 10 25 7 6 24 18 37 9 28 22 23 16 3 5 12 48 13 21 38 45 43 17 35 46 44 27 1 29 41 34 14 42 30 20 26 33
23 31 38 27 32 9 3 6 21 12 48 45 35 33 17 22 46 19 4 15 10 11 41 44 7 16 20 5 8 30 24 34 14 29 13 26 25 1 2 40 36 47 42 43 28 37 39 18
21 10 22 32 47 3 14 39 34 23 36 26 8 27 41 33 40 12 19 4 30 13 20 46 37 38 1 35 31 5 18 16 45 7 24 42 48 28 17 44 6 2 9 29 25 43 11 15
34 32 5 28 46 7 15 10 26 2 11 8 1 6 4 31 33 44 14 25 9 42 45 19 22 43 13 17 16 39 23 30 47 41 48 20 21 29 18 12 38 3 40 24 35 36 37 27
32 7 1 15 22 14 30 8 41 34 17 40 2 37 9 26 36 33 24 48 3 20 21 4 12 18 38 23 42 45 27 10 39 13 43 28 5 31 25 16 11 35 19 46 29 47 6 44
4 41 39 12 10 48 42 5 8 11 28 17 31 13 2 40 6 47 33 24 38 23 36 37 29 46 22 44 25 19 7 15 3 20 1 18 45 26 21 14 32 30 16 27 34 9 35 43
20 47 24 35 6 1 48 36 13 29 19 5 27 45 37 41 42 28 26 32 14 2 46 43 30 33 40 39 21 4 15 18 22 34 16 25 38 11 9 10 12 44 3 31 17 8 23 7
27 18 3 20 15 30 22 4 39 48 32 24 6 8 19 25 44 10 43 40 35 17 14 47 28 45 33 38 7 9 12 1 26 42 41 2 37 46 11 34 21 23 5 16 31 29 36 13
35 45 16 31 42 38 26 37 44 46 12 18 15 39 17 10 27 9 47 14 23 30 43 2 8 22 28 11 24 29 32 36 4 3 5 1 33 34 13 20 7 21 25 48 6 40 19 41
9 28 48 16 29 33 37 3 40 35 13 27 5 1 38 43 41 39 25 45 26 7 22 17 18 47 10 6 20 2 24 31 12 36 42 8 11 21 46 30 15 14 34 32 19 4 44 23
14 43 23 7 48 25 13 32 28 47 42 19 40 38 5 1 15 29 9 37 17 36 24 22 35 6 34 27 11 41 16 3 18 39 26 33 10 12 30 21 44 45 46 2 4 31 8 20
25 20 36 42 27 21 46 6 5 23 26 37 3 48 29 28 1 15 45 19 8 2 18 34 41 31 16 47 4 10 35 22 14 12 33 30 9 44 40 13 24 43 39 7 17 38 32 11
11 37 15 22 14 43 33 29 23 25 32 7 13 46 18 3 47 4 44 12 5 17 28 20 10 21 26 27 2 36 45 6 30 9 31 48 16 19 38 42 39 40 35 24 8 34 41 1
12 17 11 47 40 31 27 7 26 38 4 42 33 44 2 45 30 9 21 25 36 43 46 32 22 13 41 10 1 48 23 35 16 15 28 3 39 18 37 6 34 29 5 14 19 8 20 24
17 30 14 2 46 16 43 48 11 15 31 21 34 29 10 38 13 47 39 32 24 20 8 12 23 42 25 4 27 26 9 5 45 33 18 6 28 40 44 22 1 7 19 37 35 41 3 36
7 13 17 32 2 21 4 40 16 42 41 12 46 47 35 31 9 38 14 43 1 26 45 33 5 23 29 18 39 37 8 30 10 48 27 44 3 15 25 28 20 11 22 34 24 36 19 6
25 32 42 28 8 24 39 41 3 13 1 16 17 6 37 21 26 34 31 36 5 23 20 15 30 12 40 38 43 46 22 44 35 2 7 4 27 11 9 47 45 18 14 10 33 19 29 48
31 47 10 3 45 44 34 17 38 18 35 43 32 12 27 22 4 28 7 11 40 36 48 41 42 8 23 14 21 19 33 37 29 16 24 20 15 26 2 46 30 6 9 25 5 13 1 39
36 22 18 33 25 20 44 31 10 2 19 5 11 23 42 6 37 43 32 38 13 16 40 21 15 41 45 35 29 9 30 48 27 8 1 24 34 47 12 39 17 4 28 3 26 46 7 14
27 34 2 6 36 25 22 1 45 41 48 37 30 38 9 12 10 15 24 8 32 13 42 7 19 20 18 17 40 44 28 21 47 26 35 31 43 29 4 14 46 16 3 23 39 5 33 11
47 31 33 14 44 30 7 35 6 12 2 8 5 15 19 4 46 26 41 37 36 34 1 9 24 3 13 39 10 16 27 32 22 38 23 25 48 45 11 40 21 17 42 20 28 18 43 29
18 40 35 27 11 38 20 2 5 26 24 28 23 45 31 14 12 44 4 34 33 42 7 19 47 1 39 37 3 15 43 22 25 10 17 16 13 41 48 21 32 30 8 6 29 9 36 46
46 42 32 15 21 33 37 25 24 17 7 48 35 3 8 40 36 1 26 45 9 11 16 6 28 43 22 19 44 30 2 34 39 13 5 41 4 14 18 12 23 47 29 31 20 38 10 27
33 4 13 18 28 12 9 47 43 11 16 29 27 42 5 17 23 10 35 39 14 44 41 22 7 46 48 20 8 45 34 3 40 24 19 26 21 31 38 1 6 32 30 2 25 15 37 36
29 43 12 8 9 14 21 20 13 37 17 31 22 48 4 26 32 7 34 24 40 41 2 16 6 18 27 3 11 39 25 23 28 1 36 35 5 33 19 10 15 42 38 46 44 47 45 30
13 9 5 12 37 6 16 10 17 31 11 1 43 4 22 20 27 42 28 41 8 32 47 18 44 39 33 48 38 24 46 45 26 34 29 2 23 36 21 30 14 3 40 15 7 25 35 19
12 3 36 4 6 17 10 44 8 22 28 27 47 18 46 25 43 33 29 15 7 30 38 23 37 31 20 42 24 32 14 35 9 5 11 19 40 16 13 48 34 26 1 41 2 45 21 39
43 45 3 30 32 31 15 5 14 10 42 20 4 13 16 8 48 39 19 6 35 38 23 28 34 21 11 46 25 1 9 27 12 41 22 33 17 37 47 26 7 44 24 36 40 29 2 18
9 18 39 34 8 16 33 3 48 28 36 42 1 35 41 24 44 45 13 4 26 22 6 29 10 12 2 11 23 5 38 40 20 17 15 30 14 32 27 43 37 21 25 19 46 31 47 7
23 19 34 26 38 43 14 36 4 20 12 39 44 11 48 18 22 9 25 16 41 10 21 46 8 42 1 45 7 2 15 29 35 3 13 32 47 28 17 31 5 40 33 27 30 37 6 24
14 38 45 35 40 34 30 39 25 19 4 21 24 37 23 44 9 32 43 17 13 2 22 5 42 33 41 10 31 6 47 18 15 28 16 27 36 1 46 3 11 29 26 48 12 7 8 20
15 17 24 21 2 7 26 37 47 5 9 19 3 44 42 13 33 27 11 12 46 48 30 34 35 41 6 8 14 10 1 20 38 29 28 18 25 23 43 36 39 45 16 32 31 40 4 22
6 42 1 25 48 27 28 7 41 17 14 47 19 46 32 40 18 31 21 43 15 33 11 2 4 37 16 29 13 9 8 39 10 44 45 38 35 12 30 34 24 22 36 26 3 20 23 5
11 25 38 5 20 22 48 47 21 1 7 18 40 8 26 33 24 29 6 19 37 4 27 41 17 10 31 34 16 36 35 15 43 42 23 3 9 30 45 44 12 2 46 14 32 28 39 13
32 20 22 39 23 1 13 14 40 12 26 3 6 33 10 41 15 4 46 2 17 48 36 47 29 24 34 5 19 30 18 16 11 7 38 28 31 27 35 42 44 25 37 45 8 21 9 43
41 37 2 18 22 15 12 8 44 5 47 34 17 29 7 28 21 19 1 35 36 46 24 25 32 20 39 6 4 14 30 10 3 9 26 48 23 42 40 33 38 43 31 16 45 13 11 27
35 23 11 22 21 26 31 32 39 37 45 24 15 14 5 43 19 46 47 40 30 28 25 12 3 38 18 27 10 4 2 6 29 36 33 42 44 13 1 16 17 34 9 7 20 8 41 48
26 36 10 25 31 40 46 19 24 3 41 45 30 27 8 17 6 5 9 14 32 33 28 7 47 13 22 44 48 38 12 2 16 21 43 39 1 34 37 29 23 35 11 42 18 4 20 15
33 40 32 15 28 11 3 2 1 10 18 17 43 25 38 21 5 12 39 9 48 31 14 20 22 16 29 4 8 45 23 36 27 24 35 46 37 19 41 13 30 7 42 44 34 47 26 6
37 47 42 31 14 3 38 10 19 9 35 27 11 39 34 46 40 28 33 7 24 43 30 44 18 45 48 8 20 13 16 23 1 15 17 25 32 21 12 6 36 22 5 2 4 26 29 41
20 28 22 27 15 13 43 17 9 18 19 26 8 36 14 12 42 37 35 25 33 32 5 6 40 30 38 47 44 24 34 31 39 2 48 4 45 23 11 7 21 16 29 10 46 41 3 1
30 10 1 3 46 48 39 35 36 38 11 7 31 33 9 20 14 32 26 16 5 22 42 43 12 8 23 17 2 28 45 37 24 40 29 41 21 13 4 34 19 18 25 27 6 15 44 47
27 4 35 34 36 15 33 20 28 42 17 40 13 3 11 24 30 18 32 12 2 7 41 37 19 6 26 48 43 39 46 21 14 16 5 8 25 1 9 47 45 23 22 29 31 38 10 44
7 38 48 28 11 9 26 25 5 31 2 12 27 14 19 8 33 35 46 36 23 10 43 17 30 44 45 34 21 41 22 32 4 20 24 6 1 40 47 39 42 13 16 15 3 18 37 29
18 17 24 8 25 1 31 21 16 11 13 20 33 46 2 4 26 41 7 15 9 38 47 34 6 22 10 39 40 29 43 3 45 48 19 44 14 32 42 12 27 35 28 37 30 5 36 23
47 5 17 42 44 26 4 48 6 41 10 29 2 22 9 14 23 46 45 11 38 30 36 21 15 3 13 37 27 43 28 1 40 8 31 16 39 12 18 19 20 25 24 32 35 34 7 33
36 19 42 6 45 9 7 5 8 2 28 48 34 47 37 38 13 12 31 17 3 4 23 15 41 43 40 35 29 44 21 27 30 26 11 24 33 18 1 16 32 14 46 20 25 10 39 22
35 7 34 14 22 21 30 6 17 13 31 43 24 37 44 3 10 26 9 45 36 18 16 29 28 40 1 23 39 15 27 48 25 38 41 20 5 42 2 33 12 47 8 46 19 32 4 11
21 11 38 30 9 22 29 41 48 47 42 7 10 8 40 45 19 33 37 4 15 26 2 23 5 39 27 20 14 16 12 34 1 36 18 31 35 44 46 28 24 43 3 6 17 25 32 13
43 25 18 35 42 30 37 33 45 26 15 24 23 12 39 13 27 21 1 32 5 31 22 2 44 17 20 46 3 4 7 36 47 10 16 8 28 11 41 48 38 6 40 34 29 19 9 14
32 42 5 47 2 33 18 29 10 20 16 45 44 36 35 37 4 1 21 41 17 11 40 9 24 13 34 19 28 48 25 15 22 12 7 26 31 14 27 43 6 3 30 23 39 38 8 46
26 31 14 42 38 27 12 3 25 48 4 17 47 29 18 22 15 35 19 9 37 44 11 5 7 46 2 10 23 21 32 16 20 34 33 13 40 45 6 36 39 30 1 24 28 8 43 41
17 34 13 7 8 16 3 40 36 19 35 4 5 39 23 10 21 47 28 48 1 20 27 25 32 18 22 44 11 38 24 29 14 42 15 2 43 33 9 30 37 45 26 31 12 46 41 6
23 18 15 21 20 34 16 32 43 22 9 11 46 45 4 6 42 10 25 39 8 17 7 12 35 5 28 29 24 1 14 40 38 13 27 30 44 37 48 31 36 2 33 3 26 41 47 19
46 13 33 31 27 20 14 4 26 35 12 1 15 44 8 25 6 23 24 19 10 2 42 28 34 30 18 3 16 37 9 5 29 39 22 41 11 47 17 40 21 7 38 36 32 43 45 48
15 28 11 32 47 40 27 19 23 34 24 18 1 42 22 21 14 45 44 31 48 46 25 33 3 37 38 36 8 13 2 39 10 5 26 6 17 30 12 29 41 4 9 16 7 20 35 43
9 22 45 12 31 3 10 17 14 28 48 19 2 35 46 18 30 27 41 43 32 7 8 20 37 16 33 6 40 25 47 44 39 1 38 42 4 29 13 21 34 11 36 26 24 5 23 15
25 20 12 28 37 7 38 44 9 17 23 34 22 27 14 31 5 15 6 2 13 36 24 46 18 47 29 4 43 19 33 8 16 40 45 1 10 41 35 3 42 32 39 48 30 21 26 11
41 9 2 22 32 12 21 48 3 42 36 28 10 23 27 26 37 34 4 24 46 43 5 6 8 45 25 18 13 39 1 20 30 33 17 38 15 16 11 7 44 29 35 14 40 31 19 47
29 36 23 2 40 24 46 35 4 12 17 8 11 47 5 20 48 19 26 6 33 28 14 43 10 1 16 39 25 32 38 22 3 9 42 27 21 15 30 13 45 34 31 41 44 37 7 18
7 3 35 33 11 13 44 36 1 2 41 42 30 48 26 17 43 39 34 8 24 16 38 32 4 22 45 27 31 14 15 6 40 29 28 25 37 46 21 10 20 18 19 5 12 9 47 23
13 11 32 26 21 48 28 37 39 38 14 16 47 6 31 19 40 4 29 34 23 41 30 7 22 24 10 45 3 43 8 18 27 17 5 9 36 12 44 1 46 35 42 25 2 15 33 20
6 43 10 5 28 44 20 25 41 22 11 40 34 33 38 12 24 29 7 35 2 32 45 18 23 8 26 48 4 36 16 37 15 21 27 46 47 31 19 14 17 42 30 9 39 13 3 1
46 45 39 8 22 43 15 41 28 3 16 47 13 4 11 33 44 7 35 37 26 27 48 19 40 38 20 17 23 10 34 31 18 12 29 32 9 21 2 6 30 25 14 42 5 36 1 24
14 10 13 25 45 31 42 1 21 20 26 37 17 15 32 44 22 41 11 24 30 46 18 33 12 6 48 5 38 29 23 2 47 16 35 39 34 9 43 27 19 40 28 7 3 4 8 36
31 40 17 15 14 25 46 39 44 48 32 3 8 13 37 10 12 43 47 7 38 34 28 22 42 33 6 20 21 9 35 30 24 2 1 4 16 36 27 26 41 23 5 19 18 45 11 29
36 7 33 4 23 11 13 8 19 15 24 39 14 22 2 38 18 31 37 12 46 9 47 16 17 40 41 10 48 28 21 35 45 44 43 3 25 27 6 42 32 30 34 1 29 26 20 5
21 25 23 33 29 30 39 5 24 9 2 26 3 38 34 28 32 18 13 14 35 42 46 15 6 43 31 36 19 45 1 48 4 7 11 20 27 47 12 17 22 16 37 41 8 40 10 44
47 32 16 3 36 22 30 20 38 4 28 31 46 25 48 11 9 42 24 6 1 23 43 37 8 41 13 34 2 5 45 15 21 10 19 33 39 26 40 12 14 17 29 44 35 18 27 7
23 36 12 29 25 15 7 21 47 18 44 48 32 8 4 37 6 5 39 31 41 30 27 46 35 10 2 14 42 26 43 17 20 9 13 24 40 11 38 19 1 3 33 16 28 34 45 22
11 19 14 6 27 26 25 31 13 41 36 29 33 5 7 43 48 47 1 2 9 10 21 17 34 39 40 8 24 23 38 16 37 15 22 18 32 46 42 44 12 4 3 20 45 28 35 30
30 23 5 2 48 14 32 10 43 34 15 21 19 18 27 8 37 28 31 17 3 36 22 12 42 1 11 47 25 46 7 45 9 20 41 35 24 40 4 16 39 44 38 6 13 29 26 33
20 37 38 30 15 21 43 7 5 46 18 12 31 11 17 24 42 14 25 48 8 2 41 34 47 3 27 35 28 32 33 40 22 1 26 44 4 19 45 29 23 13 36 9 6 10 16 39
12 17 22 18 35 24 5 40 16 47 13 20 23 37 46 41 10 38 26 11 33 42 2 21 4 8 25 30 44 1 14 36 43 48 15 19 3 28 39 31 6 34 9 45 32 7 29 27
37 9 18 32 44 40 42 29 26 13 19 5 6 3 23 4 27 12 43 39 20 22 14 2 7 17 33 11 10 38 28 34 35 24 16 48 45 15 46 30 36 21 1 25 31 8 41 47
4 5 11 26 47 6 12 33 9 19 45 17 15 46 8 22 14 34 44 40 10 38 1 41 24 23 16 29 20 30 2 21 3 28 7 27 31 42 48 13 37 32 35 36 25 43 39 18
17 34 42 22 46 33 27 21 4 11 31 1 35 12 40 25 15 19 14 43 26 16 38 5 29 24 23 37 39 48 30 3 28 13 36 6 9 41 18 7 45 2 8 10 20 47 32 44
15 4 3 39 20 12 34 2 6 35 42 21 27 1 41 26 23 37 9 8 32 7 40 25 19 44 31 38 45 14 18 29 10 16 33 28 43 13 30 48 5 47 11 24 17 46 36 22
41 38 34 12 2 27 29 6 48 31 10 24 1 14 35 3 13 45 4 15 30 20 25 23 32 22 18 19 8 26 47 39 16 36 42 46 5 33 17 28 11 21 40 37 7 9 44 43
6 31 48 47 37 17 14 20 36 1 12 7 5 4 10 21 24 46 28 41 15 11 8 44 3 38 39 35 29 13 25 2 40 33 45 32 16 18 9 34 27 42 22 23 19 26 43 30
7 42 15 34 44 9 5 3 10 17 4 8 43 45 29 14 32 27 21 36 2 33 18 28 41 31 13 30 11 37 12 22 25 38 48 20 35 16 47 40 24 6 39 46 26 19 23 1
43 47 2 7 8 30 37 35 25 42 41 11 4 15 32 46 26 31 29 14 17 28 6 21 40 33 12 18 20 19 22 27 38 39 13 16 48 23 1 10 44 45 24 3 34 36 9 5
9 23 1 31 40 16 3 36 8 26 13 4 35 47 39 20 22 32 45 19 37 41 7 29 12 43 48 6 44 5 27 10 14 34 18 25 33 30 38 42 15 11 46 2 17 28 21 24
25 32 35 27 31 20 44 4 23 10 1 43 34 29 22 13 40 9 41 16 48 17 24 19 18 47 28 3 42 15 46 5 12 8 38 30 11 45 39 33 21 7 26 14 6 37 2 36
14 30 32 5 35 21 38 39 3 28 17 45 23 13 19 31 12 42 34 25 24 48 36 6 10 20 22 11 16 9 8 44 29 40 33 1 15 37 41 47 46 43 27 26 2 18 4 7
29 17 36 8 6 43 28 1 21 11 12 26 44 33 18 45 19 10 7 32 20 13 48 9 22 39 34 4 27 25 24 35 30 5 23 2 47 14 15 3 38 16 31 42 40 41 37 46
18 4 22 14 10 44 16 5 17 47 35 20 27 12 26 8 43 21 33 34 36 31 45 25 30 46 38 48 13 41 9 29 1 42 24 3 23 28 37 39 11 2 19 15 32 40 7 6
21 22 3 2 25 34 39 14 5 12 9 18 40 23 10 19 44 1 13 17 7 11 16 32 37 6 26 46 38 28 30 31 20 29 35 41 36 15 45 43 27 47 42 48 24 4 8 33
31 10 24 47 45 7 48 32 25 46 14 40 1 27 5 12 30 15 35 9 3 26 43 2 28 37 6 39 4 21 33 23 11 41 22 38 17 44 42 36 20 18 16 29 8 34 19 13
13 25 11 28 15 48 32 44 41 34 10 42 3 8 23 33 9 18 39 7 38 46 21 43 5 40 2 47 19 24 16 36 35 26 31 4 37 1 12 14 30 17 22 27 20 45 6 29
30 43 48 3 47 1 13 37 38 29 23 16 22 36 14 41 33 7 6 45 5 32 46 12 15 10 20 8 28 39 24 40 18 21 17 35 44 9 4 26 42 34 11 31 19 25 2 27
27 28 5 30 29 22 20 40 8 9 26 34 24 38 17 43 4 33 32 12 35 44 2 47 10 42 11 45 21 46 15 18 39 7 1 25 3 23 36 48 19 14 37 6 13 31 16 41
26 47 38 21 32 31 43 8 16 35 42 12 17 22 34 6 18 5 37 2 13 4 28 46 23 45 27 44 48 10 25 30 29 20 36 9 39 40 19 1 7 11 33 24 3 15 41 14
43 5 45 15 14 13 12 7 36 1 32 28 46 39 41 3 37 4 19 40 33 2 8 17 18 16 10 27 31 29 35 6 21 24 11 48 34 26 42 47 22 44 30 23 25 38 9 20
46 45 12 42 9 38 27 41 19 18 15 39 33 37 31 17 24 23 26 11 8 43 30 7 22 3 1 14 10 4 32 20 25 48 16 2 28 47 40 21 6 29 34 44 5 13 35 36
12 7 1 39 38 11 29 48 45 42 4 37 19 6 27 26 23 35 9 8 46 34 24 18 41 47 25 20 2 32 28 16 10 3 15 33 43 13 30 17 5 40 14 31 44 21 36 22
25 42 13 22 48 27 18 33 14 2 16 19 31 3 9 24 10 43 4 39 38 41 5 15 40 21 45 37 29 36 46 34 1 8 26 44 11 30 47 6 17 35 28 32 12 7 20 23
6 40 17 12 8 24 15 14 4 20 18 31 13 1 29 38 22 41 28 25 37 30 42 34 7 44 33 23 11 45 27 21 47 9 19 39 48 32 2 26 36 3 46 16 35 43 10 5
32 9 10 33 28 12 46 2 44 25 26 47 6 11 38 18 5 39 7 41 23 17 48 16 4 43 40 34 3 30 22 8 37 42 31 27 1 14 21 36 24 13 35 19 45 20 29 15
15 3 36 35 20 25 10 47 48 13 41 16 8 46 22 4 9 27 11 32 17 28 40 33 19 1 6 29 31 23 2 45 14 44 7 38 21 18 43 12 37 30 42 5 39 34 26 24
37 19 24 6 31 14 7 29 26 15 2 11 32 48 46 25 40 44 35 4 10 18 47 41 17 13 23 5 39 16 9 3 45 12 43 28 36 33 1 42 38 22 27 34 30 8 21 20
20 36 34 29 22 15 9 32 10 3 19 27 47 5 39 44 21 42 33 35 7 48 23 37 12 6 41 38 8 14 18 17 43 1 28 30 25 31 11 16 46 4 24 2 26 40 45 13
9 20 2 18 32 33 34 19 6 48 44 8 14 25 40 22 27 37 43 31 3 26 7 29 47 41 38 36 23 1 21 10 15 13 24 16 17 11 35 30 12 42 5 46 28 45 4 39
35 13 11 34 8 48 21 10 9 4 32 40 2 3 19 28 26 38 44 36 24 20 25 5 37 30 29 17 27 45 14 15 22 39 18 46 33 41 12 7 23 6 16 42 31 47 43 1
31 37 18 26 40 7 25 36 28 11 35 4 5 38 48 13 44 9 6 19 2 10 22 32 3 8 34 47 43 21 12 27 30 15 42 20 16 29 45 33 39 17 1 14 24 46 23 41
4 32 35 27 36 40 30 3 13 22 1 5 43 29 37 46 19 12 21 6 28 33 18 17 8 42 26 48 14 38 16 39 11 2 41 24 9 45 15 34 20 23 31 25 7 10 47 44
41 18 32 7 23 13 14 4 43 10 9 26 15 6 31 11 1 46 34 48 42 36 27 22 30 17 28 39 25 24 8 2 12 33 5 35 47 16 19 44 21 45 38 20 40 37 3 29
26 17 16 2 45 9 3 35 23 19 28 21 8 11 18 12 30 32 25 14 20 22 1 33 24 46 48 4 42 5 47 37 40 34 38 41 44 36 6 10 15 43 39 29 13 31 7 27
17 34 15 14 21 26 37 1 47 20 2 3 24 27 35 19 43 5 41 45 48 31 36 12 28 33 39 46 40 25 23 22 38 29 11 13 10 42 9 30 44 32 8 7 18 4 16 6
36 11 5 25 37 31 42 44 39 46 14 18 30 47 32 45 33 21 13 12 15 9 6 2 29 23 22 10 38 48 7 8 4 41 27 1 24 19 17 40 34 16 3 26 35 28 20 43
12 31 23 47 38 21 48 5 16 35 17 1 40 18 26 10 4 15 45 43 36 27 20 34 42 24 11 44 2 39 30 6 3 28 22 32 25 37 46 13 19 7 9 41 8 29 33 14
21 43 42 15 14 16 30 40 1 47 18 20 46 39 7 8 6 29 31 9 35 13 45 41 11 22 12 27 24 10 2 3 28 38 23 19 5 44 4 17 32 34 26 48 25 36 37 33
27 18 33 22 2 34 5 20 24 9 4 42 32 1 8 31 13 10 47 15 30 7 38 46 35 45 16 23 25 41 43 40 21 26 17 3 11 12 39 28 14 44 36 37 29 19 6 48
14 28 22 8 27 30 31 2 1 26 41 17 47 25 34 37 12 18 32 24 36 16 43 15 6 5 45 20 7 46 35 21 9 40 48 44 4 33 38 3 42 11 29 10 39 13 19 23
29 25 10 31 46 1 32 6 38 12 45 43 17 48 27 21 22 4 39 37 23 44 16 9 30 40 20 19 3 28 33 15 35 5 13 42 34 26 41 14 24 47 11 36 2 18 8 7
7 4 24 21 9 20 34 36 43 29 13 28 27 8 38 14 1 31 35 16 33 42 25 47 5 37 41 45 19 32 22 39 10 17 15 6 3 30 48 12 23 18 40 2 44 26 11 46
46 37 45 12 29 22 25 1 17 2 48 34 6 14 41 20 10 33 24 39 32 30 23 21 8 38 13 11 4 36 7 31 28 16 35 18 15 40 42 43 27 3 26 9 19 5 44 47
35 22 14 33 48 43 26 4 44 34 31 7 24 15 5 38 40 47 25 17 13 11 8 37 42 39 10 3 45 19 46 18 16 20 28 1 36 9 2 6 12 21 29 27 32 41 23 30
47 5 42 28 6 24 14 33 4 25 15 45 34 46 17 12 32 44 19 11 48 23 2 43 29 16 40 8 13 37 18 27 3 10 7 39 35 41 36 31 1 30 9 26 20 38 21 22
23 45 39 42 10 11 15 17 25 1 19 12 3 4 22 6 43 7 29 8 32 2 14 18 28 20 26 44 21 24 27 48 47 41 16 38 31 13 35 36 30 40 33 5 34 9 37 46
43 36 2 4 35 44 18 29 45 17 10 47 13 33 9 22 21 34 41 25 5 42 46 16 7 31 23 6 40 30 15 20 38 8 1 28 48 32 37 39 11 14 19 3 12 26 27 24
25 13 18 39 29 15 20 14 8 28 12 1 4 5 7 37 6 41 31 40 26 48 36 19 24 10 2 38 11 9 34 16 30 44 27 33 23 46 47 42 45 22 3 32 17 21 35 43
13 23 3 35 47 17 21 37 48 9 16 11 19 39 10 14 27 29 26 2 28 32 42 22 41 40 25 5 8 43 24 34 12 33 38 4 45 18 1 6 46 44 31 15 30 36 7 20
11 34 17 27 46 6 7 40 38 42 26 39 2 14 29 3 15 23 28 9 8 31 41 20 10 16 33 18 4 13 32 45 22 12 19 30 1 44 21 47 36 35 24 37 5 25 43 48
15 38 11 30 27 26 12 19 47 48 31 8 22 36 2 20 44 39 14 17 46 13 24 7 3 33 6 34 10 4 25 37 43 21 45 41 40 23 42 29 5 18 35 16 32 28 9 1
20 3 36 16 22 14 37 8 6 13 42 40 1 12 46 31 5 35 4 43 38 33 18 23 11 30 34 48 39 15 21 10 27 24 41 25 32 28 9 19 17 2 26 7 44 29 45 47
4 30 16 31 14 25 13 3 23 41 44 19 6 27 17 8 33 1 9 34 10 18 40 21 15 24 28 11 43 48 47 2 20 26 35 32 37 29 12 22 38 7 46 42 45 5 39 36
30 40 13 7 20 31 16 10 26 2 4 28 46 22 11 25 23 12 44 8 37 41 5 47 18 45 27 36 14 32 38 3 24 34 17 9 21 42 15 43 39 35 1 48 29 19 6 33
35 20 33 29 38 27 10 32 5 31 14 18 44 48 26 11 13 42 7 16 9 34 47 28 4 22 12 37 23 19 8 17 40 1 43 24 45 36 46 21 15 3 39 25 6 41 2 30
37 7 17 6 2 22 9 39 41 26 12 3 35 18 4 44 30 19 34 11 24 27 1 20 32 38 33 46 42 23 45 31 25 36 29 13 43 16 40 48 14 47 8 5 28 21 10 15
11 10 34 3 25 43 32 6 24 22 1 42 33 47 5 41 26 27 13 48 17 36 8 46 12 20 29 39 16 21 9 45 14 28 18 2 35 40 30 31 37 23 38 19 7 15 4 44
18 19 14 33 28 12 5 44 9 29 47 4 40 8 31 24 48 26 11 17 2 46 45 41 35 37 10 27 38 1 23 22 39 7 13 3 15 30 43 16 32 21 42 34 20 25 36 6
9 42 35 34 36 17 3 41 39 15 10 26 43 37 48 4 32 33 47 14 13 22 23 18 40 21 16 29 45 38 12 1 11 20 24 8 5 31 2 28 6 25 30 46 19 7 44 27
23 31 1 12 6 20 25 47 14 3 9 16 4 45 41 21 24 38 33 37 35 17 2 43 5 10 39 8 27 28 7 29 15 42 11 19 40 13 48 26 34 30 36 44 18 46 32 22
46 32 45 26 42 25 12 4 24 47 15 20 8 6 18 19 21 31 43 35 2 7 28 17 37 23 11 10 13 41 14 30 16 38 5 48 33 9 27 39 44 40 22 36 3 34 1 29
41 43 15 14 9 33 31 17 21 34 13 7 22 3 39 18 10 46 32 12 8 28 27 16 30 47 38 45 24 36 2 35 4 29 23 25 48 11 19 44 42 6 37 1 40 20 26 5
31 47 38 4 35 16 30 20 44 25 18 37 32 12 14 28 15 7 24 39 5 26 22 2 19 41 13 6 21 29 43 10 45 17 48 42 36 1 11 33 23 34 40 27 8 9 3 46
7 17 32 18 8 48 27 35 13 12 45 43 14 23 22 10 4 44 19 25 42 9 20 33 6 31 15 5 11 30 16 40 28 3 26 46 1 37 39 36 21 2 34 29 24 38 47 41
29 9 3 35 37 38 26 5 28 11 23 45 2 4 8 43 40 47 21 24 15 20 41 7 42 44 48 17 10 25 46 6 1 16 36 30 31 32 18 12 19 22 27 14 34 13 33 39
20 28 45 21 48 9 42 36 17 46 32 34 31 1 19 26 5 43 41 6 33 11 38 44 10 39 25 8 29 13 30 3 37 40 15 27 23 47 35 7 22 4 14 2 12 18 16 24
47 28 13 42 15 11 38 48 16 20 2 27 30 33 32 46 9 18 29 36 7 44 6 12 17 1 40 23 19 10 25 39 37 8 22 35 21 26 4 34 45 3 24 41 5 31 43 14
26 43 34 47 6 7 46 33 19 17 48 42 24 15 10 12 44 41 13 36 35 4 30 37 8 20 23 29 39 38 27 2 25 40 31 18 28 14 21 22 5 45 16 9 3 32 11 1
27 22 1 28 25 30 32 33 41 10 19 31 15 4 17 24 26 14 21 34 13 36 38 9 29 8 2 18 3 46 23 48 20 16 45 6 11 12 43 47 37 35 5 42 39 40 44 7
25 31 2 3 36 38 21 7 8 4 17 26 19 14 29 22 18 10 44 15 33 16 41 12 40 5 28 20 48 39 24 32 43 9 13 30 23 45 6 1 27 42 11 46 34 37 35 47
29 30 23 2 10 7 18 8 16 17 28 27 13 11 26 6 33 37 14 15 9 31 21 22 3 1 45 19 38 25 46 34 40 20 43 41 39 12 47 44 5 32 42 24 35 36 4 48
36 10 14 12 15 21 26 3 19 38 23 29 31 5 9 25 40 27 11 7 17 13 8 41 42 33 6 48 45 46 34 37 24 39 18 2 35 47 4 28 20 43 22 16 30 32 1 44
13 5 16 21 40 15 7 36 45 11 26 4 34 25 27 8 14 12 6 2 10 22 48 37 17 24 20 3 19 43 9 18 47 28 35 1 44 46 41 42 38 30 29 23 32 31 33 39
27 3 5 30 22 9 13 40 28 19 17 8 2 15 31 20 6 35 4 48 7 33 16 34 10 46 18 45 43 24 32 1 14 12 11 39 47 41 42 21 44 23 38 37 25 29 26 36
17 11 18 16 21 26 14 5 10 35 32 12 15 13 8 43 23 4 47 9 3 30 46 19 7 6 48 39 27 45 33 44 1 24 42 38 37 40 2 31 34 22 36 25 20 28 41 29
12 19 10 39 28 20 3 6 36 29 16 17 23 46 11 38 43 15 9 45 48 41 40 18 47 42 2 37 8 13 1 22 35 21 7 24 31 44 27 14 30 4 5 34 26 25 32 33
20 18 33 25 31 13 39 7 14 42 2 5 3 47 4 17 48 9 43 6 24 23 45 46 37 30 1 44 40 21 12 8 10 15 41 35 34 28 38 29 22 16 11 32 19 26 36 27
43 9 11 15 23 34 42 19 17 13 28 45 40 37 48 46 5 47 1 8 20 2 6 21 12 44 41 38 10 26 30 29 39 7 24 27 4 33 36 16 32 25 35 14 31 18 3 22
26 4 24 22 46 12 37 44 25 3 47 48 27 8 2 31 13 42 45 35 38 11 43 9 41 39 40 34 16 1 15 20 30 5 36 6 28 32 21 17 19 14 33 7 18 10 29 23
6 40 35 28 48 11 15 2 4 46 42 47 33 38 5 45 24 1 39 41 30 44 14 43 8 37 34 36 29 10 25 16 22 9 31 3 32 19 18 7 12 21 27 26 17 13 23 20
15 42 36 35 37 24 38 41 39 47 48 31 17 1 40 3 32 34 25 43 46 20 30 44 28 8 23 27 4 9 18 45 29 10 22 33 11 26 12 13 6 7 16 19 2 5 21 14
32 38 42 34 44 43 46 48 47 22 19 40 1 45 41 33 9 39 35 24 37 10 25 7 23 13 29 17 31 4 28 36 12 2 16 8 21 27 30 26 11 18 14 3 5 15 20 6
25 34 22 42 45 44 20 47 43 48 1 39 30 33 38 41 19 5 31 40 32 46 27 23 24 17 26 4 28 37 21 6 3 29 15 18 10 14 35 12 36 11 9 2 7 8 16 13
47 45 39 33 42 40 48 1 38 41 31 34 43 36 46 26 44 23 28 37 15 32 24 29 35 16 25 14 2 5 22 27 21 8 19 20 3 18 6 10 17 13 30 9 12 4 11 7
