58076 54464 52194 42876 36890 33079 31822 31882 29304 28267 29304 26143 24456 24028 20741 20716 19756 19739 19739 19478 18381 16830 16761 14928 15483 13544 14000 12156 12241 11057 10443 9716 9241 8236 8175 7365 6648 6690 7273 6407 5927 5785 5558 5068 5175 4594 4470 4310 4551 4183 4124 3729 3729 3642 3308 3354 3399 3118 2906 2920 2618 2753 2328 2513 2310 2190 2358 2207 2097 1856 1705 1708 1553 1423 1436 1264 1284 1284 1155 1110 1143 1143 1093 1034 998 948 939 889 847 813 820 729 790 762 724 657 631 667 611 608 542 524 523 508 437 456 449 443 405 419 363 346 320 302 290 302 281 260 255 241 235 224 226 205 196 181 179 179 166 175 150 148 153 148 130 127 124 125 114 119 112 110 101 96 85 86 87 82 77 73 66 70 67 59 55 54 58 54 54 51 49 42 44 39 38 39 34 36 34 33 32 30 28 28 28 25 25 23 23 24 21 20 19 19 19 15 15 16 15 15 14 13 13 12 11 10 10 10 9 9 9 9 9 7 8 7 7 6 6 6 6 6 6 5 5 5 5 5 5 4 4 4 4 4 4 3 3 3 3 3 3 3 2 2 2 2 2 2 2 2 2 2 2 1 1 1 1 1 1 1 1 1 1 1 1 1 1 1 1 1 1 1 1 1 1 1 1 1 1 1 1
50 5 10 9 44 45 51 17 61 62 54 14 26 52 42 33 58 4 36 60 3 49 31 1 19 55 63 16 46 35 13 29 43 20 2 12 37 24 27 23 6 34 32 53 39 30 18 28 64 40 56 25 7 22 15 21 38 57 8 48 59 41 47 11
63 33 34 20 46 58 1 43 49 5 13 26 8 47 60 17 64 40 6 42 36 53 2 48 4 39 56 16 44 54 14 62 57 24 59 3 52 10 23 50 22 45 25 35 61 37 18 15 11 51 32 27 38 41 28 55 12 21 9 19 31 7 30 29
42 11 18 1 49 45 59 10 6 22 12 4 33 55 8 25 29 7 27 14 60 56 17 54 52 43 21 32 31 23 51 36 24 37 2 40 13 30 26 44 63 62 48 39 34 9 64 5 47 28 38 53 16 35 19 15 46 58 20 61 3 41 57 50
31 24 28 3 61 7 50 32 21 30 1 52 27 35 42 17 59 14 19 22 5 20 38 25 34 18 40 37 63 62 36 15 9 48 44 55 6 54 64 58 10 33 57 53 4 16 41 23 26 47 56 45 43 13 46 29 39 49 8 60 51 12 2 11
4 42 18 34 29 59 37 22 14 33 25 19 61 5 2 28 58 16 17 44 41 49 6 30 23 51 54 35 62 3 15 27 12 20 52 21 45 32 40 53 7 38 63 60 31 48 64 24 13 46 8 39 57 43 56 10 9 1 36 55 11 50 47 26
38 46 11 42 23 14 34 7 37 41 20 10 12 19 56 30 22 9 21 18 27 57 45 16 13 17 53 60 24 47 31 62 33 5 49 44 63 64 15 29 48 40 43 32 58 25 6 59 28 51 39 50 35 2 4 55 36 61 54 3 52 26 8 1
50 32 30 12 40 60 38 52 10 45 56 58 23 25 33 48 64 47 15 5 53 44 31 37 26 36 14 39 21 43 2 63 3 54 1 49 34 55 24 9 42 18 46 4 11 13 27 62 17 29 19 22 16 7 20 59 6 35 28 8 41 61 51 57
7 3 28 6 9 27 51 2 19 59 30 14 5 57 47 10 31 60 48 50 55 52 13 58 37 8 61 23 38 29 1 46 18 33 40 26 17 43 20 25 45 16 24 53 15 21 44 35 36 54 11 56 41 49 22 64 12 34 42 39 62 4 32 63
8 49 47 11 3 1 46 35 20 16 9 51 43 64 32 24 17 34 33 13 2 53 56 21 25 55 59 36 29 39 15 18 19 41 61 52 14 58 63 30 57 48 4 27 42 6 37 10 50 45 26 60 62 40 31 12 28 23 7 38 22 54 5 44
4 59 34 3 11 17 54 7 41 26 48 38 51 29 53 1 45 37 22 19 30 18 44 5 64 16 31 27 24 21 43 10 56 52 55 33 8 62 42 28 58 57 2 32 39 12 61 20 9 50 13 47 49 25 46 14 23 6 15 35 63 60 40 36
45 46 40 53 63 44 48 17 25 57 47 9 8 32 11 56 43 10 29 62 3 4 27 13 33 26 5 18 42 23 52 55 39 21 20 14 61 7 59 31 6 34 60 2 22 16 54 36 15 30 1 50 49 41 51 37 35 64 58 19 38 12 28 24
31 63 61 12 4 45 20 21 52 37 33 15 27 7 5 44 22 55 50 59 54 48 25 42 19 17 56 24 14 62 57 29 10 32 51 3 38 9 58 23 47 6 53 35 41 11 8 43 46 13 26 36 16 60 39 64 49 30 40 1 28 34 2 18
10 23 42 47 40 54 33 14 57 3 31 18 25 26 41 28 64 16 63 49 46 29 2 62 20 36 19 52 6 43 48 17 38 11 60 55 56 39 30 15 61 22 21 34 27 44 53 8 1 7 24 5 13 32 45 12 37 51 35 58 50 59 4 9
33 47 45 38 60 37 44 42 6 53 2 21 50 20 61 40 27 13 17 64 56 46 18 12 32 41 48 16 23 11 59 36 57 43 4 63 3 8 34 35 7 15 5 30 1 62 51 58 49 9 19 25 39 10 55 31 54 14 28 52 24 22 29 26
5 1 58 41 35 38 28 12 30 48 59 25 21 36 14 22 42 53 55 43 63 52 31 20 26 45 6 56 46 4 51 23 44 39 2 32 24 10 15 54 64 13 11 57 19 34 18 29 3 27 9 60 62 17 8 16 40 47 49 33 37 7 61 50
27 5 10 20 7 48 49 1 4 36 51 29 22 34 2 59 3 64 14 54 62 21 6 35 60 18 53 61 55 26 23 15 33 40 28 9 47 44 43 63 46 45 30 58 16 12 52 56 25 32 37 17 57 39 19 42 38 13 24 50 11 41 8 31
53 12 37 34 23 31 32 52 55 21 48 10 2 5 6 26 50 9 16 30 41 19 45 3 8 42 4 17 60 36 46 54 27 35 59 22 43 64 7 57 33 29 58 28 24 47 11 40 63 49 39 14 38 1 15 18 13 56 61 51 44 62 25 20
49 52 41 42 5 63 23 64 14 40 21 1 44 28 20 50 9 60 26 48 59 54 33 6 38 31 43 35 58 7 34 39 29 16 18 12 2 45 57 13 30 61 46 47 55 22 4 24 10 11 8 53 17 56 32 15 62 19 36 25 27 3 37 51
43 10 8 36 46 47 4 22 50 56 19 17 1 15 30 51 58 20 38 18 6 5 29 26 7 13 42 28 11 3 37 27 31 34 52 21 59 24 55 39 62 33 57 44 61 60 41 49 54 40 32 45 64 2 9 23 14 12 16 48 25 53 63 35
50 22 49 45 25 61 10 3 54 62 20 19 12 27 34 38 28 23 48 41 21 26 36 2 4 15 44 64 5 32 55 40 60 46 17 30 57 51 29 18 42 53 63 39 47 59 7 14 58 16 24 31 43 33 56 9 8 37 13 6 52 11 35 1
63 53 14 51 29 8 22 4 40 17 55 49 48 64 1 23 59 34 31 44 57 13 41 30 24 35 15 60 50 9 61 21 12 58 47 5 16 36 52 38 10 11 43 62 25 7 6 37 45 26 54 56 20 3 28 27 18 33 2 42 19 46 39 32
47 28 12 21 34 46 8 40 15 44 24 39 11 55 3 35 6 32 10 53 29 56 63 16 50 59 17 54 43 64 36 49 9 18 19 57 37 33 45 23 48 38 14 41 31 58 27 60 2 62 52 26 25 13 22 1 61 7 5 30 20 42 51 4
38 42 28 55 8 3 15 54 63 25 57 47 26 46 10 61 39 19 40 5 14 50 12 34 13 23 36 2 1 4 18 64 51 33 43 29 62 32 24 60 53 6 9 11 44 48 22 17 37 52 56 59 35 30 31 21 20 16 41 27 49 58 7 45
46 8 25 9 22 56 63 36 21 6 10 5 33 13 64 39 4 17 28 50 11 20 58 14 12 19 52 37 18 35 32 59 49 57 44 43 7 31 38 2 45 30 54 15 16 40 24 23 53 3 48 27 41 62 29 61 55 1 42 60 51 26 47 34
59 32 11 35 42 10 41 2 46 54 7 52 58 63 49 62 1 38 33 22 5 45 57 25 34 9 24 19 61 37 26 18 43 17 29 53 21 48 36 40 3 56 64 60 15 51 30 55 44 4 28 39 31 14 20 8 12 27 23 13 47 50 16 6
21 61 36 1 27 18 43 49 44 33 56 62 4 48 55 24 52 42 2 8 64 15 5 57 23 12 16 6 3 19 29 46 30 38 31 40 10 14 50 53 39 28 51 63 37 45 47 9 20 35 13 22 34 26 11 59 7 58 54 17 32 60 41 25
11 24 39 63 16 58 34 62 9 59 5 51 7 53 42 52 32 22 15 28 37 4 43 55 29 27 40 1 31 45 17 57 25 12 36 46 64 30 41 49 54 19 20 6 35 21 50 8 23 47 14 10 48 44 38 56 26 3 60 2 61 33 18 13
62 23 56 28 3 36 14 41 51 26 61 35 57 58 2 15 63 16 11 13 31 43 17 21 53 39 38 25 33 30 27 8 24 22 1 44 55 54 10 9 6 18 7 59 34 12 42 50 47 46 64 60 19 20 4 29 52 49 45 40 5 48 32 37
41 39 51 19 61 13 9 32 53 16 30 56 3 37 33 48 8 11 60 58 52 35 2 49 64 44 45 26 21 29 14 24 7 1 25 50 42 23 12 43 17 34 38 10 4 63 46 59 22 18 6 47 40 27 62 55 36 54 28 5 31 20 57 15
26 54 30 46 50 41 12 24 49 60 1 15 51 19 9 45 14 47 36 37 7 31 44 22 25 48 32 5 62 21 39 13 11 52 55 33 29 35 8 56 63 40 18 28 58 6 64 10 3 38 2 20 61 16 42 17 43 23 27 53 34 59 4 57
42 12 3 57 11 53 46 50 10 43 41 14 31 52 63 32 54 35 1 56 60 17 4 8 6 51 47 23 36 38 58 25 5 59 61 26 13 49 27 28 64 48 24 44 22 37 29 18 39 15 55 21 16 40 33 30 9 45 20 7 2 34 19 62
7 36 48 31 47 6 50 45 58 39 12 64 44 16 62 18 29 14 21 59 27 41 53 4 8 2 54 32 63 26 3 11 40 15 28 22 34 13 33 30 19 5 61 37 57 23 1 20 56 17 42 9 24 35 46 10 38 51 52 55 60 25 49 43
49 59 5 58 53 60 28 56 34 22 54 25 23 20 8 13 31 30 19 15 4 52 29 24 14 37 6 3 16 39 63 55 17 27 10 35 2 40 21 42 41 62 12 36 32 9 44 57 48 26 11 7 45 61 64 50 46 47 1 38 43 18 33 51
31 63 43 50 4 7 59 41 30 24 9 40 12 49 45 25 55 53 34 64 62 48 13 58 18 3 27 38 10 1 51 33 23 5 15 42 11 44 20 17 22 39 37 57 21 52 56 29 36 32 60 19 35 46 14 16 6 61 8 28 54 26 2 47
51 56 50 60 15 59 23 11 48 63 37 29 55 28 6 57 64 7 27 30 2 49 3 54 58 47 31 39 38 36 13 32 41 9 40 18 45 17 42 5 46 16 33 4 19 34 10 43 24 44 26 25 22 21 1 62 14 53 61 52 12 8 20 35
6 46 18 7 1 11 51 10 4 2 50 21 38 35 61 30 40 64 16 14 53 36 45 48 44 43 39 24 60 23 25 26 19 20 49 32 28 37 59 22 57 31 62 58 52 27 13 15 9 29 34 5 41 17 55 42 33 56 63 12 3 47 8 54
33 47 34 23 13 38 44 64 62 1 14 26 19 7 56 28 15 60 55 21 8 46 25 63 45 50 4 40 6 16 2 10 18 24 53 9 35 43 57 29 30 12 48 31 39 22 52 49 41 27 32 36 42 37 58 3 17 11 5 51 59 54 61 20
53 50 1 20 9 4 48 12 19 45 51 27 21 29 14 36 28 13 56 42 30 18 63 5 60 61 2 16 7 3 40 62 44 54 57 25 47 8 52 31 58 10 55 64 43 37 46 38 11 33 39 17 34 49 59 26 23 6 15 35 32 22 41 24
54 49 59 12 51 18 33 22 37 5 13 4 2 47 32 10 42 9 6 25 36 53 56 15 52 40 16 41 46 7 64 20 3 48 30 38 14 58 23 50 55 57 34 45 27 44 1 11 43 19 8 26 63 60 39 31 62 21 35 17 24 61 28 29
5 33 53 40 12 39 38 47 25 36 2 60 27 34 20 52 6 55 10 54 63 21 18 13 26 37 62 61 24 57 23 48 58 11 4 15 56 64 17 44 59 22 32 41 42 16 51 31 19 35 1 45 7 43 8 46 28 14 49 50 30 3 29 9
29 11 58 33 63 31 1 32 46 30 59 9 40 25 45 44 52 17 14 6 41 61 38 42 27 26 43 36 48 54 8 35 12 39 2 20 24 15 13 57 28 7 37 34 55 60 16 64 10 51 19 50 62 23 49 21 18 5 22 3 53 4 47 56
63 4 61 22 31 2 56 3 47 41 29 38 18 26 30 17 45 40 60 62 55 44 6 20 19 42 59 35 54 43 48 23 57 16 52 12 5 1 34 53 50 49 28 15 37 11 10 58 46 9 64 14 25 7 21 27 8 13 24 33 39 32 51 36
8 10 17 34 23 36 32 14 56 27 4 58 25 9 60 31 22 46 20 5 38 29 1 37 62 48 54 42 3 47 59 19 53 41 51 45 18 26 43 33 35 30 2 24 44 6 61 28 15 13 52 21 49 50 11 64 40 12 16 39 57 7 55 63
27 52 13 61 60 7 37 42 20 3 16 32 26 1 53 48 4 10 35 41 46 19 31 62 33 18 17 29 55 64 24 63 5 34 59 44 8 56 30 2 47 15 21 51 6 45 23 40 49 43 9 11 38 39 28 14 54 57 36 58 22 12 25 50
10 22 41 6 35 46 62 21 38 48 42 37 61 43 64 45 19 50 26 49 56 2 59 1 24 53 14 63 58 16 31 17 7 60 5 55 57 9 32 15 51 3 25 30 47 33 39 36 28 40 34 52 13 18 4 12 20 8 11 29 44 23 27 54
4 3 9 2 53 28 36 24 52 40 31 18 22 54 41 35 61 37 19 57 5 17 39 12 10 55 20 56 16 62 15 29 60 43 44 58 38 11 14 6 33 13 7 63 8 30 64 21 1 45 27 47 46 32 51 23 26 34 50 25 42 48 59 49
48 1 29 50 15 59 4 28 14 20 10 45 35 37 18 39 9 34 11 44 64 31 27 36 47 51 63 49 5 32 46 33 17 19 58 52 43 12 7 40 61 2 23 54 24 62 53 30 55 3 60 56 57 25 42 38 13 16 41 6 8 21 22 26
43 8 42 4 22 53 54 49 57 38 25 5 9 32 33 59 50 45 63 47 37 41 46 14 18 58 44 27 23 11 52 62 24 28 15 3 48 39 64 19 10 12 29 2 16 51 56 17 13 60 55 31 20 26 1 36 7 30 21 40 6 34 35 61
32 13 5 47 16 27 41 26 44 53 24 10 43 36 3 22 30 64 45 50 6 57 33 35 38 19 21 52 18 12 49 48 40 37 20 46 7 31 11 60 56 29 58 39 34 14 8 62 9 1 25 28 4 15 59 51 55 54 42 61 17 2 63 23
57 28 23 11 4 63 53 2 12 27 50 6 8 19 55 9 39 59 15 48 54 56 36 43 45 31 24 37 14 3 32 46 62 35 17 42 60 10 16 30 20 1 26 47 61 40 21 18 25 52 38 13 51 44 22 29 49 64 58 5 41 33 7 34
52 25 10 1 30 54 22 45 55 26 37 50 47 46 27 28 3 49 36 19 35 42 58 4 20 6 48 17 33 2 34 12 39 64 40 63 59 62 38 43 8 32 60 29 21 24 18 56 57 11 14 51 23 16 13 7 61 9 15 53 31 41 5 44
29 6 8 9 34 48 20 63 61 24 27 42 11 57 49 15 58 12 59 43 39 5 41 44 37 45 19 4 21 23 26 10 38 46 60 7 33 2 36 17 52 18 30 25 1 47 22 40 56 28 13 3 31 55 64 50 53 35 54 14 51 62 32 16
58 30 50 51 9 13 15 52 6 45 17 20 57 27 2 62 54 7 34 36 40 32 24 16 11 3 38 28 48 1 60 39 12 18 14 26 10 43 63 35 59 47 4 8 31 23 41 5 44 46 29 19 64 22 33 61 21 25 56 55 49 53 42 37
7 5 30 35 44 10 39 34 41 37 46 59 13 4 42 24 17 20 2 16 3 26 11 64 14 21 52 33 36 56 38 61 50 40 55 12 6 32 60 25 27 58 48 51 57 9 23 15 63 49 22 53 62 31 29 45 43 19 1 8 28 54 18 47
26 32 12 58 47 23 64 36 21 61 14 9 10 5 63 7 1 3 38 37 31 30 35 11 6 50 53 60 43 8 17 49 27 4 56 33 25 51 15 29 13 16 46 52 28 34 44 57 41 18 48 22 39 2 45 55 42 24 40 62 54 59 19 20
53 31 43 57 13 15 40 10 34 41 59 44 42 16 11 26 63 60 21 64 8 23 5 54 32 12 4 30 51 62 36 58 29 6 1 9 61 55 3 56 28 37 52 20 25 27 47 24 50 7 2 39 19 48 14 18 33 49 45 38 35 46 17 22
46 47 32 21 12 60 49 40 62 63 53 64 19 7 61 56 24 5 28 22 57 14 44 48 13 41 27 26 10 4 33 55 51 15 18 34 37 54 59 9 58 23 35 11 39 25 42 29 45 16 6 36 43 3 20 17 38 1 2 30 52 8 50 31
27 2 48 54 7 41 19 35 15 50 56 4 12 13 5 36 59 9 1 61 58 20 42 26 52 43 47 51 44 17 57 23 49 22 53 14 21 29 33 32 6 8 18 62 11 10 55 64 24 34 28 60 38 30 31 16 40 39 63 37 3 25 46 45
50 24 34 46 3 39 48 43 40 47 1 27 25 55 6 18 64 32 33 15 14 10 4 22 7 44 36 16 29 35 13 20 11 21 19 49 52 8 58 54 61 45 53 37 41 63 38 51 31 62 42 5 56 23 26 30 17 2 9 28 59 60 57 12
47 50 36 53 52 44 43 23 63 21 54 35 38 11 62 25 41 13 22 14 28 64 19 32 2 16 61 40 57 7 29 45 56 59 33 6 46 5 24 26 55 10 17 31 42 48 51 34 20 15 30 9 27 37 8 49 1 58 12 60 18 3 39 4
45 54 56 42 46 58 34 48 30 1 29 55 49 28 19 6 11 47 13 8 53 37 12 63 4 61 40 5 31 52 2 60 33 27 51 57 22 35 44 50 17 38 14 41 64 21 15 7 36 9 39 25 16 24 32 3 23 62 10 26 20 18 43 59
15 42 28 41 55 38 2 17 1 31 33 49 27 63 56 3 8 35 40 62 29 43 47 45 53 54 32 23 60 19 25 26 9 57 39 22 44 34 21 5 18 36 12 64 52 58 46 14 48 51 37 20 13 10 24 59 6 4 30 7 61 50 16 11
33 37 3 29 49 56 14 4 9 62 19 63 26 25 59 13 15 53 16 18 7 48 43 57 30 20 41 54 6 21 55 64 31 5 28 35 1 44 45 24 51 22 11 34 36 50 52 58 46 17 8 27 42 61 39 10 47 12 60 32 2 23 38 40
21 39 51 31 32 4 35 50 48 36 41 40 55 29 20 44 2 22 27 13 11 15 34 58 60 47 46 64 63 59 30 57 3 54 24 25 16 33 8 42 52 19 62 6 7 37 61 28 53 49 9 17 45 56 38 23 14 43 5 1 26 12 10 18
41 23 39 26 45 8 46 56 58 44 5 38 51 64 25 32 57 16 19 21 22 36 17 6 50 63 31 2 52 54 18 37 42 1 10 29 28 14 20 49 53 48 61 60 35 59 30 43 47 13 11 7 9 40 55 15 62 3 27 12 34 4 33 24
6 60 53 23 50 3 12 55 52 43 51 47 21 8 16 33 32 38 26 58 4 35 27 20 34 17 15 61 1 11 40 18 14 28 31 46 62 37 41 63 30 5 44 59 19 13 24 36 49 45 56 57 54 25 10 9 64 7 29 2 22 42 48 39
54 36 2 55 11 6 44 12 45 16 57 26 48 34 9 61 28 19 17 53 38 50 14 5 23 59 39 18 42 64 3 43 25 24 52 30 63 40 62 31 7 27 51 35 32 22 13 60 37 46 49 10 21 41 15 1 8 56 20 58 33 47 4 29
19 12 33 63 1 47 8 7 37 57 35 21 22 9 10 17 14 49 55 20 59 3 53 34 44 5 42 41 62 36 23 11 30 39 2 32 38 52 29 4 48 40 24 45 58 15 50 31 43 18 64 13 61 26 28 56 54 6 16 25 60 46 27 51
5 52 59 45 8 30 28 9 10 38 16 15 53 26 14 63 40 55 20 56 2 21 46 24 64 35 62 1 54 60 27 36 23 32 49 18 47 7 42 22 43 31 57 58 4 12 44 37 11 33 19 29 34 17 51 6 25 50 41 3 39 48 13 61
52 33 37 36 23 11 50 62 20 2 21 14 7 48 34 1 56 42 31 59 46 53 35 30 3 39 45 24 61 5 58 49 18 16 47 15 64 22 10 44 19 41 9 4 55 32 54 38 28 29 25 63 40 43 17 12 26 13 8 6 27 60 51 57
31 22 17 3 27 61 63 64 19 7 20 24 5 46 23 51 43 1 14 30 16 54 57 25 29 2 6 42 50 47 12 40 36 35 4 55 34 13 18 28 45 49 26 15 56 52 48 59 21 44 37 60 41 39 58 62 32 33 38 10 53 11 8 9
57 53 49 12 29 17 59 52 4 46 2 25 35 58 39 30 31 8 45 54 36 18 64 3 61 33 56 9 7 44 63 47 41 34 6 50 42 26 14 24 40 62 23 27 43 51 16 10 15 60 55 1 48 20 13 38 28 11 21 19 5 22 37 32
42 56 45 20 61 15 10 28 53 22 9 29 50 47 60 58 55 30 35 6 41 49 5 62 8 36 44 32 24 23 37 25 19 48 43 63 3 17 2 38 57 59 54 52 27 7 11 18 39 64 31 51 46 16 14 1 4 34 13 33 12 21 40 26
51 4 58 60 41 31 23 26 61 30 55 56 2 54 49 57 1 40 48 42 35 52 3 8 12 47 29 38 63 9 39 32 44 20 36 5 11 24 34 7 22 13 28 10 62 16 64 17 19 27 14 59 25 33 45 21 37 53 15 50 6 18 46 43
34 3 25 7 5 36 21 11 44 53 39 35 31 49 64 18 61 4 56 37 27 57 24 42 58 63 10 6 13 38 51 8 43 30 15 52 55 23 50 26 20 28 33 54 16 60 29 9 2 40 32 19 17 46 1 45 12 14 22 48 47 59 41 62
48 63 29 19 22 60 51 49 11 33 7 44 4 32 8 10 58 34 6 18 21 61 31 12 62 40 59 37 38 1 46 24 14 41 25 3 2 9 13 17 64 39 55 28 47 45 53 57 23 30 54 26 16 35 56 27 52 5 50 42 43 36 20 15
4 11 9 38 40 28 24 32 57 20 30 45 3 19 55 48 17 46 42 41 62 29 2 36 47 56 52 49 31 12 64 59 60 58 5 43 8 35 23 6 33 16 25 53 15 63 27 21 44 50 34 14 7 13 22 10 18 37 1 39 51 26 61 54
63 61 18 28 51 10 9 24 12 17 13 32 23 52 41 26 29 60 38 15 30 5 39 21 25 59 20 43 16 57 48 35 11 19 58 40 1 4 64 54 47 33 46 8 44 62 6 56 55 3 27 50 22 31 49 14 36 45 7 37 42 53 2 34
26 37 42 29 25 18 36 47 51 60 61 2 40 5 1 50 3 45 11 28 64 17 44 14 33 27 19 56 46 32 10 4 24 9 43 58 16 12 31 35 62 6 38 39 41 59 30 20 54 7 48 53 57 15 21 55 13 23 63 52 8 34 22 49
43 23 12 40 44 48 54 1 38 5 31 58 61 63 53 33 9 35 60 57 56 32 13 10 27 51 2 19 14 39 24 15 17 37 20 26 45 36 55 4 50 34 18 7 6 11 22 8 3 52 30 28 49 62 64 59 46 21 42 29 41 47 16 25
8 13 48 7 27 23 10 54 21 26 25 20 9 37 45 52 2 17 63 47 39 46 59 55 30 16 14 35 5 43 31 12 49 33 60 53 19 64 38 58 3 56 11 34 61 6 15 51 1 32 42 22 40 44 4 18 24 57 36 28 62 41 29 50
59 28 3 61 45 53 62 42 64 54 12 52 44 23 63 7 39 50 1 24 31 4 41 2 37 26 60 36 6 16 17 22 48 46 29 20 30 51 27 5 10 18 21 57 34 14 47 49 13 43 38 11 15 55 33 8 9 35 56 32 19 58 25 40
55 19 24 23 60 46 49 14 18 12 7 51 58 50 59 38 54 53 57 5 28 9 36 56 63 8 40 29 1 37 26 2 31 17 4 44 64 45 16 32 41 15 43 25 35 33 39 30 47 11 3 21 20 27 42 61 22 34 52 13 48 62 10 6
1 44 8 31 29 50 59 41 6 3 37 18 2 28 47 32 15 14 33 64 5 19 12 17 34 9 7 39 4 26 40 21 38 53 61 42 60 58 45 25 54 11 63 51 22 10 23 62 57 16 52 36 48 49 46 30 20 27 43 56 55 24 35 13
46 25 1 30 32 41 6 38 55 2 39 63 59 10 16 14 57 23 8 40 54 45 20 13 18 44 24 52 60 35 62 27 5 34 3 21 37 56 17 50 9 12 31 42 28 48 51 7 22 19 11 47 64 53 26 29 4 49 61 36 15 33 43 58
45 60 13 46 23 44 22 53 49 52 42 40 8 20 33 15 19 5 28 14 12 26 55 35 41 2 63 25 58 30 1 50 62 31 36 38 21 39 7 29 37 3 48 47 57 56 24 64 27 4 6 34 9 32 10 16 59 61 11 51 17 54 18 43
47 46 14 26 53 34 48 4 54 39 9 29 30 8 32 6 63 16 40 56 55 13 58 49 20 17 37 3 27 2 45 62 33 43 44 7 12 42 52 18 21 57 5 36 64 50 41 15 25 28 60 31 19 22 11 51 35 24 10 61 38 23 1 59
31 8 47 59 50 4 20 19 14 43 28 6 49 33 5 3 11 58 18 53 10 42 38 44 64 25 21 17 15 22 39 29 51 9 1 45 57 40 30 56 46 63 35 2 13 7 32 55 41 27 26 52 34 23 62 36 16 12 54 60 24 61 48 37
15 41 61 34 22 56 64 36 40 1 26 42 43 57 38 13 50 12 54 21 53 31 4 16 6 5 17 58 7 55 52 46 29 11 10 62 24 45 37 33 30 2 60 59 14 19 3 35 18 63 8 9 51 48 39 49 28 25 23 27 44 20 32 47
33 22 43 51 35 19 38 48 41 7 46 24 1 16 3 44 6 25 50 58 59 56 40 63 62 20 10 12 21 39 15 9 26 23 57 28 34 11 61 64 36 30 29 37 52 45 27 14 60 54 2 5 17 18 32 42 47 13 53 8 49 4 55 31
17 38 23 22 8 54 51 62 34 56 61 5 7 11 6 24 26 15 21 16 27 35 42 30 2 46 53 44 55 29 43 41 20 60 59 33 48 13 25 63 39 32 52 4 36 37 18 28 64 47 1 3 31 14 9 50 49 19 58 10 57 12 40 45
10 5 11 53 16 63 4 64 46 40 20 37 21 17 14 36 42 59 34 44 7 41 6 62 8 55 38 28 51 3 60 19 12 45 31 61 43 30 15 13 18 47 24 27 32 9 56 58 48 52 39 57 54 50 29 26 23 2 49 1 25 35 33 22
38 1 32 41 34 59 50 8 15 48 2 17 61 29 40 9 5 3 36 18 6 53 13 57 26 37 54 24 23 25 27 60 30 58 51 49 10 22 11 19 35 4 14 44 56 12 42 43 63 64 46 39 7 21 47 33 52 45 28 55 31 62 20 16
51 61 58 19 52 46 15 35 11 16 55 49 57 43 18 39 22 32 42 36 4 34 47 37 29 54 41 26 44 59 30 33 3 48 6 12 7 14 2 23 28 45 17 24 31 21 64 5 56 50 13 27 60 62 20 9 53 1 40 38 63 25 8 10
41 6 59 61 15 58 53 3 9 33 10 64 46 34 19 22 14 47 48 8 40 54 11 24 60 39 55 4 29 5 49 23 27 20 28 57 44 36 12 43 62 37 51 63 1 32 52 21 26 38 18 45 25 13 31 17 7 16 30 50 35 2 42 56
26 54 56 42 11 39 9 7 63 35 51 62 5 48 34 58 41 64 13 49 14 10 19 15 38 61 36 16 22 21 59 40 53 1 18 6 33 44 57 60 50 23 30 29 8 47 4 24 31 12 28 25 46 2 3 37 55 43 45 52 27 32 17 20
58 11 28 38 49 13 37 12 25 47 19 60 18 24 10 35 40 4 16 51 21 48 45 3 14 41 31 6 57 52 2 61 50 15 33 9 5 32 63 53 17 39 55 20 7 34 8 29 43 1 22 56 27 30 59 64 36 62 44 26 54 42 46 23
21 39 49 6 47 2 14 10 38 22 17 27 51 26 55 30 56 20 15 13 37 61 33 43 3 35 52 60 18 1 58 59 23 64 25 29 63 5 36 42 8 48 32 41 19 62 11 34 53 45 9 50 16 40 24 31 46 4 12 7 28 54 57 44
32 10 13 54 25 31 28 63 4 20 30 47 40 64 49 26 52 37 14 19 29 44 39 8 23 15 48 9 50 38 12 55 57 41 17 35 22 1 33 16 56 6 58 45 11 24 53 59 21 34 27 51 42 60 46 3 43 7 61 2 18 36 5 62
42 12 10 20 4 8 35 11 19 21 13 55 3 36 30 51 64 46 6 59 63 37 34 5 24 45 39 33 62 56 38 32 43 18 14 58 52 9 60 31 40 7 53 25 27 44 48 17 28 16 29 26 41 49 22 23 1 50 54 15 2 61 47 57
5 53 51 3 12 7 32 56 30 41 4 14 47 25 20 17 43 45 11 42 16 15 29 34 61 58 62 1 38 57 36 8 9 46 24 26 18 55 44 28 22 40 33 31 37 23 21 10 54 35 52 59 39 27 64 2 13 49 60 48 6 50 19 63
48 33 5 57 41 11 12 45 53 63 16 56 26 7 23 52 32 10 31 25 62 50 3 64 19 21 47 54 61 17 46 35 39 30 2 38 6 29 13 22 51 1 44 60 4 58 55 40 36 15 24 20 49 37 28 27 14 8 9 42 43 34 59 18
53 50 17 33 31 63 41 23 48 44 1 9 4 55 16 28 59 34 2 30 11 57 27 45 52 42 15 5 3 54 18 64 36 21 39 43 62 10 32 40 19 13 38 35 61 25 6 20 37 29 26 7 56 24 49 46 12 47 8 14 60 58 22 51
27 47 42 12 3 36 8 34 1 17 57 10 48 16 14 61 45 30 60 22 35 49 2 6 32 19 29 51 11 62 23 25 56 59 58 20 28 37 41 9 46 5 4 64 24 13 15 31 50 40 38 21 63 43 55 7 54 33 44 53 52 18 39 26
54 56 30 40 1 48 19 50 47 37 41 59 53 58 45 57 4 8 22 6 60 36 64 26 10 44 32 42 13 16 51 15 7 35 49 52 25 62 55 2 43 31 28 11 14 27 29 18 20 9 34 63 38 39 21 12 17 5 23 33 3 46 61 24
6 24 37 35 55 23 34 49 51 57 47 58 9 46 64 31 28 40 56 50 36 3 1 20 45 27 16 2 48 12 32 39 18 5 30 44 42 43 29 38 53 41 25 10 62 14 22 60 11 63 54 19 13 33 26 15 21 61 52 17 59 8 7 4
49 4 45 46 51 44 2 28 20 31 35 52 23 54 9 10 61 25 63 15 58 30 38 42 53 43 27 36 33 32 60 48 19 16 47 14 3 8 34 7 64 59 12 37 21 40 50 11 13 62 18 57 24 55 17 56 26 6 29 39 5 22 41 1
29 59 34 60 7 28 21 55 50 30 5 45 12 49 39 63 58 16 1 61 2 43 44 48 14 26 56 27 24 47 8 54 42 40 19 3 11 51 38 57 20 10 9 52 25 6 41 36 46 17 31 53 23 35 13 37 18 64 22 62 32 33 4 15
19 32 53 36 5 30 56 52 57 6 21 20 50 9 1 44 8 7 38 48 3 18 47 12 58 31 4 41 54 35 64 10 25 28 15 42 59 26 24 63 33 16 46 62 37 22 61 49 39 51 60 17 43 14 45 55 40 11 2 13 34 23 27 29
7 30 14 63 40 18 1 21 56 24 33 4 35 47 8 48 31 22 59 54 46 41 5 32 27 12 6 38 36 23 34 37 44 19 20 55 13 17 10 49 57 62 26 51 43 52 16 9 2 28 64 29 45 15 58 61 42 53 50 60 11 3 25 39
57 31 33 45 9 15 14 1 10 60 25 40 22 52 27 18 30 47 35 43 41 21 17 36 4 37 59 44 46 7 3 58 38 6 53 5 61 2 50 19 54 63 34 8 42 48 13 62 55 32 56 28 20 23 29 26 64 39 24 51 12 11 49 16
34 3 9 21 61 17 36 26 49 27 46 18 42 63 2 50 55 59 29 62 64 13 43 11 7 25 20 52 10 19 57 47 41 39 31 40 56 15 8 35 45 28 60 44 6 51 38 14 24 30 32 5 4 22 1 16 33 23 58 12 53 48 37 54
52 2 29 51 44 37 63 9 14 5 26 42 31 19 53 45 24 17 28 16 39 64 36 4 25 33 38 40 43 11 55 27 49 60 61 50 46 34 3 58 7 57 20 59 15 30 18 35 41 47 1 10 22 32 56 23 8 54 13 6 62 21 48 12
11 36 25 28 27 3 40 2 61 26 29 35 10 17 42 62 1 12 20 44 22 52 6 55 50 5 19 23 14 43 33 24 51 4 56 21 45 7 59 18 37 34 63 53 47 15 54 57 9 38 48 31 60 46 8 64 32 58 49 30 39 41 16 13
43 23 39 11 30 41 34 54 37 53 42 63 58 5 56 35 6 9 26 20 57 46 31 21 12 51 4 25 16 8 48 45 14 17 52 33 55 64 18 60 13 49 2 15 24 59 27 38 1 19 28 22 40 10 62 7 61 3 36 29 44 47 50 32
50 63 40 9 46 61 23 17 41 62 54 15 18 1 38 33 43 42 14 57 12 31 58 13 47 16 45 30 52 64 26 19 60 32 44 28 5 24 20 25 36 29 21 39 22 37 48 55 10 34 8 11 56 7 59 2 6 27 53 3 51 4 35 49
4 13 2 29 23 60 46 41 63 61 20 56 47 57 25 40 5 1 16 28 14 48 53 49 10 55 36 12 44 26 15 43 17 52 24 30 8 54 64 31 6 33 18 58 39 11 37 50 45 7 19 34 51 3 32 42 62 21 38 27 22 35 59 9
63 46 50 26 16 27 43 32 45 54 31 51 49 28 11 56 59 15 33 21 55 17 40 25 44 8 41 19 10 36 13 18 12 58 57 62 29 35 37 64 52 22 5 6 4 60 30 24 23 3 42 1 39 48 47 38 9 14 7 61 20 53 2 34
46 5 36 23 35 38 49 22 21 52 61 6 55 53 62 59 9 64 45 43 8 26 56 14 4 50 40 32 27 37 29 60 30 54 2 34 18 33 58 17 47 12 48 28 41 63 51 10 15 44 39 3 57 20 24 31 16 25 1 19 42 7 13 11
8 2 41 47 45 50 32 48 46 38 4 37 59 24 5 1 26 58 27 40 54 29 55 44 33 3 56 17 60 9 62 21 23 22 43 61 14 34 63 28 18 11 31 36 57 16 42 64 49 52 6 13 19 53 39 51 35 12 10 15 30 20 7 25
34 49 1 45 32 10 37 47 12 46 48 21 44 20 59 38 57 50 8 51 39 23 24 15 53 40 61 43 58 3 64 11 9 27 60 35 2 14 25 6 41 19 7 63 13 33 4 5 22 54 30 52 17 18 42 62 31 16 28 36 55 26 29 56
1 52 34 31 4 47 29 38 55 37 28 24 5 13 33 36 32 11 22 14 53 2 42 35 41 46 17 58 15 44 40 57 26 12 18 49 48 23 62 50 21 3 54 20 16 19 7 8 27 64 9 60 61 39 10 45 25 43 30 56 63 59 51 6
50 41 48 7 49 45 54 9 6 16 37 59 27 8 63 25 64 13 40 5 28 42 12 17 32 10 21 29 18 55 52 62 20 15 36 43 60 2 61 24 30 53 35 57 31 47 56 23 19 4 22 14 46 44 51 3 38 39 11 1 26 34 33 58
49 44 61 36 60 34 51 19 54 50 7 26 9 12 32 10 42 8 15 52 2 14 4 37 45 35 31 64 63 25 1 46 39 57 55 20 43 58 28 23 53 27 62 47 11 30 3 59 18 13 29 56 21 17 33 6 22 5 16 48 41 24 38 40
52 38 60 1 58 56 4 14 44 35 39 61 8 32 34 62 54 3 50 6 64 19 57 16 30 9 42 49 22 45 43 41 11 18 28 5 63 31 21 46 51 37 29 48 7 24 23 20 25 27 55 36 13 2 15 33 12 47 40 10 53 26 17 59
55 25 47 59 61 39 35 26 20 30 1 44 4 33 6 45 63 38 54 53 15 56 64 58 50 17 48 2 51 9 14 49 5 24 29 52 13 62 27 16 43 8 11 7 28 23 32 34 57 12 46 10 41 37 3 21 36 19 42 40 18 60 22 31
7 37 30 55 13 54 20 35 62 48 51 4 53 27 41 28 19 10 31 64 63 5 25 22 23 6 14 39 34 60 21 50 3 1 49 45 61 12 44 2 56 15 57 42 52 36 29 40 58 33 11 47 16 24 38 17 26 8 43 32 59 46 18 9
58 60 53 46 47 19 62 42 4 45 21 29 26 36 61 6 50 5 2 41 10 9 11 34 38 48 52 63 55 43 17 39 27 23 59 40 44 7 15 33 3 18 14 54 35 16 8 49 32 1 13 22 64 31 28 12 37 56 51 30 25 20 57 24
41 13 50 40 30 27 38 7 18 12 14 5 16 43 3 51 4 32 57 58 31 45 34 55 25 20 37 35 42 29 59 10 62 33 61 53 6 52 23 44 48 47 28 2 1 56 21 15 60 49 24 9 54 26 11 36 17 64 63 39 19 8 46 22
29 19 8 28 9 58 56 63 61 40 17 25 51 34 18 50 52 60 5 59 57 15 14 26 12 36 6 16 43 22 39 13 33 48 1 7 21 42 32 54 64 23 24 41 55 10 47 62 44 11 2 27 49 30 31 46 20 35 45 53 38 3 4 37
59 24 25 20 55 2 8 64 15 6 46 49 11 50 53 58 56 4 48 62 5 35 41 10 60 39 32 28 13 26 51 12 54 37 14 1 33 30 42 7 45 34 61 29 36 40 22 43 63 18 3 52 31 16 44 27 47 57 9 38 17 21 19 23
26 4 12 41 15 7 21 28 58 47 5 55 46 48 60 52 11 40 56 49 38 44 35 3 63 23 54 18 1 25 32 29 57 31 17 33 19 64 16 22 6 62 34 24 8 13 53 9 45 30 14 51 42 10 20 59 61 2 27 37 43 36 39 50
53 3 56 30 16 61 19 49 10 31 12 20 40 25 45 15 14 23 17 22 37 32 39 63 58 59 55 24 7 2 8 36 29 11 33 50 57 54 34 26 42 13 4 6 62 44 52 51 48 43 28 60 38 46 9 18 64 27 21 5 35 41 1 47
11 46 9 3 29 6 22 23 53 61 59 14 2 64 25 32 40 30 18 16 60 20 19 24 33 15 63 51 57 7 10 45 58 41 39 62 56 44 55 13 35 1 52 4 43 34 27 37 31 38 26 5 48 49 21 50 28 54 42 17 8 12 47 36
6 8 36 63 5 59 39 43 30 53 55 40 50 37 47 17 41 14 38 28 62 46 1 25 24 54 60 42 23 52 33 4 49 45 51 58 16 26 57 29 19 10 20 31 32 27 11 18 9 35 34 13 7 44 64 56 21 3 15 2 48 22 61 12
32 54 37 38 7 41 2 50 47 46 25 17 30 29 11 31 39 9 26 57 3 10 42 36 18 61 44 52 48 8 45 24 53 20 6 12 59 33 13 56 22 40 43 62 21 63 64 58 27 60 19 14 15 55 4 49 1 16 35 28 34 23 5 51
4 36 18 60 1 13 15 52 51 26 16 45 48 7 62 24 9 35 59 47 30 42 2 12 19 53 20 40 29 5 34 41 56 64 3 21 37 17 50 43 46 28 32 10 61 33 54 31 57 27 55 11 25 22 14 38 23 49 8 6 39 58 63 44
63 30 51 26 12 60 48 36 49 38 10 50 19 58 23 14 15 45 35 61 7 37 29 64 44 41 62 4 6 11 18 8 43 27 5 28 47 24 17 53 13 31 54 39 56 32 46 57 3 9 52 20 34 40 22 21 55 1 16 33 2 59 42 25
46 1 40 12 11 31 33 21 50 63 19 9 3 49 42 57 45 34 28 18 58 14 6 16 7 2 47 26 54 44 23 35 36 4 53 61 22 10 20 30 52 48 51 27 64 60 24 17 39 15 56 25 43 41 38 29 59 37 5 8 62 32 55 13
57 63 23 34 51 48 12 56 38 62 41 47 25 10 2 33 54 20 16 30 40 53 13 44 37 58 15 19 36 32 46 22 31 17 52 9 45 1 59 5 21 39 55 64 35 7 61 29 24 50 6 28 27 43 42 8 14 4 60 26 3 18 49 11
54 47 29 57 53 46 28 2 56 1 26 52 7 23 10 40 63 37 45 42 36 34 33 20 8 31 16 25 3 4 55 64 48 21 58 6 38 32 41 9 17 30 14 60 22 15 39 11 19 44 27 59 62 18 49 51 13 61 24 12 5 35 50 43
51 32 11 35 31 4 6 3 25 24 33 60 12 9 8 59 17 14 19 56 22 50 20 45 61 21 29 1 46 39 2 27 7 57 10 55 34 37 52 40 28 5 64 15 44 48 38 30 63 54 42 53 16 23 62 26 43 58 36 13 49 47 41 18
48 23 39 51 27 8 41 55 54 33 2 10 1 52 38 25 28 59 34 20 16 64 46 5 47 43 53 44 21 62 37 58 18 30 19 26 12 15 31 32 7 56 63 45 24 11 4 35 36 29 14 3 22 50 13 17 6 9 61 42 57 60 40 49
19 56 5 11 50 17 64 53 34 7 57 58 44 46 39 13 14 12 54 48 55 52 43 30 3 45 10 41 24 16 36 59 49 6 60 35 1 8 29 42 33 4 9 63 27 22 47 38 37 62 18 21 31 20 51 15 40 25 23 61 32 2 28 26
5 10 43 9 3 53 54 34 40 20 29 2 57 16 64 7 22 38 1 21 56 23 45 4 50 46 39 61 11 36 27 55 26 59 51 30 62 14 25 44 18 15 37 47 6 58 32 28 60 19 24 17 41 35 31 42 33 13 49 52 12 48 8 63
43 31 32 21 45 18 49 8 64 17 20 44 10 55 40 22 42 7 27 37 54 26 14 13 52 35 46 63 62 30 25 48 58 1 15 57 3 5 33 16 41 47 2 34 36 59 51 50 28 4 11 29 24 60 56 61 9 23 12 19 6 53 38 39
45 22 2 53 44 30 48 10 52 56 42 64 21 27 41 39 24 50 60 36 35 17 18 6 20 19 32 3 4 37 61 26 54 34 57 38 46 43 14 49 55 58 12 59 28 51 23 7 25 1 8 47 9 13 15 33 16 62 63 40 31 11 5 29
8 28 59 40 46 37 9 54 1 44 30 51 22 11 56 63 6 19 20 50 41 49 36 21 13 61 42 23 38 12 31 15 17 5 14 3 24 35 64 4 47 7 25 57 32 52 55 58 2 45 34 39 48 16 26 62 18 53 29 27 60 33 43 10
38 42 61 12 41 3 36 17 45 16 5 63 4 48 20 56 19 46 13 8 29 31 59 11 62 23 27 35 1 60 30 9 57 43 25 34 28 55 24 22 39 33 26 53 58 6 37 18 47 52 64 7 54 2 44 14 49 21 40 51 15 50 10 32
15 59 41 23 40 50 10 45 48 5 13 2 27 34 9 35 4 60 29 44 63 19 55 37 6 17 7 38 33 64 3 57 12 53 30 32 52 56 18 58 20 49 62 11 39 25 42 51 43 46 22 1 21 31 47 36 8 24 28 14 61 26 16 54
27 53 45 34 47 15 59 12 44 54 35 5 43 33 60 61 55 11 6 41 8 3 17 48 26 2 14 58 63 19 49 62 51 23 20 42 25 29 30 38 10 57 24 28 16 50 13 21 64 18 39 31 40 37 46 9 4 7 56 36 52 32 22 1
10 24 47 33 22 38 28 62 19 57 61 49 8 43 27 18 2 4 31 13 11 21 3 35 41 26 63 30 5 59 14 54 23 40 56 15 55 34 45 29 9 6 60 42 1 12 50 36 58 64 46 51 39 17 32 16 53 37 52 48 44 7 25 20
32 49 17 29 5 28 46 38 58 52 54 10 59 50 33 1 8 53 63 40 27 35 34 57 64 48 44 12 61 56 26 21 14 39 55 25 11 51 2 43 22 37 31 36 15 23 41 60 20 3 9 19 4 24 45 30 62 6 13 7 47 42 18 16
42 52 34 59 25 54 22 40 21 41 14 35 23 37 64 26 56 9 48 15 6 43 57 49 27 39 2 16 51 55 58 61 38 60 44 1 10 36 12 13 8 11 46 30 19 47 3 20 18 28 29 45 63 7 33 31 32 53 50 62 5 24 17 4
17 39 10 55 34 19 2 63 64 22 47 42 9 26 1 44 50 32 21 58 46 54 25 14 4 16 45 18 27 3 13 11 62 52 28 20 29 43 36 23 59 41 35 24 57 37 30 15 49 12 31 56 60 53 8 6 7 33 38 5 48 61 51 40
45 44 33 1 8 36 53 47 46 27 51 52 16 58 39 38 26 17 55 64 15 30 4 56 20 42 21 5 34 35 12 23 60 28 18 49 37 9 62 7 50 59 61 54 25 19 6 31 13 40 2 63 57 48 11 3 43 14 41 29 24 22 32 10
34 41 42 6 61 23 38 2 18 50 21 14 48 19 63 51 57 15 5 25 12 13 40 43 10 53 59 28 16 17 60 49 56 24 4 62 8 44 3 26 54 27 11 37 39 52 64 55 22 7 30 36 20 33 29 45 47 9 58 32 35 46 1 31
58 38 28 26 41 47 35 10 55 3 1 21 49 57 32 7 64 22 36 19 14 2 44 62 29 51 61 17 15 45 48 60 25 46 5 50 16 31 63 6 40 8 30 20 4 34 18 37 23 33 56 9 42 27 24 12 52 11 43 39 54 53 13 59
31 60 58 46 35 53 12 14 11 20 28 47 5 54 59 48 30 55 40 49 56 29 64 8 63 15 37 36 43 9 57 32 50 18 1 61 22 62 44 33 51 16 4 52 42 6 21 24 41 13 3 10 45 26 17 23 25 7 2 38 19 34 27 39
55 6 48 42 45 11 40 1 63 41 4 62 13 32 34 30 29 49 33 43 59 18 5 2 60 20 47 27 24 38 21 46 53 54 31 26 12 10 23 56 37 19 57 44 64 36 8 14 15 35 39 50 51 3 28 7 9 16 22 52 17 25 61 58
26 25 43 63 60 30 6 53 41 21 16 4 61 17 5 3 32 34 15 14 31 36 38 58 23 12 20 9 42 1 51 18 27 37 39 45 7 40 10 50 57 29 33 35 8 22 44 59 56 49 13 52 46 62 64 2 54 19 11 55 28 48 47 24
43 37 1 35 53 44 39 34 45 60 20 32 55 63 18 24 61 5 50 54 4 48 56 22 52 36 38 49 13 57 29 33 41 31 2 40 14 26 27 28 58 23 17 8 11 30 16 9 21 47 46 7 19 10 3 64 6 25 51 15 42 12 59 62
59 12 39 31 52 10 51 35 62 37 24 9 26 4 55 36 11 25 57 18 21 15 43 17 44 54 53 64 22 19 27 40 5 33 6 30 42 23 38 63 48 3 58 29 61 13 41 8 32 45 28 60 49 46 14 56 16 50 7 1 34 2 20 47
46 5 37 57 7 3 15 22 51 52 10 60 12 36 53 25 45 40 8 20 62 56 24 63 6 50 31 26 38 23 30 19 48 64 47 33 59 35 21 54 61 18 28 4 41 16 29 34 44 17 27 14 43 32 55 42 13 49 1 2 11 58 39 9
48 11 51 60 63 50 21 24 4 56 29 45 58 28 19 39 9 23 18 57 5 37 35 42 7 40 16 54 44 26 1 25 31 15 3 12 33 14 8 17 46 22 34 2 47 62 30 64 10 32 52 27 61 20 59 49 38 13 53 6 41 36 55 43
27 4 3 9 23 19 37 17 14 24 25 40 10 7 47 58 22 42 20 62 28 26 12 64 38 59 41 51 60 30 15 50 33 48 49 52 46 11 61 53 36 2 21 31 43 32 6 5 55 16 54 29 34 44 39 18 1 57 56 13 63 8 35 45
5 36 60 45 46 13 8 19 47 27 30 58 51 49 10 61 59 3 6 28 41 9 11 16 25 33 54 24 50 21 62 17 7 35 43 63 18 39 32 2 20 56 29 53 34 40 42 23 48 15 38 31 64 14 22 37 26 1 52 12 55 4 57 44
19 53 36 51 1 17 56 45 49 35 59 26 7 52 2 62 28 10 14 47 27 57 41 15 24 25 48 42 23 5 3 12 29 54 30 58 63 37 16 46 39 32 38 64 31 44 22 40 9 11 60 34 13 43 4 55 61 21 20 8 6 18 33 50
54 50 40 47 13 7 33 42 57 17 26 61 31 8 6 14 15 35 27 52 2 5 20 34 32 9 46 39 63 16 59 10 3 12 53 28 44 24 60 30 41 1 18 48 62 19 56 49 45 43 55 22 25 21 58 29 64 23 38 37 51 11 4 36
21 8 18 38 31 2 32 36 37 39 55 50 25 10 62 28 40 13 11 16 6 44 17 14 30 3 60 41 58 29 63 4 26 45 59 57 47 56 34 9 35 48 5 42 52 24 53 43 49 54 64 1 7 15 20 46 33 61 12 27 22 23 19 51
41 42 50 36 16 38 4 52 10 54 14 59 53 5 27 22 3 8 56 61 35 32 45 6 18 55 29 2 48 60 37 13 20 23 33 9 64 58 57 40 43 63 44 30 19 51 39 62 31 34 1 17 15 49 11 26 46 47 24 28 25 21 7 12
49 13 45 22 58 59 44 43 34 47 12 6 57 20 11 56 41 64 26 51 16 52 1 48 4 18 17 25 14 55 38 33 36 60 10 53 61 8 15 35 42 19 9 54 24 50 3 28 23 46 32 63 27 39 31 21 40 2 5 30 62 7 29 37
6 10 12 3 9 8 14 26 40 36 54 17 1 64 38 13 52 47 42 22 4 45 2 30 37 41 62 43 27 44 34 39 19 46 20 49 21 32 28 15 59 31 60 58 16 7 11 29 18 51 48 5 24 25 56 61 55 33 50 53 57 35 63 23
15 1 41 4 3 54 63 38 51 16 57 20 47 9 49 35 42 45 2 53 60 10 31 36 58 44 52 33 55 12 40 23 11 32 17 6 34 64 37 5 56 28 48 25 21 59 7 30 43 19 24 39 62 22 13 27 14 8 29 61 18 50 46 26
33 60 49 28 51 15 62 8 52 48 2 29 11 13 61 31 58 46 1 59 14 23 4 57 27 5 39 40 21 43 32 47 18 53 36 35 56 54 42 38 45 10 64 34 6 25 24 17 44 63 26 19 41 7 55 30 37 3 9 50 12 20 16 22
51 47 5 20 27 18 19 49 12 45 9 37 2 29 23 40 54 38 63 48 8 34 53 35 41 56 10 61 57 32 31 60 43 22 24 1 14 15 64 42 52 7 46 36 55 58 21 11 13 44 6 25 16 17 33 59 28 62 30 3 39 26 50 4
50 31 9 53 12 56 43 48 1 63 47 64 46 24 16 45 39 58 22 41 37 54 13 32 26 36 14 35 52 59 49 11 30 28 61 44 3 29 20 25 62 6 34 57 7 23 18 55 60 27 42 21 17 40 8 51 4 5 10 19 2 33 38 15
63 2 8 11 34 58 23 21 15 40 42 55 22 12 20 18 19 17 28 56 39 46 3 24 13 6 7 49 31 36 52 64 44 43 4 5 57 33 45 32 54 59 62 41 1 48 50 35 26 30 29 51 9 27 10 16 53 14 61 60 38 47 37 25
11 4 1 21 50 31 64 56 44 7 48 58 27 36 40 57 14 49 34 8 22 53 6 12 62 37 55 16 18 17 61 24 38 35 52 3 19 5 25 54 10 30 32 20 15 47 51 60 39 29 2 28 63 41 46 9 59 45 23 26 33 42 43 13
4 37 2 63 49 47 41 64 20 26 35 44 30 16 1 38 6 5 29 21 7 14 25 13 50 8 19 52 46 39 36 54 48 33 58 42 62 55 11 24 3 40 43 45 22 56 61 57 28 9 31 53 23 60 17 15 18 12 27 10 32 59 51 34
52 22 56 55 11 46 40 41 47 1 61 14 50 23 60 10 43 19 16 44 29 17 57 62 3 59 24 38 33 64 45 37 5 31 51 25 28 42 30 2 58 12 35 39 4 15 48 34 21 18 13 26 49 53 9 6 36 54 8 7 20 32 27 63
53 44 23 47 25 37 15 28 48 12 41 18 43 46 9 52 24 34 38 30 3 64 29 49 61 33 42 63 11 54 2 32 27 58 55 20 45 26 13 5 51 39 4 7 56 14 8 50 1 60 19 57 22 62 59 10 21 6 35 40 31 36 17 16
17 12 51 23 4 48 21 54 37 62 31 35 42 49 8 32 50 9 55 24 58 43 27 10 45 16 15 29 1 22 14 46 39 64 44 7 2 30 63 18 53 5 26 28 57 60 13 38 25 52 11 20 34 33 3 36 47 19 41 56 59 61 40 6
38 54 61 35 15 36 50 32 6 3 46 42 4 63 45 59 26 20 13 37 5 41 24 25 58 43 40 30 62 57 18 22 60 48 56 21 33 2 31 23 9 16 12 27 34 11 44 7 10 17 49 47 19 39 51 14 8 64 1 55 52 53 28 29
42 61 33 9 8 27 53 12 56 60 17 47 40 64 41 1 5 32 45 6 46 3 14 4 63 51 54 24 7 35 43 18 19 20 29 38 25 36 52 16 28 11 2 44 13 37 30 21 55 50 22 39 57 48 26 31 23 58 15 62 49 34 10 59
7 11 13 41 29 45 20 23 30 21 19 9 16 5 56 44 17 40 60 50 64 4 46 22 47 42 27 18 6 8 12 48 25 52 14 43 59 1 33 26 57 34 51 10 37 63 55 31 53 28 3 36 61 15 38 62 35 24 54 2 39 58 32 49
1 5 45 26 40 39 46 50 25 43 51 27 44 4 3 63 56 11 18 14 10 30 55 8 24 6 48 17 29 62 13 19 33 34 2 15 52 35 36 64 7 57 37 58 61 21 16 20 32 47 9 59 31 23 28 38 22 53 49 42 12 60 41 54
8 46 37 42 47 61 29 63 53 57 13 51 23 26 33 50 55 7 36 19 59 21 5 20 44 31 39 2 54 56 10 62 12 30 25 22 38 43 41 17 6 27 52 11 28 34 15 9 48 4 14 45 64 16 58 3 49 35 40 32 60 24 18 1
10 52 42 46 58 6 12 7 9 33 37 25 3 28 32 26 63 55 35 15 38 45 34 48 23 41 21 19 4 11 17 57 31 40 5 14 1 39 61 43 18 53 24 47 16 27 64 59 20 49 30 56 60 44 29 50 54 2 51 36 8 22 13 62
52 38 39 12 22 58 34 55 61 53 2 4 21 27 63 36 9 45 54 42 40 44 35 11 60 10 31 56 51 3 26 49 43 37 19 29 16 24 18 28 30 41 20 6 25 33 23 14 64 62 8 13 48 50 47 17 32 1 7 5 15 46 59 57
57 56 34 45 44 41 1 14 4 31 12 60 8 10 19 24 59 23 17 58 21 36 38 43 53 20 47 9 3 52 25 27 7 6 30 55 18 64 50 63 13 61 28 37 11 62 54 15 46 35 48 5 39 32 22 33 42 49 16 29 51 26 2 40
38 23 32 53 30 34 64 24 46 37 1 45 22 48 42 51 58 35 59 49 55 19 2 56 6 44 10 5 13 26 40 29 62 11 61 18 60 9 14 57 50 8 21 63 27 12 52 36 41 15 54 7 43 31 39 16 17 47 28 33 3 4 25 20
32 25 48 30 12 28 39 19 49 50 33 61 55 9 59 3 31 64 57 36 63 5 11 26 41 53 52 54 16 45 60 21 20 15 1 43 44 58 29 40 8 4 17 62 24 10 6 56 37 13 38 34 46 35 14 23 7 27 42 51 22 2 47 18
45 41 10 28 7 60 51 47 63 46 39 15 59 25 55 58 4 16 21 40 54 13 36 2 52 18 38 43 44 9 31 35 14 27 57 34 48 62 12 33 37 23 30 8 19 24 29 5 11 1 6 3 42 20 32 61 64 56 53 17 26 50 49 22
11 19 25 1 16 31 59 41 57 22 21 56 58 53 2 28 61 60 6 5 62 64 43 17 20 54 45 3 48 37 23 36 50 18 47 38 63 51 27 35 40 39 29 4 52 30 46 8 24 33 55 26 15 10 44 49 9 12 13 14 34 7 42 32
42 59 17 20 55 23 44 62 54 35 31 63 13 12 25 61 8 10 33 47 30 48 56 21 7 50 46 51 58 4 52 45 53 5 28 9 29 34 3 49 19 22 57 2 36 16 39 64 27 60 32 14 40 18 24 37 38 6 43 15 11 41 1 26
29 32 58 60 11 4 37 3 45 24 30 10 2 54 34 35 57 25 50 22 64 9 33 16 19 46 7 26 36 5 21 59 41 39 49 6 43 17 23 13 47 18 53 51 62 27 38 28 15 40 52 31 56 14 42 8 1 61 63 48 55 12 20 44
7 63 60 59 50 27 2 34 14 47 41 62 51 29 18 6 28 30 48 25 11 35 46 12 8 40 44 4 5 39 55 9 17 45 43 58 13 23 21 15 57 3 33 52 31 36 32 49 56 19 24 22 54 26 10 64 53 16 20 1 38 42 61 37
17 28 29 33 63 39 35 4 55 16 42 49 10 57 5 56 30 59 19 41 54 15 53 34 12 13 60 61 31 1 32 26 51 24 52 7 37 14 64 46 36 45 58 48 8 40 50 23 47 44 18 9 25 3 21 27 20 62 2 38 43 11 22 6
41 30 43 51 31 48 19 1 38 5 4 6 26 17 53 14 39 3 20 54 36 10 27 15 32 21 59 28 60 56 37 61 9 52 18 42 11 29 34 44 7 49 25 24 47 50 16 40 22 46 64 57 45 55 62 2 13 33 58 12 63 35 8 23
53 36 12 57 34 2 32 17 62 44 20 40 42 7 10 39 22 1 8 50 38 49 59 63 26 9 16 41 23 64 48 58 11 43 24 5 47 52 15 30 61 33 31 60 6 13 56 29 27 3 46 21 4 37 45 55 25 14 54 28 19 18 35 51
33 6 36 34 61 11 43 22 19 7 55 32 35 47 30 62 15 38 56 28 39 20 40 64 25 5 63 1 50 21 8 46 23 27 60 44 52 31 45 29 10 2 14 59 41 48 42 51 58 12 26 53 16 24 4 18 17 13 49 37 54 3 57 9
43 50 53 31 27 46 8 23 44 20 24 26 49 19 56 48 52 4 2 61 12 37 6 45 18 25 29 33 11 16 34 64 36 1 14 35 5 32 62 9 17 57 63 30 58 7 21 10 39 51 60 28 38 3 15 59 40 54 22 42 41 47 55 13
1 49 9 6 5 34 23 50 14 52 10 29 27 20 60 63 40 47 42 13 28 18 45 58 38 55 41 64 54 3 57 12 30 22 15 33 24 11 31 26 8 62 61 35 44 51 37 43 46 32 19 25 7 21 56 17 59 4 36 53 2 48 39 16
5 56 41 36 4 30 62 14 55 61 46 42 9 8 47 52 6 58 31 16 10 53 44 3 37 17 20 39 7 22 59 15 51 12 33 1 2 40 24 50 13 27 57 54 32 63 48 18 26 29 34 11 21 43 64 45 28 23 38 35 25 60 19 49
50 10 40 22 1 56 38 35 54 26 48 24 18 52 16 31 41 13 60 14 46 2 57 32 64 39 62 36 61 7 58 8 29 15 3 63 55 5 28 6 33 34 17 53 42 44 4 37 45 30 9 19 51 23 59 12 43 25 11 27 20 21 49 47
55 13 5 11 9 19 4 45 49 36 47 21 43 50 20 40 42 23 22 51 15 61 12 37 29 56 17 3 34 44 63 39 57 30 10 32 8 33 59 53 48 16 18 27 62 58 24 31 2 38 28 1 60 14 46 26 35 64 52 7 6 25 41 54
59 38 18 51 15 36 35 54 12 39 9 64 1 32 6 13 45 50 5 53 55 46 14 24 60 42 61 23 52 30 62 10 26 31 58 28 57 37 17 22 20 8 48 7 47 19 44 11 63 27 29 56 4 25 49 3 16 21 41 40 2 33 43 34
19 53 11 41 29 8 63 48 57 3 5 52 12 23 39 17 26 37 40 44 59 31 18 56 13 58 2 51 1 43 64 55 14 34 4 49 61 15 30 7 50 6 33 28 21 32 22 20 24 16 42 36 27 46 38 9 54 45 10 60 62 35 47 25
8 39 28 40 60 53 6 64 21 45 29 2 16 24 61 33 50 35 27 20 62 17 31 5 30 54 56 25 4 19 46 43 44 48 59 26 38 42 37 32 18 47 58 15 57 14 7 36 41 34 3 63 13 22 9 49 55 11 51 10 52 23 1 12
6 23 47 36 46 4 51 63 48 40 19 37 53 11 62 45 8 17 28 57 22 26 55 58 3 13 42 16 33 54 30 25 60 18 56 50 34 12 38 2 39 10 44 64 7 52 27 14 43 9 49 59 41 35 24 29 21 5 61 1 31 20 32 15
49 30 23 1 25 45 36 32 63 60 35 50 46 33 64 9 11 42 26 19 57 52 41 34 62 48 37 27 29 2 61 40 38 53 17 20 59 44 8 16 28 12 51 10 56 22 13 7 21 43 54 3 15 18 31 14 6 24 5 39 55 47 4 58
34 5 3 7 35 18 46 21 9 43 54 27 25 16 63 22 17 55 11 62 31 32 36 15 50 12 14 40 6 23 38 48 58 37 20 53 64 2 44 42 30 4 29 47 8 60 41 56 19 45 39 51 24 49 33 10 61 57 13 52 28 26 59 1
48 36 50 38 49 61 22 28 45 1 4 9 19 55 40 25 43 3 15 30 58 34 56 42 27 16 6 35 13 62 2 17 39 11 44 12 10 14 32 54 41 29 5 51 64 23 53 24 47 52 31 60 57 7 20 46 37 8 21 26 18 59 33 63
15 44 18 6 47 41 14 40 30 24 61 49 31 4 59 32 29 12 34 48 63 42 39 21 2 5 27 36 22 57 45 35 54 58 53 62 46 51 33 23 52 7 64 8 19 25 55 38 28 11 1 13 20 16 3 50 26 9 43 56 17 60 37 10
10 8 13 33 51 38 41 36 52 62 26 59 5 46 23 44 54 7 14 15 40 4 29 35 47 37 53 58 27 32 1 45 9 20 49 30 60 56 42 17 43 3 25 63 24 21 11 50 48 64 2 34 22 55 39 6 12 19 28 61 57 18 16 31
63 22 1 23 40 28 10 26 20 35 51 5 7 12 2 59 14 60 33 56 37 41 45 16 24 15 19 4 55 38 58 32 3 39 31 57 6 8 11 25 64 62 30 29 43 47 52 9 53 54 18 17 34 27 44 21 46 49 42 50 48 61 13 36
46 25 42 60 53 37 2 56 62 41 13 17 50 43 55 57 24 19 16 21 30 3 20 10 8 61 15 32 38 52 51 9 26 64 18 14 45 1 63 44 58 5 11 39 22 33 54 35 49 28 27 29 40 48 47 36 31 4 23 6 34 12 7 59
51 52 56 22 41 54 44 43 4 50 30 58 48 47 3 10 19 15 1 24 16 18 33 2 23 9 55 12 42 17 64 57 5 40 6 61 7 39 20 38 37 11 21 31 36 34 8 59 32 63 13 27 45 26 28 62 49 53 35 14 60 46 25 29
26 2 51 3 5 60 54 45 6 33 57 20 44 13 38 30 56 53 59 37 21 23 24 63 61 39 48 17 46 12 62 19 27 28 55 15 1 35 36 64 9 31 52 25 34 58 18 49 10 16 11 47 42 41 14 7 22 43 40 29 32 8 50 4
6 11 5 21 23 44 56 49 10 48 31 32 61 27 19 38 4 46 50 64 2 57 18 13 12 43 54 52 51 1 15 26 17 41 47 40 63 34 60 35 55 45 53 58 16 62 39 8 37 3 14 20 9 25 42 30 33 7 29 36 59 22 28 24
48 54 11 34 60 59 20 64 46 31 14 6 47 17 18 26 57 40 5 42 41 35 43 30 63 25 61 38 3 45 32 58 29 24 28 21 19 23 13 56 53 49 55 2 37 16 22 62 9 52 8 50 39 15 4 33 36 1 27 51 44 7 10 12
5 28 40 42 8 15 1 62 56 12 25 63 23 58 11 50 59 16 35 52 29 30 13 22 45 46 44 64 57 55 34 36 33 4 39 3 14 37 27 26 19 18 7 41 61 6 51 60 20 17 24 31 54 53 10 38 47 21 9 32 49 48 2 43
57 3 17 4 55 31 22 2 41 54 5 10 11 20 42 36 63 47 38 53 28 43 64 45 6 18 60 61 62 8 49 27 50 19 51 12 48 29 52 9 35 59 24 34 1 56 23 15 13 44 30 7 46 21 26 37 14 58 16 33 39 32 40 25
55 63 36 31 13 23 33 48 1 47 16 62 57 32 27 7 40 10 54 43 3 14 34 20 26 50 24 39 44 37 46 59 49 35 52 28 29 5 41 53 45 22 38 4 25 15 61 30 11 64 6 9 17 60 21 8 42 12 2 19 51 58 18 56
21 41 8 59 52 48 6 47 40 38 33 24 3 11 5 22 39 64 29 58 7 36 1 12 19 55 16 54 14 4 23 60 62 46 57 26 43 17 10 49 20 28 18 37 13 44 53 51 15 32 31 25 56 30 45 42 9 35 63 2 61 50 27 34
59 19 12 20 3 6 32 55 11 37 1 44 13 7 34 51 22 58 45 49 39 46 35 64 41 21 40 28 36 9 14 33 56 5 29 52 16 26 25 57 54 2 61 53 27 24 30 18 60 38 48 10 63 17 62 31 23 47 8 15 43 4 42 50
1 46 61 26 25 58 19 3 12 63 21 56 31 57 41 38 9 20 8 47 36 54 2 17 7 42 45 49 22 35 55 13 53 59 60 32 44 30 23 6 40 48 37 62 52 11 15 28 18 34 29 14 43 10 64 51 4 27 50 5 33 24 39 16
34 32 43 11 16 2 39 24 20 27 37 4 12 54 8 35 45 30 60 59 5 9 19 6 18 40 53 56 58 38 48 49 41 17 10 7 21 62 14 33 36 23 46 42 31 22 47 55 1 51 28 26 64 13 29 15 52 50 44 61 3 25 63 57
54 49 33 9 34 47 23 4 15 21 17 45 51 10 60 24 61 37 18 20 35 44 12 14 53 59 41 43 16 11 57 62 36 6 2 22 13 40 3 30 46 39 31 48 28 52 27 5 64 19 55 56 7 50 8 38 32 25 1 26 63 42 29 58
42 59 29 35 4 3 9 52 38 56 10 14 18 37 25 40 30 34 6 48 62 21 53 57 32 19 27 63 24 44 61 22 31 23 15 20 28 54 16 13 47 41 26 45 58 51 50 17 55 12 64 1 49 43 11 7 33 5 36 60 8 2 46 39
4 50 60 41 31 7 37 28 47 57 48 40 30 52 6 13 5 22 42 8 64 19 3 49 14 56 36 38 63 59 17 21 43 32 20 34 18 55 2 29 62 16 9 24 35 10 46 23 58 27 26 39 25 44 51 12 1 33 15 53 54 11 61 45
10 24 9 45 47 34 43 7 37 17 39 60 55 63 49 15 3 11 57 13 14 50 59 8 4 12 62 26 21 29 38 41 25 54 58 33 56 52 28 18 51 6 35 20 27 36 16 40 23 1 42 5 61 32 46 2 31 64 30 48 19 53 22 44
19 6 58 51 46 39 29 40 25 53 47 64 2 5 61 3 43 8 63 36 55 13 31 4 44 26 59 9 48 7 21 54 18 45 1 42 10 32 14 15 57 12 60 35 11 30 37 34 22 33 27 28 23 24 38 50 16 62 56 52 20 41 17 49
50 31 2 30 49 38 41 9 61 52 42 35 4 19 16 1 28 32 21 6 10 15 40 26 58 23 48 54 18 5 13 37 57 60 53 29 46 12 20 24 8 33 63 11 44 59 7 64 25 43 34 22 62 39 56 27 14 3 45 17 47 36 55 51
52 41 47 7 61 53 38 35 34 56 59 15 27 49 39 17 26 25 48 54 37 2 44 36 64 58 46 1 5 30 8 23 11 20 24 45 12 43 50 63 51 40 28 60 4 32 29 57 31 18 19 21 16 22 13 62 6 14 10 55 42 3 33 9
33 56 59 57 63 27 28 1 51 38 55 18 10 26 32 45 50 4 17 16 8 42 58 5 52 36 7 35 34 23 3 24 60 48 30 25 61 9 37 43 54 53 2 6 13 40 44 29 39 47 22 14 19 31 20 64 46 11 41 12 15 21 49 62
8 38 49 46 15 56 34 54 48 39 9 26 53 28 10 59 58 1 2 41 30 29 5 42 25 44 47 33 52 4 14 12 27 18 17 55 3 24 57 23 19 61 35 64 16 60 13 20 36 40 32 11 31 7 22 51 37 45 21 62 6 50 43 63
26 10 25 38 1 41 35 63 56 16 14 29 40 8 9 28 52 45 55 18 54 49 27 58 13 33 6 24 31 19 51 39 30 53 57 5 22 11 21 50 64 34 17 59 47 12 3 37 44 15 60 36 20 23 32 46 43 2 61 7 62 48 42 4
49 19 37 28 12 8 50 34 18 26 20 25 16 29 33 39 2 13 15 22 31 53 46 14 60 3 54 23 27 57 30 11 51 43 4 9 24 36 17 5 7 10 32 44 64 62 55 38 41 45 1 63 48 40 59 6 21 61 58 56 52 42 35 47
17 12 28 23 9 15 54 50 40 5 33 21 3 16 30 52 41 53 36 61 6 20 57 43 4 13 2 27 7 39 59 29 38 22 25 44 1 58 24 32 18 47 64 10 35 19 48 51 63 60 49 45 56 46 14 55 62 8 11 42 26 34 37 31
54 61 34 3 29 36 46 12 21 22 39 47 19 50 38 57 6 5 13 25 40 26 14 32 44 16 17 51 1 8 37 10 23 31 56 58 64 15 45 7 41 48 4 52 55 63 42 43 20 49 9 59 60 33 62 30 18 24 53 28 2 35 27 11
53 3 23 47 35 13 59 22 19 45 41 37 1 36 20 30 55 50 40 44 58 31 11 12 27 10 39 18 46 26 63 17 62 34 43 49 60 42 64 16 9 28 5 7 6 48 32 8 24 29 2 57 21 14 15 33 61 56 52 51 25 4 38 54
7 36 18 40 50 39 56 32 41 46 29 55 48 27 49 25 42 9 34 5 12 17 35 24 19 51 10 16 38 1 60 61 44 64 59 63 47 54 31 57 6 30 20 28 21 23 11 62 2 4 52 53 22 37 58 45 26 13 43 14 3 33 8 15
27 54 41 51 40 3 14 19 53 44 1 42 58 9 45 31 32 59 20 30 22 61 6 37 29 17 63 25 43 64 52 47 56 15 33 50 57 10 55 28 35 2 48 62 34 7 4 21 46 13 8 60 38 18 49 23 12 16 5 36 11 24 39 26
43 22 50 34 58 45 62 41 15 48 61 52 57 23 32 33 17 49 26 51 59 13 25 44 18 6 56 19 60 12 2 54 20 39 31 53 5 36 29 46 21 37 55 4 7 40 24 11 1 30 14 27 64 16 9 42 28 35 63 3 38 8 47 10
57 47 32 59 44 4 64 21 30 60 2 51 46 54 53 17 56 9 27 28 63 48 3 26 38 36 42 5 23 62 43 37 33 52 29 40 11 24 12 13 61 34 58 8 22 14 41 49 45 50 55 25 19 35 31 18 7 6 1 10 15 20 16 39
45 31 53 1 51 3 8 38 12 57 46 26 59 24 23 63 64 58 11 15 16 10 18 5 50 48 37 29 61 43 13 41 14 4 28 32 25 33 34 22 52 19 30 47 42 7 6 35 36 9 60 20 39 27 17 21 54 62 56 40 44 2 55 49
15 53 45 28 22 23 63 10 52 1 24 27 55 64 40 61 14 25 19 56 46 30 4 49 7 17 29 54 33 16 3 35 9 5 18 6 34 12 42 26 43 37 44 39 62 47 21 36 48 11 13 60 41 20 32 8 31 2 50 38 51 58 59 57
29 8 10 33 23 61 39 4 37 36 9 42 2 25 19 15 11 32 14 5 41 45 12 35 47 26 20 28 18 22 21 62 7 40 59 30 43 44 13 17 55 31 24 48 34 27 38 50 53 51 46 56 63 3 58 16 49 64 54 52 57 60 1 6
46 39 41 60 50 44 48 7 4 21 12 18 13 5 64 35 11 40 22 28 15 52 1 34 30 6 19 42 38 43 23 8 36 17 24 25 16 14 31 2 37 33 9 63 27 58 53 29 47 45 54 3 62 32 56 10 26 57 49 55 59 61 20 51
27 24 2 35 8 10 20 17 11 52 16 44 47 19 9 33 43 64 34 6 36 37 39 25 29 41 48 30 21 12 45 26 5 46 51 14 18 40 55 28 13 3 38 58 7 56 4 62 60 54 42 53 57 15 49 31 22 50 23 1 61 59 63 32
48 46 45 12 47 18 28 3 14 37 21 4 23 13 6 25 8 35 16 19 2 10 38 17 32 5 29 40 11 9 43 33 53 58 31 44 7 26 63 42 56 27 60 62 1 59 24 15 64 30 34 52 51 55 20 61 36 49 22 39 41 54 57 50
38 5 25 30 7 34 29 41 10 27 26 59 44 24 16 3 4 14 56 42 63 15 40 21 2 8 31 9 13 17 64 19 18 28 58 1 6 54 62 35 52 12 57 37 61 36 11 60 43 47 32 39 20 49 22 45 55 53 51 33 48 46 50 23
7 30 10 4 29 37 19 36 46 12 51 24 25 9 5 32 14 11 2 59 22 17 41 57 53 20 16 26 6 55 8 49 48 52 15 3 33 56 27 63 40 62 61 54 58 44 23 21 13 60 31 45 34 50 64 42 28 35 43 38 39 18 47 1
32 52 18 36 22 45 14 19 55 54 61 51 21 26 53 10 15 8 31 47 16 57 56 30 64 42 59 1 5 7 2 13 25 11 33 12 37 62 38 6 58 23 63 20 28 60 41 17 9 3 48 34 27 39 29 49 35 4 44 50 43 24 46 40
41 11 28 22 30 2 43 23 25 17 4 14 8 49 34 44 29 3 27 50 59 35 58 13 38 55 7 19 60 54 62 47 20 6 53 5 63 10 36 24 57 40 33 31 21 12 15 9 56 46 52 26 61 37 51 18 64 1 45 48 42 32 39 16
42 22 5 6 46 11 4 55 49 40 47 35 9 57 25 31 56 60 63 14 27 36 19 3 37 23 20 17 52 21 58 24 41 1 10 62 59 32 18 64 33 61 2 34 43 51 54 7 45 50 30 28 16 48 39 26 12 13 8 15 38 53 29 44
21 23 9 26 53 6 40 38 34 44 42 29 7 28 59 62 58 45 17 51 39 52 43 4 19 31 63 64 54 5 57 12 14 41 61 33 13 55 32 15 3 8 48 60 37 50 16 18 46 1 11 10 49 22 24 2 25 27 35 30 47 36 20 56
19 49 13 42 40 48 62 26 44 43 5 50 4 46 47 9 17 7 22 16 55 29 6 24 8 39 15 12 51 32 34 61 3 27 1 63 56 11 60 58 10 2 18 53 57 30 52 64 37 35 28 21 54 20 31 23 59 45 38 14 33 25 41 36
5 28 39 7 44 54 15 21 45 35 46 9 26 29 49 1 32 23 33 64 12 2 13 6 63 59 10 56 62 16 38 48 58 60 55 50 14 52 3 22 61 30 53 51 11 34 8 57 25 18 27 20 43 41 17 36 42 19 40 37 31 47 4 24
63 32 56 46 27 53 51 47 6 24 17 49 43 7 60 18 3 38 48 13 41 23 20 64 61 54 62 58 14 1 36 4 57 12 2 9 45 34 10 5 50 59 28 35 52 37 29 55 44 16 39 22 42 31 33 15 40 25 30 19 11 21 8 26
43 54 50 57 49 47 32 8 53 48 35 20 5 55 1 14 64 12 21 30 7 61 31 63 62 58 46 16 4 2 15 27 11 59 60 26 52 51 25 56 39 6 37 42 44 24 18 40 10 33 38 19 22 13 45 17 23 9 36 29 3 41 28 34
50 47 49 21 41 28 12 10 62 61 29 15 46 4 39 63 2 1 19 37 60 45 59 48 58 51 42 5 57 64 18 43 56 33 36 53 55 30 34 54 6 7 52 25 31 13 44 11 23 9 8 17 38 35 26 14 16 3 24 27 32 22 40 20
58 6 3 45 5 59 1 32 54 63 19 56 51 23 8 61 26 46 28 57 11 41 24 16 20 12 40 36 48 62 52 55 60 37 44 42 47 35 15 49 53 39 14 2 4 25 64 10 31 43 29 50 13 30 38 21 9 7 27 17 34 33 22 18
10 44 40 51 3 46 33 9 52 53 59 55 58 63 62 45 31 49 11 36 38 50 64 8 41 48 21 25 61 56 1 60 39 54 14 35 19 43 29 18 28 57 26 30 22 16 6 34 2 32 24 5 7 27 42 37 4 47 13 12 20 23 17 15
52 37 58 34 63 61 6 42 1 33 2 5 49 27 45 48 39 4 26 40 57 64 44 62 12 21 56 41 43 35 60 50 54 24 19 55 28 8 59 38 36 53 46 11 25 14 51 30 18 29 22 47 31 16 9 10 7 23 15 3 17 20 32 13
51 2 59 38 61 39 34 1 63 41 24 52 48 53 42 58 28 17 57 62 46 54 55 56 60 44 47 4 36 29 25 11 50 64 5 45 21 23 30 43 35 49 31 15 19 33 37 14 26 40 3 27 9 18 13 16 8 6 20 32 22 7 10 12
45 53 47 40 51 58 63 62 57 60 1 64 42 33 61 50 54 59 20 49 56 32 2 44 25 37 14 52 34 36 55 29 26 35 39 6 38 17 28 46 48 5 43 41 15 21 30 31 27 4 18 11 23 24 3 9 22 16 7 8 19 12 13 10
1 59 53 63 58 60 56 40 61 46 55 62 50 64 41 51 57 42 14 54 35 34 5 37 26 43 38 39 3 52 48 23 17 45 49 15 44 31 33 30 21 18 20 27 24 32 7 28 22 13 19 36 25 10 4 29 47 11 12 2 6 8 16 9
59 63 51 53 1 38 64 56 41 62 57 60 61 54 27 26 42 16 55 58 21 48 35 36 52 40 37 49 50 22 31 25 44 19 47 29 2 9 12 33 30 45 34 28 32 23 39 24 15 11 14 13 4 17 46 8 20 43 5 10 18 3 7 6
