10362 9107 7745 7698 7046 6121 6262 5556 4963 4391 3640 2235 2408 2477 2359 1674 2006 1569 1498 1467 1258 953 846 835 732 615 530 416 438 377 307 269 255 200 205 162 157 111 93 76 78 77 60 48 45 38 35 29 27 23 19 16 13 11 9 9 7 6 4 3 4 3 3 2 2 2 1 1 1 1 1 1 1 1
3 11 12 4 9 10 2 1 6 5 7 8 13
10 8 1 6 11 9 5 13 3 7 2 4 12
1 3 7 8 10 12 11 5 9 6 13 2 4
9 1 8 5 6 13 12 4 2 3 10 7 11
4 5 13 11 7 2 6 10 1 8 12 9 3
6 12 2 7 13 11 9 8 5 4 3 1 10
7 2 5 13 8 6 1 12 10 11 4 3 9
5 6 12 9 3 4 8 2 13 1 11 10 7
13 10 11 2 4 1 3 6 7 9 5 12 8
12 4 9 3 5 7 10 11 8 2 13 1 6
8 13 4 12 2 3 7 9 11 5 10 6 1
2 7 6 10 1 8 4 3 12 13 9 11 5
10 11 3 4 13 8 5 9 7 12 1 6 2
1 7 2 10 12 5 13 11 9 4 8 3 6
9 3 6 12 1 7 11 8 4 10 2 13 5
7 9 11 1 5 3 2 4 6 8 12 10 13
3 9 8 7 10 2 5 6 12 13 1 11 4
4 11 13 8 6 10 12 2 3 1 5 9 7
6 1 10 9 4 8 2 7 13 12 11 5 3
11 13 1 3 12 9 7 8 2 5 6 4 10
1 12 7 10 3 6 4 13 5 11 9 2 8
5 4 8 6 7 11 13 12 1 2 3 10 9
13 10 3 2 6 12 5 4 11 9 8 7 1
2 8 1 4 13 5 10 7 6 3 12 9 11
10 7 4 13 3 12 11 9 8 6 5 2 1
13 3 11 2 8 4 12 1 10 9 6 5 7
9 12 13 3 7 1 4 6 10 8 2 11 5
9 11 6 8 5 13 7 4 1 10 3 12 2
8 1 10 6 11 9 2 12 5 3 13 7 4
2 6 5 12 4 3 1 10 7 8 11 13 9
10 4 7 11 12 8 13 9 1 2 3 5 6
7 2 12 8 1 4 6 10 3 9 5 11 13
6 11 5 10 1 12 7 2 8 13 9 4 3
4 3 2 9 5 1 11 13 6 10 8 7 12
8 1 3 7 9 11 5 6 2 4 12 10 13
5 7 13 4 3 8 10 12 1 6 11 9 2
13 7 9 3 12 5 1 11 4 2 10 8 6
4 2 6 9 8 3 13 7 11 10 12 1 5
10 9 2 4 11 1 6 8 12 5 13 3 7
7 8 11 10 13 6 4 9 3 12 1 2 5
4 9 10 12 11 13 7 1 8 6 3 5 2
2 8 11 6 10 1 13 4 7 3 9 12 5
5 9 4 7 3 6 2 13 11 1 8 10 12
1 3 12 11 7 4 5 9 10 13 8 2 6
8 10 13 2 4 3 11 12 6 5 9 1 7
5 6 10 3 8 12 7 1 2 9 11 4 13
1 2 6 10 7 5 13 8 3 4 11 9 12
7 3 10 8 9 13 6 11 4 2 1 12 5
11 4 9 7 13 3 1 6 12 10 5 8 2
13 6 5 9 1 12 11 2 8 10 3 7 4
10 11 13 12 9 4 2 7 1 8 6 5 3
5 2 3 9 1 13 4 12 11 6 8 10 7
7 10 6 12 11 9 5 13 4 2 1 3 8
1 9 12 3 7 2 6 11 8 13 10 5 4
13 4 2 7 8 5 11 10 12 1 9 3 6
2 8 5 10 4 9 1 6 3 13 11 7 12
1 6 3 2 12 8 5 10 11 9 13 4 7
10 3 9 8 13 4 7 11 2 5 6 1 12
2 10 4 7 11 1 6 9 8 3 13 12 5
10 11 6 3 12 5 4 2 7 1 13 8 9
11 3 5 9 13 12 6 2 7 4 1 10 8
13 10 1 11 7 3 5 4 8 2 9 12 6
7 2 12 11 8 1 4 13 6 3 5 10 9
1 11 2 7 10 8 5 9 12 13 6 4 3
11 12 13 8 4 2 7 6 3 9 10 1 5
10 4 3 2 11 5 7 8 12 1 13 9 6
5 13 11 10 12 3 1 7 2 6 9 8 4
13 8 11 3 10 6 5 12 7 4 9 2 1
5 12 2 10 7 4 1 11 6 8 13 3 9
5 8 4 3 10 2 6 13 7 9 11 12 1
7 13 5 11 9 8 1 12 4 6 10 2 3
10 11 12 7 1 9 2 4 6 5 8 3 13
1 10 9 8 13 11 4 7 2 3 6 12 5
11 4 13 10 12 6 5 9 3 2 1 8 7
