48388 49635 41596 34690 33183 37416 32385 33210 31972 31052 27480 26056 25819 25764 25346 23297 20893 20075 20392 19393 18114 17779 16900 17021 13964 14763 13422 12305 10627 11193 9966 10421 8798 9442 9251 8382 8173 8417 7683 7081 7081 6705 6035 5789 5779 5176 5032 4826 4751 4581 4178 4057 3878 3522 3463 3461 3219 2964 3082 2777 2574 2825 2551 2251 2278 2304 2048 2165 2058 1937 1885 1840 1751 1593 1569 1584 1469 1405 1372 1285 1223 1205 1137 1095 1059 946 959 872 789 811 768 693 677 720 641 637 584 590 578 524 523 483 492 445 458 438 403 358 368 375 363 338 322 323 273 271 268 236 256 231 239 220 216 193 195 183 158 162 157 146 140 139 128 135 118 116 119 108 107 103 93 96 77 82 81 77 68 70 65 66 65 60 59 58 54 50 53 49 49 45 44 38 38 38 37 35 33 32 31 27 28 28 24 22 24 22 22 20 16 20 18 18 18 17 16 16 15 14 14 13 12 11 11 11 10 10 10 9 9 8 8 8 8 7 7 7 6 5 6 5 5 5 5 5 5 4 4 4 4 4 3 3 3 3 3 3 3 2 2 2 2 2 2 2 2 2 2 2 2 2 1 1 1 1 1 1 1 1 1 1 1 1 1 1 1 1 1 1 1 1 1 1 1 1 1 1 1
19 61 3 14 4 9 1 57 49 35 29 2 46 28 54 23 37 16 15 13 8 62 55 33 47 24 41 48 39 20 10 26 31 30 60 42 52 34 12 32 56 44 18 36 58 59 22 40 43 64 7 25 51 45 63 38 53 27 50 17 5 6 11 21
27 5 42 34 1 21 39 25 62 9 6 3 45 29 32 10 37 16 7 49 61 30 52 59 15 31 54 22 46 2 55 12 60 13 56 38 47 48 41 4 11 8 20 19 18 57 33 28 43 64 36 26 14 63 53 51 24 58 40 35 50 23 17 44
56 27 63 14 7 61 62 57 15 47 8 4 39 20 34 21 48 17 29 24 58 18 51 41 45 13 35 55 52 36 22 40 30 50 10 42 11 26 5 43 44 33 59 54 53 37 1 2 38 3 60 9 49 23 25 28 16 12 46 31 64 6 19 32
10 63 15 47 48 33 25 11 2 59 23 44 31 37 12 41 53 46 29 27 3 1 5 34 26 40 18 58 43 20 60 64 4 21 61 36 35 54 51 13 14 22 38 45 7 6 39 42 57 32 62 55 50 30 8 52 9 56 19 24 49 17 28 16
29 6 21 32 11 7 50 9 61 64 43 18 38 35 20 28 34 19 23 2 37 56 59 53 36 10 40 39 48 3 54 5 47 58 44 14 45 31 41 62 13 63 42 46 30 25 8 55 1 49 33 12 16 24 57 15 4 27 52 17 22 51 26 60
46 25 3 13 33 58 63 11 38 19 34 59 18 1 24 26 10 35 45 55 40 8 27 21 53 2 41 48 60 36 30 50 5 52 42 47 57 61 12 16 56 20 28 64 54 49 14 62 39 6 43 29 7 15 22 32 31 44 37 23 17 4 9 51
33 38 53 15 17 30 55 31 4 62 24 36 64 57 41 39 3 28 26 44 49 61 1 43 18 59 2 19 25 10 58 14 54 37 56 60 34 12 23 7 5 46 63 16 47 50 22 8 48 35 9 52 29 32 13 11 45 42 20 40 51 6 27 21
1 59 56 20 37 9 33 7 14 4 38 17 21 15 35 34 2 53 44 11 5 52 54 23 57 24 40 6 19 61 49 41 55 10 8 30 36 50 25 26 18 28 22 27 29 12 63 13 60 58 62 64 46 51 48 47 32 43 31 45 39 16 3 42
9 39 38 22 45 62 1 6 64 13 51 63 53 56 26 41 36 29 40 35 30 50 52 24 20 31 15 3 32 2 8 33 12 23 10 57 7 14 58 49 60 21 46 48 17 28 19 16 47 42 27 54 37 4 11 44 43 55 59 18 61 34 25 5
44 64 24 63 20 21 56 18 33 42 61 9 30 36 59 22 52 51 50 49 6 19 55 41 5 45 35 10 7 4 17 28 57 43 60 62 27 34 53 48 38 1 8 14 3 26 46 11 37 47 13 16 15 58 32 29 40 39 12 31 2 23 54 25
22 28 23 37 5 54 6 3 52 2 13 60 15 10 64 56 51 40 31 20 32 35 63 39 12 61 41 33 62 1 34 46 16 47 38 26 25 57 11 17 43 8 55 50 53 45 48 27 24 14 18 9 36 19 7 42 21 30 29 58 4 59 49 44
30 50 42 43 31 55 15 28 45 21 52 4 10 8 22 23 17 62 12 13 57 29 51 27 2 47 18 61 49 63 6 16 44 20 26 5 19 9 56 37 33 3 54 1 48 59 60 14 34 39 32 36 11 24 41 7 38 46 53 64 40 25 35 58
2 30 12 29 43 40 9 52 44 37 23 64 1 3 18 14 28 46 13 10 8 11 59 51 21 7 5 24 53 39 47 26 34 50 4 20 62 54 48 60 61 31 57 56 15 22 25 33 38 55 16 41 42 49 36 58 35 45 27 32 19 63 6 17
14 19 63 62 49 27 54 38 9 60 21 47 16 39 52 1 45 36 3 28 44 55 18 12 4 58 43 48 59 22 41 20 31 2 42 56 11 7 40 25 24 13 15 26 23 57 8 6 50 61 33 53 64 29 51 35 30 10 34 37 46 17 5 32
16 27 58 32 23 18 35 45 59 17 46 12 37 9 39 44 8 24 5 38 4 31 47 48 53 6 25 43 20 57 19 7 40 49 54 1 52 26 29 13 14 64 10 33 63 36 62 60 42 41 15 21 22 28 55 30 11 2 51 61 50 3 34 56
8 13 22 55 3 51 32 57 49 31 15 21 62 26 58 47 43 19 29 30 18 53 6 33 16 20 38 41 1 25 40 63 39 60 44 23 28 48 2 54 56 35 11 34 45 61 14 42 7 24 36 59 4 10 37 50 17 52 5 27 12 9 46 64
11 49 60 34 39 2 21 51 17 32 64 30 4 62 19 33 47 7 22 44 37 48 31 10 55 40 54 42 18 3 14 35 20 56 45 46 41 12 57 8 50 52 13 15 1 6 43 59 9 29 26 61 5 63 58 36 53 23 25 24 27 38 28 16
42 63 10 58 2 26 50 49 39 14 8 25 44 43 60 32 35 16 28 4 7 40 5 20 6 3 52 15 11 45 18 27 38 21 61 34 33 23 9 56 62 46 64 24 30 17 41 53 54 37 19 12 48 36 47 31 55 1 22 57 29 51 13 59
59 21 17 24 11 14 43 20 6 48 60 2 27 54 12 16 53 8 7 19 22 56 30 9 58 33 34 25 15 26 5 29 52 4 50 13 23 1 63 62 3 44 36 41 10 42 39 37 57 32 51 46 61 35 18 45 47 28 49 55 38 64 31 40
47 7 50 54 48 59 62 12 4 63 6 43 53 34 17 3 29 22 58 46 41 13 37 19 33 8 42 38 30 20 11 39 55 27 28 25 60 45 64 10 1 5 49 61 18 52 56 40 36 57 9 32 16 23 31 51 15 24 21 35 44 26 14 2
54 57 35 40 29 56 47 62 1 34 24 3 46 50 2 31 11 48 61 15 58 9 25 38 36 64 63 22 39 8 37 10 17 53 43 51 21 5 55 45 41 19 12 42 7 23 4 30 44 13 60 33 28 18 27 16 20 49 14 59 52 32 26 6
10 29 5 26 4 36 61 53 35 44 63 24 23 2 41 50 56 17 52 54 31 42 1 7 47 25 62 16 57 33 9 58 13 15 55 59 6 46 32 34 11 14 60 39 20 37 28 22 43 3 64 45 27 38 8 40 21 48 30 18 49 12 19 51
33 52 1 53 37 43 25 41 13 64 29 51 5 24 55 7 20 54 57 61 23 16 48 34 59 42 40 31 56 35 32 30 60 63 39 12 10 36 14 6 46 22 27 28 38 44 19 2 15 49 62 26 8 3 4 58 45 9 17 50 18 47 11 21
43 6 21 17 64 10 22 23 60 11 40 1 24 30 59 51 34 31 54 45 27 14 28 25 3 41 15 58 48 47 12 8 36 18 4 49 35 42 39 32 13 63 5 46 44 16 20 55 2 53 7 38 57 26 19 52 9 29 50 56 37 33 61 62
29 8 15 28 24 57 49 47 61 9 48 44 40 52 34 59 3 37 32 42 33 7 46 64 18 54 2 39 35 10 43 4 30 58 53 36 45 38 16 19 22 50 17 62 56 25 63 20 5 26 27 55 6 21 13 11 41 12 23 14 51 31 1 60
15 12 30 11 35 38 17 63 25 55 57 54 22 13 16 28 48 53 37 27 56 18 20 59 62 14 1 19 51 46 23 40 47 34 8 60 29 49 31 4 44 39 41 10 2 64 45 26 32 5 21 43 33 42 50 61 7 3 6 58 24 52 9 36
46 5 53 13 20 8 28 9 42 59 35 40 34 16 30 36 54 56 25 24 3 62 38 1 60 10 52 11 26 61 50 21 12 37 19 17 49 31 41 51 6 55 23 44 64 33 29 39 58 2 47 7 14 43 57 22 4 63 48 45 32 15 27 18
56 22 36 47 44 24 15 37 2 35 34 21 58 62 29 18 10 50 33 9 40 23 59 57 26 38 41 1 61 31 51 12 43 11 5 14 39 60 53 54 49 20 42 32 8 46 16 27 48 30 63 25 52 17 45 55 19 7 64 13 4 6 3 28
49 26 16 56 45 3 63 25 19 28 43 58 62 14 10 6 51 13 44 12 57 36 31 20 61 23 11 24 46 7 21 37 50 9 27 41 47 15 52 53 32 42 4 8 54 35 22 5 1 64 34 29 39 30 48 38 59 18 60 17 33 2 40 55
9 25 7 14 13 26 6 29 48 46 45 31 63 39 24 60 4 34 1 11 38 10 17 21 28 30 18 57 16 12 33 19 20 36 54 42 55 61 44 47 15 49 52 22 5 43 27 58 62 23 56 2 50 53 51 32 8 37 41 3 64 40 59 35
2 40 54 60 17 46 24 13 62 47 21 18 31 38 20 58 36 26 12 5 49 63 51 53 42 15 57 61 23 39 4 14 35 25 56 55 22 10 19 43 27 29 3 6 52 41 1 33 64 48 32 11 44 50 37 7 28 45 59 8 9 16 34 30
16 24 14 57 55 42 53 45 26 32 51 4 13 49 39 21 8 1 46 3 15 27 41 10 2 56 5 6 34 36 7 64 54 20 47 38 30 50 29 37 33 58 62 48 31 11 35 23 60 18 43 17 63 9 25 59 12 22 19 40 61 28 44 52
30 47 3 16 31 51 27 11 21 4 61 10 64 20 23 48 5 62 15 2 25 1 12 24 14 46 32 36 38 19 22 33 39 13 50 35 41 34 40 17 18 26 63 43 58 59 52 44 53 60 37 8 9 7 6 28 57 42 29 54 56 55 45 49
21 61 24 39 7 55 9 10 38 42 8 56 57 37 26 5 22 52 48 43 63 3 27 19 20 13 30 45 25 23 54 16 4 2 17 58 34 62 51 50 12 31 44 11 53 14 33 60 41 1 18 36 29 32 28 47 40 64 35 46 59 49 6 15
63 44 12 7 33 13 30 15 45 21 36 22 10 53 19 26 27 18 49 40 6 2 11 46 57 23 43 3 52 14 60 41 34 29 38 62 17 32 56 28 48 51 24 1 35 5 8 64 9 39 59 61 37 55 47 54 16 25 58 42 50 4 20 31
19 16 42 50 14 21 39 18 53 37 10 12 54 31 64 56 45 28 40 20 4 29 47 51 34 24 38 55 11 63 8 35 3 52 13 2 32 17 26 7 5 33 59 58 43 9 60 6 57 61 30 41 49 62 36 15 25 23 27 44 22 1 46 48
1 17 64 51 23 29 46 3 14 33 55 37 2 7 45 43 62 24 31 63 30 4 22 39 50 59 54 15 27 8 47 61 16 48 10 26 44 9 5 12 36 53 13 18 40 32 25 28 34 57 19 21 11 60 41 20 38 56 52 6 42 35 49 58
58 50 48 15 21 41 37 51 36 27 14 17 1 59 22 38 32 40 52 13 64 45 63 33 12 61 35 26 49 4 6 44 53 10 28 5 19 18 11 25 60 8 57 56 47 2 3 62 7 24 16 9 23 34 55 29 43 46 20 31 39 54 30 42
4 41 58 37 18 27 19 57 5 31 63 47 38 46 40 23 28 50 3 10 32 22 54 53 16 29 39 42 60 24 34 48 9 30 61 56 11 15 33 13 43 52 55 14 20 45 62 8 1 6 25 49 36 12 7 2 35 44 51 64 17 59 21 26
57 51 40 20 49 30 55 47 52 56 59 5 15 8 18 9 17 6 29 39 37 61 10 3 45 7 36 41 43 1 11 2 44 50 26 63 25 22 58 19 62 21 54 16 13 23 4 14 24 64 42 60 46 33 53 31 28 27 34 32 48 38 35 12
14 38 23 29 5 40 36 41 33 19 43 62 4 28 52 35 13 1 26 55 8 39 18 12 47 54 34 22 59 45 30 49 56 21 60 20 31 64 48 58 61 3 6 50 7 15 2 53 11 63 9 37 32 57 46 42 24 10 17 44 27 51 25 16
22 59 63 33 34 52 1 28 4 54 13 60 18 26 35 39 37 29 20 51 14 5 55 9 21 15 47 2 62 10 27 40 57 46 43 58 36 7 12 16 6 24 23 64 44 17 41 11 56 49 31 3 50 45 38 48 32 30 53 61 19 25 42 8
34 28 16 56 46 54 33 49 10 2 9 14 19 3 17 6 52 53 13 32 44 23 15 38 64 8 25 62 7 26 36 20 31 27 63 22 5 57 18 60 24 58 40 45 51 61 48 42 50 30 47 59 4 43 11 35 41 55 37 39 12 21 29 1
12 54 17 24 51 61 6 25 13 60 53 8 64 41 7 34 35 16 45 56 23 19 5 52 4 37 29 33 21 20 3 28 50 47 22 30 62 14 49 31 38 55 11 36 10 43 1 59 58 42 26 39 48 15 9 18 27 2 46 57 40 63 44 32
11 39 10 34 55 2 56 6 35 38 60 29 16 61 33 41 43 51 59 47 9 1 19 22 18 3 31 13 8 7 58 26 52 4 44 45 23 37 27 53 21 28 42 5 64 49 63 25 32 14 62 12 15 30 17 36 57 48 54 24 46 50 40 20
55 60 34 45 11 33 4 53 64 48 15 36 21 57 10 31 29 19 47 35 41 7 16 1 6 30 63 24 20 3 43 46 17 62 42 54 38 13 9 51 18 50 49 25 58 59 14 61 5 56 27 28 44 23 32 39 40 12 2 26 52 8 22 37
27 59 53 28 43 9 12 33 17 14 46 18 39 6 23 16 47 48 5 4 31 35 7 36 30 24 40 10 55 2 62 19 38 63 29 50 20 58 25 8 32 1 41 15 56 52 57 37 45 13 60 26 42 61 22 11 49 44 21 3 64 34 54 51
17 64 60 62 48 3 21 20 61 13 24 9 30 52 6 19 63 25 22 49 7 50 4 34 26 42 59 35 46 43 51 27 40 56 45 41 47 23 57 32 11 15 8 28 1 14 16 54 36 29 33 55 5 53 58 38 31 39 12 37 2 44 10 18
47 21 56 30 16 24 3 63 49 41 5 58 42 27 14 33 7 64 11 9 61 8 25 28 36 38 2 48 23 13 19 29 10 40 53 55 26 31 52 62 22 43 4 32 45 57 46 12 39 20 15 54 6 17 18 44 59 34 50 35 51 37 1 60
10 32 35 63 33 57 49 12 9 17 48 2 58 61 60 18 3 46 50 22 45 36 31 6 55 20 14 25 15 30 37 8 5 43 1 51 53 62 16 56 41 38 39 34 42 21 29 40 44 23 13 11 52 24 27 59 4 7 64 54 26 47 19 28
4 8 15 19 31 62 55 37 25 24 52 59 39 10 41 22 42 35 21 61 6 43 51 48 33 56 18 14 45 47 23 7 64 58 5 36 27 34 53 29 50 32 46 54 57 12 28 44 63 17 20 16 60 26 2 30 11 1 49 40 38 9 3 13
44 39 22 14 45 53 41 62 33 63 29 40 55 36 58 30 16 21 32 24 60 48 6 5 59 10 54 11 1 57 56 37 46 18 4 35 61 50 13 34 15 19 12 9 38 26 27 20 43 3 2 47 7 51 31 28 8 52 23 42 49 64 17 25
39 25 2 22 21 60 47 7 42 12 23 56 31 15 1 32 62 9 28 3 49 13 30 41 5 45 52 19 64 18 24 4 43 53 51 14 44 54 46 48 61 26 36 27 8 33 50 16 38 37 6 57 10 35 63 20 29 58 59 17 40 55 34 11
54 26 36 11 14 61 53 1 62 47 35 63 40 50 29 48 51 37 25 12 15 24 52 20 4 31 13 39 38 33 17 10 30 23 9 49 7 60 18 6 34 42 5 41 3 46 59 22 21 44 64 32 56 58 8 55 19 16 28 27 45 57 43 2
26 63 50 47 18 51 15 60 32 34 6 62 37 21 40 28 20 45 7 23 55 30 33 64 61 59 44 29 56 46 14 25 53 19 8 38 58 10 12 49 1 27 17 24 54 22 11 13 48 2 36 43 57 3 35 39 16 42 31 52 5 4 9 41
56 52 54 61 17 26 27 40 53 60 38 30 62 24 12 58 45 7 57 20 25 11 50 43 14 33 41 1 51 31 18 21 47 37 19 42 55 9 23 10 49 13 3 44 59 16 22 5 2 48 34 46 64 36 4 15 35 63 39 8 29 32 28 6
2 11 1 26 44 8 63 38 46 4 51 13 27 56 54 47 12 17 45 19 3 31 48 21 58 40 39 43 62 35 53 42 55 9 61 34 57 36 32 23 24 49 52 10 18 41 33 15 37 5 7 25 28 64 6 60 20 29 22 50 59 16 14 30
29 16 26 52 1 14 18 4 19 46 25 24 11 20 34 7 48 54 23 39 40 28 55 57 45 47 38 31 35 51 49 5 3 60 42 12 10 61 63 43 62 21 27 8 17 6 36 30 15 41 37 13 33 50 53 22 9 64 58 56 32 2 59 44
16 13 41 58 2 33 32 23 59 6 45 12 34 43 24 3 37 22 1 27 29 9 28 7 60 19 11 55 57 4 40 30 54 62 26 17 21 38 44 10 5 35 18 42 15 25 20 61 64 47 63 39 8 48 51 50 53 56 14 49 46 52 31 36
42 40 38 53 24 30 28 31 21 56 64 10 63 37 55 36 2 8 20 50 18 44 27 59 3 41 57 61 16 47 32 12 4 11 60 23 62 13 51 29 33 22 15 26 5 35 52 58 54 34 1 14 49 25 48 43 7 9 19 46 39 6 45 17
14 28 30 62 7 3 36 48 1 31 57 44 4 2 16 59 27 42 13 11 33 40 10 24 32 46 35 38 19 61 9 63 20 49 55 45 6 5 41 54 60 53 22 64 52 50 43 23 47 26 51 8 39 21 37 29 25 18 34 58 56 17 15 12
34 22 5 16 20 53 17 52 38 37 59 8 45 10 64 2 13 31 15 43 30 63 47 44 21 58 1 3 60 24 50 11 39 25 56 57 29 32 19 35 27 33 51 48 23 28 62 6 36 54 18 61 9 4 46 7 12 49 41 14 42 40 26 55
15 54 3 20 39 62 1 8 45 28 23 60 19 16 7 10 11 56 47 5 4 18 46 25 42 14 43 57 24 34 12 64 35 21 29 27 33 26 58 6 48 63 17 36 40 44 41 55 53 32 59 52 51 37 50 2 38 22 30 61 9 31 13 49
57 44 40 60 29 49 46 9 48 54 61 31 23 35 2 51 5 8 59 53 63 42 15 37 36 47 30 62 25 43 4 1 16 28 50 13 22 7 33 34 21 20 19 39 45 64 3 26 24 58 55 17 14 38 27 32 41 10 6 18 52 12 11 56
12 51 24 22 47 56 33 25 26 62 21 4 57 9 18 1 28 7 58 38 5 16 8 17 34 61 49 64 32 6 52 50 10 42 3 30 41 46 55 23 14 11 2 19 29 36 48 54 39 53 13 60 45 63 20 35 31 43 37 59 44 15 27 40
30 14 64 40 5 9 24 3 52 58 34 25 18 38 63 50 53 41 29 42 32 61 23 19 28 1 62 16 37 57 55 46 13 4 17 22 20 49 31 48 12 51 44 45 2 11 60 59 56 10 35 36 43 27 15 54 47 8 7 39 33 26 6 21
49 41 21 28 23 22 39 1 14 2 46 36 44 53 45 63 54 26 48 15 64 62 59 9 16 13 12 6 27 56 30 58 31 34 25 20 32 51 40 17 38 29 60 10 43 37 11 8 42 50 57 33 61 18 7 47 24 3 5 55 4 19 35 52
8 12 35 50 46 38 4 11 63 21 9 51 56 36 20 22 61 34 64 54 37 52 7 23 47 25 32 26 59 19 41 10 44 15 45 18 42 17 5 49 3 39 14 16 1 55 2 62 43 13 30 29 27 60 57 40 28 24 53 6 31 33 58 48
55 19 8 54 4 39 29 28 5 27 52 3 24 59 30 34 22 17 37 40 11 6 18 53 20 64 15 58 48 13 62 44 56 63 43 60 25 57 35 14 50 31 36 1 46 9 61 33 45 32 21 16 23 7 38 42 2 41 51 47 12 49 10 26
27 50 22 13 1 46 61 23 4 44 6 54 11 29 35 39 10 58 40 2 57 56 37 7 12 41 42 36 63 3 34 17 15 47 33 26 38 14 48 62 19 64 59 43 30 45 25 16 49 18 51 53 52 55 9 31 5 60 20 32 24 28 21 8
9 57 1 11 35 40 30 41 39 42 29 37 22 34 19 44 32 62 31 46 51 3 12 36 64 10 47 33 28 25 6 61 38 20 27 2 18 15 26 7 43 24 50 58 48 4 45 14 54 53 56 21 63 49 55 52 59 16 60 17 23 8 5 13
21 17 14 33 49 10 59 29 60 38 24 47 15 31 57 32 4 46 44 13 56 2 34 3 62 19 5 45 23 20 27 7 12 48 39 41 28 22 1 43 18 55 52 6 53 61 8 9 26 58 25 54 37 42 63 51 16 36 40 64 50 35 30 11
1 61 7 57 34 51 21 20 44 19 48 64 54 49 17 24 35 40 3 30 14 4 13 38 10 6 25 15 22 33 26 27 52 11 53 50 31 23 56 60 36 8 63 18 55 5 39 42 9 12 62 2 58 28 47 16 29 37 46 45 32 59 43 41
35 49 36 51 59 25 19 53 37 33 60 45 64 8 39 31 6 21 61 57 38 43 54 41 50 58 29 10 18 7 5 2 34 27 13 62 47 28 9 26 44 17 24 56 12 32 4 22 63 23 14 11 42 16 40 55 30 46 1 52 48 3 20 15
19 47 50 63 45 11 37 22 2 64 51 5 57 28 56 43 17 24 26 44 7 27 38 1 6 49 36 53 34 59 54 25 9 52 10 23 30 18 16 12 13 3 33 61 31 60 35 21 15 41 20 42 4 62 14 48 55 39 29 40 8 32 46 58
43 6 48 17 3 54 9 57 36 16 53 26 38 7 10 41 34 22 33 56 58 39 5 12 2 59 24 37 20 14 21 8 62 30 28 25 23 42 27 40 15 4 51 46 35 44 50 13 19 47 49 55 60 29 45 18 11 32 52 31 61 1 63 64
6 5 15 45 7 42 62 24 32 14 12 59 2 1 26 35 36 52 49 63 8 21 41 57 58 31 53 56 47 28 23 16 17 46 11 55 60 20 43 25 22 50 64 30 34 38 51 37 48 44 33 3 40 9 54 39 19 27 10 18 4 13 29 61
7 24 16 15 6 5 55 47 20 17 25 29 18 14 61 51 11 36 54 37 9 35 63 34 53 57 19 39 45 1 43 33 60 23 31 58 52 56 13 4 40 44 46 3 10 41 21 64 38 26 42 28 32 12 8 62 27 30 2 50 22 49 48 59
46 38 42 19 31 55 39 60 1 48 44 58 9 45 33 7 16 6 30 10 62 29 17 43 32 40 13 41 52 26 22 20 36 35 63 54 2 37 57 47 11 53 18 5 56 64 14 50 34 61 15 59 51 25 28 4 8 23 21 3 27 12 49 24
22 48 17 27 43 60 3 33 6 47 55 14 4 46 52 56 51 42 53 23 31 11 16 39 57 8 9 35 30 45 36 28 24 13 38 63 19 58 2 37 18 5 12 50 20 25 59 40 21 64 7 41 29 32 34 61 49 1 54 44 10 15 26 62
5 44 63 47 37 24 18 4 39 35 20 13 58 30 1 14 3 45 22 38 23 55 19 64 59 46 31 61 11 2 60 48 57 36 49 56 53 10 54 33 52 28 62 8 51 6 16 12 41 29 43 9 7 34 17 32 15 25 27 42 26 21 40 50
33 37 53 9 17 29 56 36 38 63 15 51 39 3 14 40 8 54 21 11 19 7 22 24 60 61 59 42 26 18 32 5 43 49 47 1 34 12 52 31 58 45 4 62 23 10 46 28 44 30 2 57 48 64 41 50 25 55 35 27 20 6 13 16
58 29 60 52 44 61 47 7 8 13 43 63 31 26 16 33 5 64 12 55 41 28 57 20 35 51 14 38 1 39 3 15 50 4 54 36 17 34 53 30 32 49 10 9 18 59 56 48 62 42 27 37 46 21 2 22 40 45 23 24 19 25 11 6
39 51 10 34 18 43 4 12 53 24 38 9 40 27 55 26 54 28 7 50 59 44 11 52 15 23 2 19 21 63 47 29 61 56 22 62 45 30 49 8 41 32 60 14 37 46 57 25 5 36 16 13 6 58 31 20 3 48 17 35 64 33 42 1
11 28 38 7 14 59 15 37 9 62 57 43 47 41 23 16 56 25 50 19 60 10 52 44 55 33 63 13 8 31 49 4 40 29 51 12 5 64 46 32 1 58 3 34 42 27 22 2 30 48 6 26 61 53 36 35 21 18 45 39 24 17 54 20
63 24 54 29 13 8 12 48 19 9 46 4 30 43 6 5 47 37 25 35 18 62 20 27 26 14 7 11 64 10 17 40 16 50 44 49 36 45 51 53 56 15 39 41 38 22 28 60 57 55 1 52 33 23 21 59 32 34 58 61 2 31 3 42
17 7 55 26 24 2 46 6 14 41 56 44 5 52 60 36 42 35 23 32 3 13 48 33 16 45 34 62 53 30 4 11 31 40 1 18 39 61 25 51 29 21 27 15 8 57 63 38 37 54 64 47 10 50 58 43 20 28 19 59 12 9 22 49
10 11 26 56 16 21 30 25 17 54 5 22 55 6 59 47 43 9 61 39 45 18 31 46 62 37 41 14 7 23 12 63 4 42 19 20 49 60 64 50 33 13 8 27 3 28 1 44 24 34 36 32 57 48 51 29 53 2 40 58 38 52 15 35
49 47 23 37 33 27 61 38 4 6 35 18 21 15 34 58 63 48 32 40 55 1 10 28 3 20 52 57 43 8 16 42 62 60 54 59 7 31 14 56 46 19 5 22 17 50 29 53 64 24 9 25 39 30 11 36 45 12 41 13 51 26 44 2
57 49 2 30 21 26 50 62 52 60 61 45 63 16 54 48 27 56 13 5 40 53 18 25 12 29 11 24 55 51 33 19 46 43 47 38 10 1 41 37 6 20 42 44 58 35 36 23 7 14 31 39 4 3 32 15 9 64 22 8 17 34 59 28
30 5 37 55 29 25 53 18 46 34 13 10 24 20 41 6 12 50 11 45 4 8 51 59 47 42 39 1 38 35 9 14 64 58 48 57 27 62 63 16 21 43 40 26 52 23 33 15 2 56 32 7 28 61 22 54 17 3 60 49 44 19 31 36
54 17 51 39 64 52 24 15 13 32 40 3 23 38 18 28 48 31 59 9 29 42 55 21 20 30 61 43 10 22 14 46 47 53 8 34 62 50 33 36 12 1 41 25 57 11 27 5 58 2 19 60 49 4 44 45 7 63 6 26 56 16 35 37
29 41 56 24 39 14 32 63 35 45 23 54 15 49 58 59 7 19 1 43 22 17 50 6 42 13 25 48 46 12 53 34 9 33 61 30 26 2 40 47 36 51 55 21 27 16 52 20 62 3 60 37 8 38 5 11 4 10 31 57 18 64 28 44
53 60 34 62 55 54 41 49 59 10 8 1 35 57 32 19 28 16 48 42 61 31 4 5 14 47 12 6 25 9 30 21 3 27 50 44 46 13 23 45 7 63 22 24 64 26 20 58 39 17 18 33 11 36 2 38 43 29 15 37 52 40 56 51
44 61 41 58 4 57 63 31 21 33 11 64 10 50 38 39 13 24 40 26 27 16 6 37 30 60 49 29 18 25 8 12 53 62 52 45 56 36 2 1 14 22 15 32 54 43 19 48 42 20 34 9 3 51 35 28 23 7 5 46 59 47 17 55
26 16 58 53 12 50 14 52 48 42 21 17 37 29 22 38 10 41 20 54 15 36 33 51 4 25 30 55 49 23 18 56 13 2 9 3 6 5 32 62 19 35 44 28 7 47 61 27 31 1 63 8 64 43 11 60 24 59 39 34 46 57 45 40
35 54 12 16 11 2 62 63 60 4 24 31 1 21 29 18 32 8 41 20 33 34 19 48 64 23 40 26 7 22 37 58 55 10 38 5 57 51 44 13 3 14 49 39 15 52 43 59 50 6 47 61 36 17 53 42 30 9 46 56 45 28 27 25
14 38 23 60 20 32 36 3 51 56 59 15 62 37 30 24 4 18 58 53 25 63 54 31 21 45 44 16 61 46 50 17 10 19 39 13 35 49 9 28 48 27 41 64 47 33 22 26 1 5 40 43 42 11 6 7 57 52 8 55 29 2 34 12
15 13 24 9 57 41 21 40 26 27 14 25 34 59 7 58 29 62 3 28 6 5 47 19 61 20 38 31 43 10 36 50 35 46 55 60 44 48 39 54 22 42 8 18 30 12 16 11 53 2 32 17 56 45 37 64 52 49 51 23 33 4 1 63
59 52 25 54 49 8 22 15 5 64 20 60 13 53 40 3 36 45 26 12 19 6 41 21 33 14 57 51 31 43 11 37 42 47 27 56 58 39 16 4 34 38 24 9 44 10 1 2 17 50 30 7 32 35 48 62 55 46 28 29 23 63 61 18
12 8 40 61 58 49 28 36 47 46 45 37 56 35 20 9 18 29 52 3 63 50 60 62 22 24 33 2 51 6 16 64 34 48 13 26 11 15 53 30 41 1 10 19 43 21 25 42 7 57 59 32 5 23 4 44 38 39 27 54 31 55 14 17
16 27 36 29 35 43 19 48 49 31 9 12 53 56 39 23 17 15 47 4 22 40 46 20 5 30 62 45 32 2 51 44 24 28 10 42 18 38 54 33 13 3 64 6 59 1 60 37 11 55 57 21 14 63 41 61 7 58 34 8 50 26 25 52
4 12 10 47 2 39 59 51 62 28 64 21 27 30 24 63 6 7 57 15 9 61 17 23 45 38 42 41 56 8 54 1 44 25 33 50 55 37 26 58 49 43 11 46 13 36 29 53 32 34 19 3 52 18 40 16 5 60 20 14 48 35 22 31
46 39 26 27 59 42 37 9 25 19 63 1 44 8 35 16 7 51 53 22 38 4 15 28 36 41 32 10 34 56 52 61 12 50 49 17 21 57 13 64 60 11 23 33 40 14 45 54 47 18 55 29 43 62 20 48 31 24 30 58 5 3 6 2
11 14 48 34 46 60 33 38 63 21 55 62 30 26 27 32 16 40 31 23 44 19 12 53 28 29 9 64 8 13 22 41 54 36 25 51 47 7 58 10 52 45 39 3 24 6 4 61 49 1 37 20 15 42 50 18 35 43 59 57 2 17 5 56
22 40 2 19 48 29 6 10 44 38 12 36 64 54 52 14 53 1 11 24 49 56 16 33 34 31 43 3 30 45 55 27 17 20 63 35 42 18 51 23 61 28 62 8 5 15 39 25 57 32 26 60 7 50 58 47 4 41 37 13 9 59 46 21
57 6 54 58 5 55 29 20 2 44 43 47 16 28 61 36 63 48 22 27 62 52 8 51 18 46 24 1 45 30 40 10 15 17 3 23 7 32 35 12 38 53 19 41 31 37 11 64 21 56 25 13 50 49 34 4 59 42 14 26 39 33 9 60
10 37 41 39 23 40 9 28 42 58 57 22 19 45 12 47 61 26 33 55 7 24 38 52 50 64 15 36 53 4 17 48 60 13 31 54 25 20 18 49 43 32 59 5 46 16 56 6 34 3 1 8 44 30 21 51 29 63 2 35 27 14 11 62
9 48 7 45 3 24 43 47 20 59 29 5 1 39 64 31 8 35 28 37 41 23 22 6 16 57 18 11 15 36 62 63 52 30 60 55 33 56 27 53 44 26 46 61 34 17 21 50 58 14 42 12 13 4 51 40 19 2 38 32 10 49 54 25
63 25 30 40 37 5 51 1 36 12 60 4 21 46 19 6 35 9 50 49 29 48 59 39 55 42 53 43 47 32 31 7 20 15 28 41 57 33 56 26 62 24 14 22 58 11 3 13 38 17 2 54 8 52 45 34 16 27 23 18 61 44 10 64
42 44 50 20 16 21 41 18 37 32 52 13 54 9 45 59 43 12 29 10 56 46 63 34 30 40 36 25 11 57 24 33 38 23 4 14 2 1 49 8 58 5 17 62 15 55 35 28 64 48 60 19 6 26 22 39 27 7 53 47 51 31 3 61
58 50 35 7 47 3 1 6 61 20 56 9 15 17 2 44 54 21 30 51 26 39 43 25 10 59 19 57 64 12 5 16 36 52 22 63 45 46 55 32 40 33 4 31 29 38 28 23 48 37 62 14 27 53 18 11 41 34 42 60 49 8 13 24
40 63 42 21 34 26 53 24 33 37 44 25 55 64 10 7 62 50 49 2 57 3 15 27 4 8 54 39 52 51 23 11 16 43 5 30 32 9 31 1 56 18 6 59 20 22 14 35 41 47 36 46 29 38 28 60 17 61 48 45 19 13 58 12
6 29 3 14 8 51 63 37 19 2 62 24 41 31 56 28 4 53 64 32 23 45 5 59 18 13 7 15 27 26 43 35 1 9 42 57 20 17 52 60 11 22 54 58 38 50 46 12 44 61 33 47 48 34 36 55 25 30 10 39 40 21 49 16
27 57 21 13 64 62 32 4 5 44 25 18 39 7 17 26 11 10 54 50 55 9 60 46 6 33 23 56 1 47 12 28 43 63 53 37 52 14 48 31 42 49 36 34 35 2 41 40 30 24 16 61 45 3 8 38 20 58 29 59 22 19 15 51
7 12 55 60 6 46 59 25 47 34 51 14 22 24 29 33 52 31 15 56 5 35 20 44 26 49 11 58 19 61 32 30 39 21 1 38 23 45 43 40 50 13 3 42 57 27 63 62 53 54 48 28 10 9 17 2 8 36 41 64 4 37 16 18
33 19 17 62 13 59 50 60 51 6 15 29 9 3 55 35 20 42 7 46 4 21 34 41 57 37 5 31 16 63 14 58 64 53 45 1 39 10 12 56 27 44 18 30 23 61 36 38 2 26 47 43 11 24 52 22 32 28 54 49 8 25 48 40
49 11 16 30 31 61 36 53 32 60 38 43 47 34 26 50 13 6 1 63 15 24 37 9 64 7 14 55 59 3 33 2 62 35 8 58 41 28 57 46 29 19 12 48 10 4 51 22 5 23 18 42 39 27 25 52 45 56 21 40 17 54 20 44
55 7 51 52 21 10 17 62 45 64 48 40 23 43 63 39 18 37 32 13 14 27 47 24 5 19 2 22 38 28 53 20 46 56 44 59 26 42 4 25 1 58 15 54 8 41 57 33 50 6 35 11 9 60 31 29 3 16 49 61 12 34 30 36
56 28 58 55 33 27 61 7 60 4 13 26 38 15 16 18 51 8 44 57 25 29 1 12 62 10 35 42 23 59 41 39 50 49 11 2 30 54 46 34 24 17 5 14 37 45 48 9 19 20 31 36 40 43 47 64 53 52 22 3 32 6 21 63
39 59 60 53 43 38 62 33 9 42 61 3 2 14 30 21 47 36 13 44 51 8 28 57 22 6 34 35 37 19 27 29 15 11 17 20 31 23 5 50 32 4 40 56 48 26 52 16 63 10 49 41 64 58 54 7 24 55 45 46 18 12 25 1
17 39 25 24 51 52 49 31 13 9 34 8 11 57 41 56 2 54 23 47 58 43 46 22 3 1 40 37 28 20 62 12 4 29 61 27 36 50 19 7 18 63 42 10 59 15 33 21 45 5 6 53 60 16 14 32 30 48 35 44 38 64 26 55
21 37 5 17 39 33 22 49 42 41 53 64 63 16 23 3 48 46 12 19 59 1 50 10 61 56 13 51 24 7 47 4 31 58 43 34 38 30 18 6 60 15 27 26 45 28 2 14 54 55 20 25 36 57 32 62 11 8 52 29 44 9 40 35
19 40 38 56 12 24 28 22 48 13 64 58 57 9 33 10 34 52 21 30 45 4 11 17 35 25 18 6 20 39 8 46 3 2 51 5 53 60 41 16 62 29 63 50 54 43 59 44 1 36 14 26 49 37 15 42 23 32 7 55 27 47 61 31
34 8 53 16 29 35 9 12 21 31 40 54 13 41 18 48 37 56 59 11 32 10 22 5 33 3 63 26 46 25 19 64 47 4 1 36 62 51 14 17 38 39 2 15 7 23 27 60 24 30 43 52 57 61 55 28 49 45 58 6 42 50 44 20
43 52 12 33 57 14 30 23 37 46 6 63 4 45 38 5 32 28 40 15 8 58 51 31 42 61 41 48 26 35 21 44 53 60 29 62 10 34 25 64 13 20 55 27 17 59 50 19 9 49 7 39 3 11 54 36 47 24 1 18 56 16 22 2
29 32 14 63 17 13 19 52 8 35 23 31 44 59 6 24 56 22 58 3 40 18 57 9 20 64 62 61 39 33 4 15 16 10 5 54 60 26 11 48 49 21 50 36 53 47 25 55 42 41 27 2 46 51 7 45 43 1 12 34 37 38 28 30
12 16 56 61 1 11 27 41 36 33 24 15 31 53 20 34 28 58 46 39 30 13 10 38 32 51 54 29 60 14 7 42 55 45 26 8 19 18 48 49 43 50 22 44 3 25 4 23 47 2 40 9 37 62 5 59 21 64 17 35 52 57 63 6
30 22 16 11 7 57 14 8 44 59 35 2 58 27 34 38 45 25 41 12 37 40 6 64 36 60 1 19 63 31 18 26 13 47 52 23 17 10 5 4 61 51 46 42 24 32 56 20 39 50 21 55 33 48 53 43 28 49 3 54 9 15 29 62
54 21 13 51 45 25 36 11 35 16 46 59 53 50 39 1 7 23 37 40 61 9 38 48 12 10 47 14 55 18 49 2 57 20 42 3 6 31 29 62 58 8 24 5 56 52 43 15 41 44 64 33 4 63 32 30 34 60 19 27 22 28 17 26
2 13 35 12 11 53 55 40 4 17 48 60 62 38 43 41 29 64 32 54 3 23 44 36 45 58 42 16 21 1 24 19 61 34 49 25 28 22 27 46 51 14 33 30 47 5 8 26 15 18 63 7 10 39 9 31 57 59 50 56 20 37 6 52
15 38 34 27 23 8 4 18 46 48 11 12 10 35 40 19 3 41 54 53 31 17 16 7 28 47 24 13 57 61 6 50 52 33 22 42 58 2 55 43 44 64 62 45 30 60 1 59 49 29 9 37 36 21 63 20 32 39 25 26 5 51 14 56
5 41 63 29 14 50 24 57 49 45 17 62 19 6 22 43 12 10 61 26 44 52 7 46 58 33 30 53 48 39 51 34 25 35 3 1 56 38 54 47 32 55 59 21 27 9 60 11 31 64 13 20 42 18 36 15 40 37 23 8 2 4 16 28
59 48 64 26 5 55 21 15 63 56 8 45 27 46 7 47 16 17 52 24 23 11 13 43 14 6 19 38 10 2 60 40 44 62 39 37 29 58 4 36 33 42 49 25 12 1 61 22 30 53 34 57 51 32 18 35 20 3 28 31 50 54 9 41
27 54 55 32 20 40 37 1 53 28 38 17 56 36 58 30 10 51 3 43 62 19 25 60 47 24 61 6 22 8 26 21 5 11 33 18 44 45 57 13 15 35 64 39 46 14 41 16 48 23 59 29 63 7 4 50 9 12 2 42 31 52 34 49
9 26 21 37 4 10 41 53 6 58 13 47 35 29 1 40 61 24 64 22 60 42 8 27 16 38 5 33 25 63 50 20 39 30 56 49 18 15 43 14 3 52 19 62 55 12 11 2 34 54 48 17 28 36 57 44 7 46 51 45 23 32 31 59
47 6 8 13 59 29 32 28 17 38 21 44 40 30 27 26 36 15 22 4 7 61 55 3 53 37 57 2 18 20 11 25 56 9 60 51 35 46 63 33 34 24 23 48 10 16 39 62 5 12 42 41 58 45 52 54 31 43 64 14 19 49 1 50
44 11 42 39 58 5 47 4 20 19 15 1 30 21 24 10 22 6 33 27 64 55 18 37 60 46 49 48 51 28 56 61 36 63 53 12 34 13 31 26 52 45 50 43 2 35 3 38 7 57 62 16 9 17 14 32 41 25 54 23 29 40 59 8
46 51 54 9 44 22 43 24 62 18 59 31 34 7 52 63 17 26 49 39 5 53 4 41 21 1 33 29 20 47 3 30 38 25 50 35 55 36 19 28 6 27 60 10 40 64 45 48 11 58 16 13 14 42 8 61 12 23 15 57 32 2 56 37
4 27 7 30 6 42 25 45 26 12 57 10 1 13 64 35 34 62 20 28 18 16 54 52 15 29 44 53 31 3 9 37 24 19 55 56 61 39 2 58 40 11 14 8 51 22 36 21 38 41 43 59 23 49 48 50 5 32 60 47 33 63 46 17
53 7 41 47 49 11 1 37 61 62 14 51 16 34 35 33 32 18 21 55 4 56 52 38 59 57 25 24 39 26 22 17 60 23 31 2 46 12 40 29 42 50 10 28 5 36 63 54 58 3 6 8 27 9 20 43 45 44 30 13 64 19 48 15
14 19 40 57 48 46 28 3 59 47 34 18 24 49 12 58 20 16 30 45 32 62 63 39 33 42 11 37 23 9 5 8 43 53 25 41 27 7 13 31 56 1 4 22 52 2 21 64 17 61 55 36 15 35 44 51 38 29 10 50 26 6 54 60
10 60 53 40 46 43 63 7 2 27 6 56 64 20 14 41 62 19 1 11 33 36 59 48 50 25 15 61 35 13 23 16 12 28 4 38 32 54 49 51 22 26 8 34 44 37 29 58 57 42 30 3 45 18 31 47 55 9 17 52 39 21 5 24
6 57 25 55 64 50 29 63 14 54 45 22 9 24 32 43 11 35 47 5 27 28 33 20 34 8 23 62 26 4 52 48 40 46 19 44 41 49 53 30 7 3 36 61 13 12 16 37 2 56 1 60 39 51 17 18 15 10 31 58 59 38 21 42
26 12 51 14 3 60 49 47 25 41 52 63 37 8 39 36 5 54 13 46 55 2 19 62 28 7 43 45 1 59 40 29 4 27 38 58 18 9 56 23 11 32 44 33 53 10 35 6 64 50 31 61 57 30 22 15 16 42 48 17 24 34 20 21
16 63 3 21 55 30 6 20 33 10 9 15 38 56 61 48 12 52 59 57 22 35 43 17 2 13 7 51 28 25 34 5 53 29 54 60 23 14 64 8 1 39 46 50 31 45 19 40 62 24 18 11 44 37 47 36 27 49 41 32 4 26 42 58
7 61 17 50 35 41 15 29 4 37 60 9 22 39 6 44 54 31 40 63 14 5 20 24 3 58 2 36 8 34 30 1 42 49 13 45 11 62 52 16 48 18 51 64 23 38 43 33 53 26 47 46 56 57 25 28 19 12 21 59 10 55 27 32
40 60 38 63 11 62 12 49 52 18 53 24 23 64 26 21 28 58 15 30 41 50 17 43 32 20 9 13 16 7 4 14 54 56 8 22 47 57 44 6 27 19 55 59 1 33 46 42 36 37 35 25 5 48 34 31 2 45 39 29 61 3 10 51
49 24 36 16 37 3 33 12 32 4 25 14 47 28 58 31 56 8 7 20 57 44 5 60 26 30 38 55 63 22 54 39 17 21 27 50 34 64 35 1 46 29 11 18 43 41 62 9 19 10 2 42 48 23 51 52 53 61 59 40 45 13 15 6
42 32 58 54 29 26 53 6 39 17 44 36 2 3 19 9 52 25 41 38 15 24 37 59 10 47 14 35 57 51 23 27 50 13 48 63 28 61 16 34 62 4 60 31 18 46 22 5 56 20 33 55 43 21 40 7 12 1 45 64 49 8 11 30
43 17 24 45 8 39 35 33 53 9 62 26 41 61 59 56 6 28 58 37 40 3 25 31 47 19 34 64 38 36 55 15 1 52 10 30 22 23 46 7 49 21 5 14 42 57 48 44 54 18 20 32 4 63 11 2 29 60 12 27 51 50 13 16
33 27 1 19 17 57 30 60 2 62 63 8 44 31 34 23 7 42 29 10 59 39 6 9 61 56 13 26 47 24 41 4 25 36 45 55 58 28 12 54 50 51 64 32 20 21 14 35 37 5 40 53 52 11 15 22 43 18 46 49 38 16 3 48
29 41 22 33 24 52 4 9 21 27 20 58 54 17 10 16 2 36 23 13 38 46 57 6 62 14 31 3 43 56 18 35 64 50 11 34 7 5 1 32 12 63 19 15 47 25 51 55 45 49 60 39 40 26 53 59 8 37 42 61 48 44 30 28
21 14 5 52 33 25 27 22 59 20 51 47 4 53 64 18 13 40 48 2 26 29 34 10 60 23 41 1 24 30 32 11 62 42 28 17 56 9 39 12 44 38 63 54 35 43 50 61 31 36 49 19 46 16 6 45 57 3 7 55 8 15 58 37
58 16 26 62 2 61 47 31 63 38 5 12 21 1 54 7 8 9 28 23 30 4 51 46 22 59 36 19 55 33 49 50 57 34 29 14 53 56 32 10 43 17 39 41 44 60 25 13 15 6 37 3 11 27 18 48 52 24 20 42 40 35 45 64
55 39 37 24 16 8 61 52 62 19 17 5 57 54 41 38 48 7 11 43 45 42 31 28 58 51 23 14 46 12 50 10 20 2 26 27 33 1 64 56 29 13 22 36 34 9 4 25 47 53 63 21 32 3 35 40 30 44 6 60 18 59 49 15
1 59 30 12 31 54 55 38 44 2 56 43 53 50 22 51 35 41 26 32 63 6 18 64 45 3 39 11 48 19 16 28 34 15 5 13 25 20 49 40 42 8 33 46 27 47 60 14 62 29 36 37 7 24 21 4 9 52 58 23 17 57 10 61
39 26 63 7 13 32 14 41 8 48 40 62 11 15 27 24 43 29 31 3 37 34 44 51 20 49 18 16 61 45 36 58 10 23 54 25 52 30 9 53 22 55 2 1 56 28 57 12 21 47 19 17 42 64 4 38 59 46 5 6 50 33 35 60
30 21 14 58 57 13 50 51 5 32 36 54 39 8 40 6 37 17 53 26 49 45 7 34 12 64 35 22 59 43 9 33 42 4 19 18 60 31 11 47 41 28 24 62 48 52 20 15 1 23 56 29 63 61 46 44 55 16 38 3 10 25 27 2
63 19 56 11 7 49 25 62 46 28 48 17 9 26 16 59 3 34 37 35 8 55 4 12 6 60 53 38 30 10 33 41 15 47 51 57 44 54 52 23 58 14 18 21 29 61 2 42 50 1 27 20 13 43 45 32 40 36 22 39 64 31 5 24
56 13 16 60 4 38 19 11 61 6 29 40 58 46 24 50 51 22 3 12 25 10 41 37 53 31 47 42 18 32 7 21 55 48 43 44 45 62 35 17 15 64 23 26 8 5 33 27 54 30 9 57 49 39 63 20 2 59 1 34 52 14 28 36
10 28 2 56 21 53 63 36 6 58 61 37 13 52 35 40 29 45 1 15 19 7 11 57 5 41 12 39 27 18 54 26 46 43 25 22 38 33 31 50 51 20 62 3 23 4 16 55 64 14 32 59 60 42 9 30 34 48 8 44 24 47 17 49
57 7 13 51 18 14 37 25 48 45 38 29 31 39 43 34 10 1 21 27 9 53 50 5 4 61 32 58 19 46 3 44 47 20 60 59 36 12 16 54 24 22 49 56 2 11 8 35 41 64 30 33 6 62 28 42 15 63 52 17 23 55 40 26
15 61 48 20 39 40 6 23 13 56 11 30 54 49 1 5 45 37 33 53 51 36 55 3 64 10 63 31 25 22 21 19 60 62 47 26 17 34 41 4 32 58 27 24 12 14 35 28 44 42 57 43 29 38 7 18 16 9 50 52 46 2 59 8
11 38 12 53 43 42 21 48 45 54 55 22 62 41 2 47 18 19 64 4 6 17 1 33 36 30 24 10 7 9 26 63 61 35 31 3 29 50 51 16 40 49 59 58 57 15 28 5 32 34 14 60 23 52 44 39 27 8 37 46 56 13 25 20
27 40 60 17 1 51 24 4 25 12 5 10 64 37 52 39 54 23 46 50 58 63 38 21 14 42 15 62 34 36 30 7 31 33 53 20 2 49 26 48 18 43 3 45 55 6 59 9 57 44 13 16 8 28 32 22 19 41 29 47 61 35 11 56
22 11 36 34 14 33 51 8 32 16 46 44 18 20 6 1 63 48 50 19 61 27 12 41 35 25 42 56 21 31 24 40 9 45 55 2 30 7 43 49 60 15 17 10 37 59 52 53 39 57 64 47 28 58 38 54 5 23 3 26 29 4 13 62
12 51 10 61 23 62 17 29 26 34 24 3 63 21 30 19 4 56 44 22 11 31 16 27 42 7 1 53 45 13 60 39 35 9 38 50 6 15 58 43 52 5 54 18 46 32 36 64 49 48 55 41 33 25 57 47 28 2 14 8 37 40 20 59
47 48 24 37 45 9 59 6 36 42 23 60 5 64 20 3 62 15 49 56 29 52 8 22 16 40 57 2 32 14 51 30 54 27 63 12 46 26 53 1 38 33 10 34 17 55 19 50 43 13 21 7 58 18 11 35 4 39 25 31 44 28 61 41
34 44 38 54 20 30 15 7 39 60 64 18 22 24 33 50 42 21 12 51 31 62 28 19 57 45 59 13 56 47 53 46 16 10 4 8 55 5 23 6 61 3 40 1 58 27 29 26 36 2 25 14 11 9 35 52 41 43 49 37 32 63 48 17
7 54 53 22 47 29 30 63 49 13 20 31 16 34 14 28 48 12 61 40 27 21 15 62 18 8 2 33 60 57 6 4 50 58 1 23 35 37 46 51 3 19 42 5 64 44 11 38 24 10 59 36 9 17 55 43 45 25 41 56 39 32 26 52
9 6 3 26 13 39 35 20 17 14 51 45 4 61 7 31 53 1 32 47 60 16 5 44 21 29 12 24 10 43 40 2 56 11 27 49 42 64 48 30 33 50 8 22 15 46 63 54 19 58 18 28 37 62 41 36 38 55 23 57 59 52 34 25
17 57 25 28 51 27 62 41 37 47 63 9 34 43 39 23 32 54 20 30 4 1 60 52 59 46 53 36 22 24 11 16 40 19 49 38 10 18 44 45 6 14 15 61 3 50 56 33 42 26 7 2 5 29 58 55 31 64 35 13 48 8 21 12
16 63 50 29 21 59 9 53 47 10 36 51 56 28 38 41 35 24 57 55 32 8 52 7 14 54 44 64 37 30 43 27 12 25 13 60 26 23 40 46 48 42 62 33 5 1 3 6 2 20 34 39 15 11 22 61 49 58 17 45 4 19 31 18
4 22 58 32 12 55 29 49 20 31 43 14 27 59 41 7 11 46 30 54 64 5 47 48 15 19 62 61 21 33 8 35 36 13 42 45 39 17 57 25 34 52 6 44 24 10 1 40 38 37 26 9 3 23 51 28 53 56 60 18 2 16 63 50
59 5 22 15 55 24 32 10 33 46 9 8 23 38 18 44 6 64 47 42 3 35 50 28 20 37 30 1 11 45 14 25 52 60 48 62 49 61 29 19 41 58 12 54 13 36 21 2 34 53 63 26 4 43 17 16 7 27 39 40 51 57 56 31
15 47 17 27 37 10 43 31 19 33 60 36 24 56 61 38 13 53 11 9 45 39 59 6 26 57 35 55 23 63 12 34 5 49 52 54 62 22 25 32 51 18 50 8 40 14 41 44 7 3 1 46 48 16 4 29 28 30 2 64 20 21 58 42
19 41 34 47 16 21 1 51 8 37 53 15 40 57 60 36 20 45 54 35 23 50 22 24 2 33 49 14 55 7 5 17 3 43 56 42 61 28 18 29 46 4 59 25 30 26 27 13 58 12 62 52 64 63 31 48 11 32 10 39 38 9 44 6
58 24 55 57 2 5 46 47 4 41 59 1 15 6 23 51 22 10 48 44 38 18 13 17 53 14 25 16 60 12 56 26 20 28 33 36 19 45 63 37 7 27 39 43 35 64 62 61 9 50 42 11 52 49 40 34 8 29 30 32 31 3 54 21
44 29 51 40 57 22 4 60 52 12 56 59 30 27 17 47 5 18 23 11 33 43 28 25 61 38 7 39 16 6 31 58 24 46 9 55 36 1 19 62 15 13 3 64 53 41 8 37 63 14 48 54 32 35 34 2 21 10 20 50 45 49 42 26
54 17 63 53 44 2 33 37 14 59 6 56 57 7 12 16 8 51 40 24 18 19 55 46 5 23 9 29 64 34 22 42 43 52 3 47 20 38 13 26 27 28 11 41 45 21 4 62 48 36 60 61 10 30 25 31 35 39 1 58 49 50 15 32
6 28 21 9 34 57 49 33 39 64 25 63 55 3 43 24 29 37 7 12 40 2 41 31 58 13 61 22 27 51 52 1 15 17 8 35 23 46 56 10 11 20 54 50 59 38 45 60 53 18 36 42 44 4 47 62 32 48 19 14 5 26 30 16
5 44 48 24 59 43 53 15 62 21 40 64 38 13 19 34 42 35 41 63 61 9 10 60 30 47 39 26 46 3 37 11 4 2 45 58 57 36 55 7 1 8 49 31 51 33 20 25 17 54 16 12 56 32 52 50 23 28 6 29 27 14 22 18
33 60 42 11 64 41 9 22 63 18 17 25 35 31 58 59 2 16 28 4 62 23 54 20 10 51 40 43 45 56 55 12 53 48 50 37 29 14 27 13 52 38 44 32 1 57 3 21 5 24 6 8 39 26 36 15 30 61 7 34 19 47 46 49
55 48 26 58 33 53 56 38 4 60 62 24 44 29 54 39 27 21 57 20 30 18 11 36 12 49 47 35 8 19 50 41 46 15 22 63 5 10 2 31 32 17 42 16 52 37 28 23 1 6 40 13 43 61 45 7 3 64 34 59 9 51 14 25
46 32 56 7 35 26 61 52 42 54 24 2 10 36 27 21 34 62 13 15 8 48 6 43 50 41 38 11 31 23 4 28 1 30 39 60 17 57 44 12 29 51 22 19 18 59 16 58 9 47 14 55 40 3 5 64 20 25 53 49 33 37 45 63
49 54 1 61 31 8 22 3 47 42 44 5 2 16 45 6 43 48 53 40 14 62 20 10 64 56 41 57 63 4 23 50 38 29 11 12 55 58 18 33 13 39 17 27 7 25 59 19 37 30 35 32 46 24 28 51 34 36 21 60 26 15 9 52
40 47 60 19 17 46 62 57 2 48 52 12 21 14 18 30 7 34 29 53 63 58 4 51 3 59 31 6 35 26 56 61 44 50 10 1 42 13 5 25 24 43 33 28 20 23 22 16 41 32 37 9 45 39 15 11 49 27 64 55 8 38 54 36
57 11 2 16 24 14 51 40 44 58 21 13 41 10 1 18 62 23 26 38 49 53 12 34 32 61 19 3 30 59 27 20 55 63 9 17 31 56 25 28 60 29 64 39 43 4 52 22 42 5 47 54 7 36 6 45 15 8 46 37 50 33 35 48
42 24 13 56 3 49 41 12 46 47 9 26 37 50 32 22 52 54 61 43 55 21 57 53 45 20 5 19 48 8 40 14 16 36 4 59 38 39 51 64 58 35 63 30 10 44 33 11 15 1 2 60 27 28 18 34 7 23 25 6 17 31 29 62
2 61 16 20 46 60 21 24 37 34 29 58 1 6 63 5 54 12 52 27 51 11 19 7 4 31 23 45 32 25 41 64 13 47 17 30 35 18 40 8 50 44 10 36 42 43 39 14 56 55 33 59 49 57 53 62 38 9 48 26 22 28 3 15
53 40 64 51 39 3 37 62 5 63 15 47 19 54 35 48 28 41 22 55 57 56 44 52 34 58 36 16 38 46 43 10 25 21 13 26 33 20 23 32 61 1 2 42 31 27 14 12 50 29 59 11 60 7 9 30 45 24 8 18 4 6 49 17
29 26 5 30 8 11 17 18 53 45 23 9 13 1 22 40 4 31 44 50 25 35 33 12 36 64 42 38 19 7 24 21 10 34 61 57 46 2 58 48 62 63 27 14 37 60 51 15 54 41 49 47 28 52 20 16 43 32 3 56 39 59 6 55
43 16 40 17 11 51 39 8 33 28 61 64 58 30 26 10 18 7 50 46 41 6 31 21 22 1 24 37 34 12 36 48 47 62 52 3 49 9 13 29 38 53 23 59 35 15 2 54 45 56 19 20 63 27 14 4 57 55 5 44 32 25 42 60
10 50 14 55 5 61 35 36 21 4 8 62 39 7 16 9 47 64 15 23 22 34 63 17 60 38 43 51 20 6 19 44 57 53 42 41 27 33 32 54 56 26 24 48 12 11 25 59 2 49 31 28 13 45 37 29 52 46 58 3 18 40 1 30
1 57 41 60 29 50 14 23 49 16 45 18 11 38 24 43 63 52 54 13 37 36 34 6 42 33 32 58 56 30 22 8 17 10 28 27 26 12 4 62 40 15 5 46 3 55 48 20 39 44 25 53 51 64 21 7 19 2 35 47 61 9 31 59
39 14 12 34 45 13 59 47 48 41 11 17 9 35 38 26 36 56 1 32 5 52 16 44 62 60 33 42 7 10 31 15 40 4 53 8 19 37 29 6 18 49 55 3 23 22 46 28 21 64 20 25 58 51 63 2 27 43 50 57 24 54 30 61
26 39 37 29 4 62 12 10 45 17 55 21 47 27 40 1 51 36 49 57 60 28 13 59 6 24 14 15 25 34 32 5 35 23 43 54 53 30 46 19 7 18 52 41 58 2 50 48 11 3 9 33 64 42 8 31 16 63 22 61 38 44 56 20
21 41 30 50 58 59 15 9 17 20 48 43 40 39 2 6 16 24 12 5 19 27 1 38 28 54 13 64 51 57 60 29 3 36 33 14 11 62 63 45 49 22 18 25 47 32 35 53 7 10 56 26 23 37 46 55 4 44 52 8 31 34 61 42
12 7 54 63 14 25 50 11 13 10 46 4 53 17 34 22 45 18 32 26 9 8 51 23 30 37 36 35 57 24 5 16 61 58 29 56 62 60 1 49 43 64 40 15 55 28 27 33 47 6 21 39 3 38 48 20 41 42 31 52 44 19 59 2
11 8 50 52 18 5 32 28 19 64 57 60 62 26 10 56 17 29 47 22 15 45 43 24 35 6 9 25 59 33 21 41 12 20 55 44 58 54 39 46 3 27 51 16 34 49 36 40 38 48 42 2 14 53 7 61 31 30 37 13 23 4 63 1
30 52 3 28 1 42 46 7 61 38 64 63 18 24 33 16 37 22 20 51 11 4 17 62 45 14 15 6 53 47 12 35 34 25 26 13 10 36 41 56 27 55 60 19 44 50 29 2 31 23 43 57 9 48 40 39 5 58 54 32 59 49 21 8
63 51 17 22 11 55 24 4 35 33 6 1 16 59 23 2 56 15 30 10 26 7 54 37 5 57 25 53 61 28 52 27 60 9 49 20 45 42 19 50 44 3 39 36 40 47 62 38 64 34 13 43 8 21 58 18 29 41 14 31 48 32 46 12
1 5 38 33 7 27 28 48 26 13 63 37 15 43 52 3 35 17 21 19 58 9 60 36 53 41 23 24 62 39 8 25 20 56 51 50 18 31 16 4 12 45 2 44 46 64 57 6 34 61 32 14 11 49 22 54 47 59 30 42 10 55 29 40
7 27 34 12 43 38 30 45 25 2 20 15 22 13 17 48 10 58 31 42 4 44 37 19 55 46 41 14 47 35 54 33 39 28 63 62 52 23 57 53 6 11 8 64 5 61 56 26 49 36 18 21 32 9 50 60 59 1 29 40 51 3 16 24
53 6 35 62 23 40 4 41 52 14 13 58 27 21 7 39 22 10 46 30 56 55 11 25 61 49 44 36 43 63 3 37 54 19 47 38 2 51 26 34 50 1 12 33 29 45 48 5 32 42 64 16 57 60 20 15 24 18 59 17 9 8 28 31
22 12 1 21 20 41 29 57 6 32 59 45 54 36 60 28 3 19 58 2 38 10 7 5 47 23 49 33 24 4 26 39 50 40 27 34 30 61 43 35 11 53 46 48 17 9 63 55 44 18 62 13 15 51 25 52 8 56 42 64 37 31 14 16
12 22 10 54 8 9 33 49 20 18 40 44 34 56 43 24 28 16 37 47 32 29 41 3 59 25 14 13 1 23 53 17 31 45 60 51 7 64 48 30 58 42 62 21 2 5 19 61 36 26 55 52 4 57 6 50 11 39 38 46 27 63 15 35
9 21 55 32 46 33 12 31 59 4 17 36 23 53 61 44 51 8 3 39 7 40 6 64 57 13 5 62 52 2 34 19 56 63 38 25 22 45 1 37 41 26 15 43 54 11 14 50 24 20 27 42 10 48 35 47 30 29 60 18 49 16 58 28
2 13 25 47 16 35 53 63 14 19 12 51 24 15 22 59 61 48 1 9 18 5 20 39 58 3 31 43 37 32 6 26 57 33 56 49 44 17 54 8 42 21 27 28 64 10 41 11 62 50 30 29 52 7 55 40 4 60 45 23 46 38 34 36
47 63 22 37 1 10 25 53 9 59 43 29 30 61 55 5 32 23 7 56 31 19 15 27 20 45 40 57 18 51 14 42 24 49 3 36 60 38 4 16 13 33 64 26 48 6 50 62 41 12 34 8 46 58 54 11 35 52 17 39 2 28 44 21
34 17 23 27 4 24 63 33 8 46 5 59 64 29 26 18 7 41 11 44 3 61 52 9 12 51 19 48 20 31 49 56 62 50 25 47 39 15 14 58 43 32 10 30 38 60 21 13 1 2 57 36 37 55 53 42 40 16 28 54 22 35 45 6
43 59 12 57 24 11 47 15 32 21 25 31 56 37 19 30 4 62 41 54 27 18 38 28 2 42 7 29 39 14 16 48 53 35 8 22 6 20 55 51 34 52 63 61 13 46 60 23 58 1 49 17 33 36 44 64 9 3 10 45 5 26 40 50
17 28 58 15 39 53 1 38 48 31 60 56 4 3 59 32 47 26 22 45 29 16 8 33 18 10 57 11 51 13 9 46 36 62 50 42 20 34 27 43 24 64 19 54 30 52 2 35 5 41 55 7 6 25 21 44 23 37 12 61 40 14 49 63
16 38 14 51 29 32 49 25 53 48 8 3 31 34 12 41 6 28 64 35 63 24 4 57 33 40 59 22 15 26 11 10 52 21 54 1 61 18 23 13 62 44 42 27 20 55 46 9 17 37 7 60 45 30 47 43 2 36 39 58 19 50 5 56
10 25 7 9 64 52 14 37 36 56 38 8 2 16 54 47 20 34 12 26 57 63 55 22 21 19 33 39 62 18 51 1 15 29 5 41 30 32 53 40 61 13 23 42 45 28 43 58 50 24 6 11 60 27 31 59 3 46 49 35 44 4 17 48
27 48 13 33 14 54 6 51 21 16 34 24 41 31 56 38 52 45 59 3 40 50 57 46 15 29 11 10 25 43 62 20 12 53 22 44 55 26 49 30 60 18 36 32 7 23 39 64 19 58 63 61 5 42 9 28 17 2 8 47 4 37 35 1
56 11 30 7 31 8 27 6 49 37 61 13 35 1 39 51 18 46 47 53 64 17 12 3 10 58 38 55 23 9 33 4 43 34 45 14 62 50 2 28 15 5 40 24 59 41 25 16 63 54 36 19 44 29 57 48 21 42 60 26 20 52 22 32
59 44 36 20 35 46 19 29 63 34 48 5 38 28 41 21 45 18 40 30 60 58 22 10 50 1 42 26 37 3 47 8 61 13 4 23 56 2 31 7 27 39 54 14 24 16 11 12 53 57 62 52 49 64 32 51 43 9 17 6 33 15 25 55
26 7 24 30 2 21 51 3 6 27 53 54 19 57 16 34 13 31 48 50 41 23 47 62 36 60 63 45 61 20 12 44 10 42 11 25 5 49 58 17 22 15 14 39 8 35 1 28 43 32 64 46 29 37 4 40 59 55 38 52 56 33 9 18
54 19 16 55 49 30 9 52 61 10 44 62 63 14 58 23 3 29 33 24 31 48 25 53 64 20 34 56 28 8 60 11 5 17 39 38 7 1 32 37 46 4 6 59 18 43 22 21 2 13 15 12 40 45 36 35 47 27 42 57 50 51 26 41
6 14 5 60 58 57 41 10 9 28 23 12 40 50 64 7 8 21 37 42 3 11 1 20 62 25 35 2 48 19 52 34 46 4 44 30 36 22 18 47 29 49 24 31 56 38 61 27 39 53 26 33 51 16 17 32 55 43 15 13 45 63 54 59
29 63 40 34 7 51 43 18 25 58 52 26 13 10 30 1 16 37 20 5 32 42 60 12 4 47 54 61 59 45 3 2 9 15 19 35 41 46 56 64 33 24 11 50 53 27 62 22 21 49 31 55 36 39 14 38 57 28 6 23 8 44 48 17
58 26 63 54 12 60 59 22 13 6 55 2 62 64 18 43 29 9 21 47 38 46 41 23 3 61 25 1 7 56 32 50 34 48 31 8 52 5 35 10 49 17 4 33 57 36 51 14 42 30 16 28 27 53 37 45 20 24 19 44 39 40 11 15
21 54 64 58 17 39 24 12 5 45 9 47 44 27 6 36 34 15 49 37 8 31 19 7 60 33 43 16 11 22 41 40 38 30 56 63 25 62 57 26 18 29 52 46 10 1 4 20 48 55 32 2 28 35 51 50 53 23 59 14 61 13 3 42
19 17 37 63 47 26 15 24 45 12 29 4 11 56 1 10 36 35 53 43 62 2 18 27 32 3 13 51 57 46 5 25 44 52 55 20 23 39 41 49 40 38 50 8 31 33 59 61 54 14 21 16 7 34 28 22 9 30 48 60 64 6 42 58
33 16 2 52 45 9 39 47 17 54 36 10 55 20 40 38 62 12 32 56 26 43 59 25 14 24 30 31 53 7 6 21 13 23 60 27 46 28 5 35 3 63 22 44 51 4 29 19 57 50 18 42 15 11 48 61 41 8 58 64 37 34 1 49
4 32 21 11 23 61 50 49 26 63 57 14 1 6 20 9 27 36 31 19 30 53 28 24 42 37 39 33 22 25 18 5 56 47 13 58 60 12 46 8 7 51 17 62 44 64 16 40 41 48 2 43 52 38 15 55 34 10 45 3 29 59 54 35
54 57 25 16 8 29 37 36 2 18 15 3 39 7 33 26 17 53 50 46 6 28 31 41 22 38 32 58 24 12 30 14 4 60 63 49 10 13 51 48 1 19 44 34 55 9 35 59 11 61 42 21 43 62 5 52 45 64 20 56 23 47 27 40
42 41 60 26 43 35 17 20 46 62 11 18 57 30 34 33 54 51 3 23 19 4 10 9 59 7 24 37 63 6 49 64 16 27 8 36 53 58 44 14 56 22 5 21 12 50 28 48 38 29 25 13 39 52 45 47 32 61 1 40 31 55 15 2
57 50 53 45 3 62 56 7 4 38 63 21 10 54 32 24 35 16 58 13 49 39 43 37 26 8 15 11 64 23 19 28 31 20 48 51 44 30 12 36 52 42 33 22 1 2 27 55 47 5 40 9 14 61 17 34 29 59 41 46 18 25 6 60
5 61 41 40 16 2 22 63 8 56 24 44 53 38 35 47 48 64 29 9 14 11 15 39 36 59 62 26 34 10 23 58 60 43 3 50 31 33 13 25 32 27 55 45 37 49 20 6 7 54 19 57 4 28 18 30 12 1 52 42 46 21 17 51
55 60 7 50 33 41 21 8 35 4 46 15 47 49 52 36 12 17 61 51 9 40 37 64 34 31 18 19 22 45 43 42 25 10 39 2 28 1 27 53 38 14 62 48 58 6 57 54 44 26 20 59 23 24 63 11 16 56 5 29 32 3 13 30
6 29 23 60 44 24 33 28 39 20 21 8 58 15 10 31 61 36 30 55 7 5 46 51 4 64 2 42 52 19 53 56 1 45 27 57 38 22 63 12 11 43 18 16 34 32 3 37 50 41 14 47 13 26 25 35 40 48 54 17 59 9 49 62
46 27 10 37 18 52 28 23 20 19 62 54 21 16 24 3 43 53 26 57 51 48 33 59 55 14 36 39 8 32 22 11 42 60 25 5 29 9 40 31 12 1 15 30 2 47 63 50 34 56 13 7 58 17 41 4 35 44 64 6 38 49 45 61
27 22 26 12 5 33 55 53 44 32 34 51 15 8 14 50 10 24 23 20 4 29 7 31 21 45 39 25 19 3 16 17 47 46 28 13 2 57 11 62 1 49 63 54 40 61 56 64 9 42 43 41 37 18 6 60 38 58 30 59 52 35 48 36
4 39 21 28 51 38 30 62 14 42 45 56 34 36 27 40 7 8 13 2 25 63 17 33 22 23 47 64 1 12 9 15 54 11 29 26 61 37 48 50 41 20 59 10 43 5 60 44 58 18 6 32 57 3 46 31 19 52 53 55 49 16 35 24
47 21 16 24 20 14 6 41 36 31 59 60 9 17 2 58 32 19 46 10 22 44 51 5 15 56 35 13 30 18 11 12 39 25 42 55 27 38 43 23 48 8 3 61 7 57 45 33 62 37 1 53 64 49 40 29 28 63 50 54 26 4 34 52
56 13 36 53 59 54 50 40 33 41 38 9 63 3 23 7 5 10 57 49 18 62 44 43 16 19 1 35 32 8 14 61 20 17 26 34 6 12 29 4 58 28 51 64 47 15 22 25 45 2 30 39 11 21 55 42 27 60 46 37 24 52 31 48
39 40 42 47 34 22 61 4 19 46 56 31 57 43 63 23 28 51 15 27 55 1 13 21 53 54 9 48 10 30 36 35 50 2 17 62 45 60 26 16 6 58 49 25 64 44 52 11 37 24 59 12 33 32 8 20 7 3 14 18 5 38 29 41
63 38 55 21 11 43 35 48 37 59 57 29 54 26 45 1 53 7 44 15 27 61 5 52 28 30 23 24 18 56 50 41 46 49 33 47 42 64 16 58 51 22 60 3 17 10 19 13 39 12 36 20 6 4 14 62 31 32 25 34 9 2 40 8
34 57 60 17 49 27 32 6 52 16 64 13 1 53 54 44 56 23 30 28 5 50 20 48 58 42 61 38 47 59 51 29 40 4 9 45 26 46 39 19 7 55 12 43 18 14 33 62 36 10 35 25 3 63 11 15 24 41 37 8 2 31 22 21
57 6 48 62 55 10 28 31 59 64 40 1 39 24 38 21 2 7 53 32 37 9 19 44 60 13 30 43 35 14 34 33 5 58 47 56 17 23 54 45 46 3 8 18 52 50 41 15 49 12 27 29 51 61 36 16 11 25 22 42 4 63 26 20
11 48 24 29 64 3 22 45 32 33 21 59 19 46 39 2 37 6 13 63 58 4 5 51 47 41 44 15 35 34 31 28 25 40 43 30 18 17 52 60 49 50 27 42 8 9 36 16 1 57 20 26 14 62 38 54 53 23 7 56 10 55 61 12
15 5 30 61 35 49 37 23 48 60 25 26 53 59 32 24 63 54 44 40 56 46 4 20 64 7 34 62 28 31 21 16 9 33 10 50 39 13 12 19 42 22 18 41 38 2 11 27 36 55 43 8 3 58 52 45 57 1 29 47 17 51 14 6
19 32 35 11 4 10 43 37 62 21 63 14 24 30 33 9 17 41 20 42 23 8 12 3 28 49 18 29 38 6 54 5 13 34 61 45 60 50 25 58 40 51 55 15 56 64 39 22 48 1 47 36 46 26 53 7 52 44 2 31 27 57 59 16
55 28 40 16 44 30 9 7 2 13 24 36 37 61 60 18 11 52 3 19 15 58 22 38 42 29 32 62 25 23 4 27 12 48 53 47 20 10 56 31 34 33 46 39 57 41 43 26 5 49 35 17 8 63 51 54 45 64 21 14 50 59 6 1
40 52 2 26 7 5 27 22 8 12 61 21 23 29 45 19 54 16 49 4 33 17 28 48 20 30 25 24 47 13 31 37 3 43 9 35 41 32 51 6 46 18 10 42 53 38 1 62 11 44 34 14 56 36 57 64 55 59 15 60 39 50 58 63
14 19 38 50 5 40 29 12 32 16 46 37 13 6 10 35 42 21 54 28 30 27 25 52 3 41 23 45 34 7 4 20 24 47 31 2 22 58 39 33 51 53 36 43 55 59 8 9 57 64 15 26 60 17 11 62 49 18 1 61 48 44 63 56
17 14 64 20 24 46 25 15 9 45 5 22 40 21 41 28 12 1 29 11 7 39 50 19 30 6 13 36 56 2 18 26 55 4 10 57 58 33 16 8 49 43 54 34 42 23 62 48 53 3 63 61 27 35 38 59 52 37 31 32 51 47 44 60
42 48 5 27 49 50 21 10 4 9 12 25 58 28 35 16 53 17 37 23 29 18 11 6 33 8 43 51 31 59 30 34 47 63 61 54 36 62 13 60 7 19 2 22 44 1 3 38 64 32 56 14 39 24 52 55 20 46 41 57 45 15 26 40
12 60 41 54 31 29 17 20 39 28 55 3 18 13 6 32 27 9 33 22 14 7 10 38 2 59 11 16 57 46 21 8 56 58 4 37 49 30 44 25 15 35 64 62 1 52 61 19 63 5 26 36 43 53 47 48 34 24 45 50 23 40 42 51
30 25 34 56 23 8 33 36 35 2 60 24 38 7 20 51 4 29 21 9 15 61 6 12 18 40 63 10 64 26 62 41 17 49 50 5 53 28 14 1 13 55 27 32 3 22 57 59 47 58 19 43 48 39 45 52 11 16 42 46 44 37 54 31
21 29 14 19 46 11 32 8 37 18 17 2 56 50 38 6 3 48 12 13 23 10 16 9 47 20 41 58 63 4 43 7 1 27 5 49 33 64 54 34 44 24 62 15 59 60 51 55 42 53 25 57 52 45 28 36 30 61 22 39 31 26 40 35
2 12 22 55 14 49 41 33 20 6 8 4 10 34 54 5 16 35 11 3 19 28 47 24 64 25 7 57 62 63 26 30 15 13 1 51 18 46 9 53 61 45 60 59 17 43 21 58 39 48 42 29 23 52 36 38 31 56 37 44 40 32 27 50
49 47 13 21 39 3 62 11 25 17 48 5 35 41 18 59 8 12 58 32 9 55 63 46 6 10 38 15 7 22 51 1 4 50 19 42 44 34 57 14 60 64 23 31 52 26 33 53 56 61 36 20 40 27 54 16 24 43 2 45 29 28 30 37
9 11 12 30 33 27 19 28 26 37 15 18 44 24 17 41 36 58 59 51 63 3 57 7 10 1 14 61 43 56 8 64 16 53 38 60 39 54 55 62 52 5 6 21 23 45 4 35 2 47 40 46 13 42 34 50 29 48 20 49 22 31 25 32
16 6 55 7 43 39 14 49 13 48 23 29 47 46 57 44 63 54 41 26 5 42 1 64 61 58 62 38 59 9 60 2 52 10 51 12 31 20 53 56 22 11 4 28 24 35 50 21 19 34 33 37 36 3 18 32 17 45 8 40 27 25 15 30
5 8 48 40 57 25 46 38 49 58 11 43 39 61 34 33 35 45 7 63 6 53 52 28 62 64 31 1 27 24 55 14 60 30 47 59 10 17 18 51 56 13 44 26 54 21 20 15 41 36 37 3 32 50 4 22 12 42 29 23 9 19 16 2
10 57 7 17 12 42 39 51 59 63 64 45 62 14 43 26 56 34 1 40 27 21 55 22 58 60 61 33 24 20 49 4 53 15 54 13 19 23 35 46 50 52 11 3 48 36 2 16 44 30 31 8 28 38 37 47 32 41 6 29 18 9 5 25
29 59 25 45 8 43 55 18 52 60 62 63 30 31 1 34 61 41 64 15 11 16 38 57 12 47 54 6 20 51 53 40 44 56 22 58 17 5 23 48 3 42 33 50 46 37 28 14 24 10 27 21 9 7 32 39 4 36 49 35 19 2 13 26
26 52 37 32 11 55 47 48 63 33 6 62 27 39 64 1 22 23 61 54 51 19 8 36 59 57 24 2 53 43 50 58 31 35 44 56 60 45 49 12 42 14 5 46 13 4 41 40 38 29 16 25 7 18 9 30 15 10 28 34 20 3 17 21
58 50 63 9 3 51 53 57 62 47 36 64 54 1 30 43 2 37 48 55 59 45 31 44 60 38 49 56 18 10 19 29 46 33 11 20 42 61 52 40 32 27 24 41 12 28 35 23 15 14 7 13 6 4 5 34 8 39 25 26 17 21 22 16
1 38 54 62 58 61 56 63 45 10 40 44 41 59 55 47 48 64 52 57 37 36 34 60 14 51 15 53 23 35 24 50 42 29 43 22 26 49 46 32 33 39 12 27 18 11 16 2 7 6 21 9 4 25 31 28 5 30 19 17 8 13 3 20
54 61 51 29 64 57 63 25 46 62 44 59 1 26 56 30 43 52 31 39 58 6 60 53 50 37 42 55 38 47 34 48 35 40 33 41 7 15 4 36 18 21 22 24 45 16 27 5 17 20 9 19 49 28 14 2 23 32 3 13 10 8 11 12
59 63 53 58 1 60 30 62 61 64 57 12 55 37 52 48 51 46 47 24 56 34 43 41 35 31 44 22 39 25 54 33 40 42 49 36 11 26 32 45 29 4 50 18 38 27 19 20 21 23 13 17 10 16 7 15 3 28 5 8 2 14 9 6
63 41 60 61 55 62 35 52 44 59 51 1 64 53 58 56 37 22 50 46 49 31 54 34 57 42 40 43 48 33 23 16 36 20 45 38 28 39 19 29 24 32 17 14 30 10 25 12 26 13 2 11 5 9 15 18 47 27 7 3 4 6 21 8
