1754 1374 1304 1132 908 821 740 366 300 308 198 186 183 103 89 59 54 38 20 18 12 10 6 4 4 3 2 1 1 1 1
1 6 5 3 4 7 2
5 4 1 7 3 2 6
7 2 6 5 4 3 1
3 5 7 6 1 2 4
1 3 4 2 6 7 5
4 7 5 1 2 6 3
5 4 2 6 7 1 3
6 4 3 7 1 5 2
3 5 4 1 2 7 6
2 6 1 5 4 3 7
7 3 2 4 6 1 5
3 5 7 2 1 6 4
4 2 3 1 7 5 6
6 3 7 4 2 5 1
6 5 3 4 7 1 2
3 2 4 7 5 6 1
7 1 2 5 6 3 4
7 6 5 2 4 1 3
3 5 4 1 2 6 7
7 6 4 1 2 5 3
3 5 4 2 7 6 1
7 3 2 1 5 6 4
7 6 1 5 2 3 4
3 1 4 5 7 6 2
5 3 1 4 7 6 2
7 6 1 5 4 3 2
3 6 4 2 7 5 1
3 2 1 5 7 6 4
3 6 2 4 7 5 1
7 3 1 4 5 6 2
4 2 3 5 7 6 1
