0.11738570103938638 0.11480790473103954 0.09169925272173096 0.11965750398570342 0.06394477060235766 0.06284348357757583 0.002501105893506619 0.06063783000746397 0.02661588712356874 0.029871033799034948 0.0510133217519679 0.05032438849408211 0.03288059563201878 0.03066646105293228 0.033308312235084125 0.02913395363330377 0.018775479432251965 0.016803989142942222 0.012628668573105647 0.011642602485866627 0.0070473020889778104 0.00624709591862846 0.004948969199689788 0.004614386877780407
1 5 4 7 2 6 3
3 4 6 5 1 7 2
4 3 7 1 5 2 6
2 1 5 3 4 6 7
6 7 2 4 3 1 5
7 2 3 6 4 5 1
5 6 1 2 7 3 4
1 5 2 4 6 7 3
2 5 3 6 1 4 7
5 7 4 1 6 2 3
4 3 1 5 7 6 2
7 6 4 1 3 2 5
3 7 2 5 1 6 4
1 5 3 4 7 2 6
5 4 7 6 2 1 3
1 7 4 2 5 3 6
3 5 1 4 2 6 7
4 5 6 2 1 7 3
2 5 7 1 3 6 4
5 3 6 4 1 7 2
2 6 1 3 5 7 4
4 1 2 6 7 3 5
1 4 2 3 5 6 7
3 6 1 7 4 5 2
