0.20411254524775357 0.11074582178124247 0.10213578744096895 0.09802387132227086 0.05729007832621664 0.0564232084638164 0.03729029852833617 0.02173378389989239 0.050682080510382976 0.03909771748762339 0.03517170315594031 0.03527711900216363 0.03611693069707481 0.033253291681397096 0.02838516962724583 0.014924385782804299 0.013762910764957219 0.008074462304284482 0.007671435495705496 0.006145038672893661 0.0036823598070295
1 4 6 2 5 3 7
4 6 2 5 1 7 3
7 3 1 4 2 6 5
5 7 3 2 6 4 1
6 2 5 3 7 1 4
3 1 4 6 5 2 7
2 3 7 1 4 5 6
6 5 1 7 3 4 2
6 7 5 4 1 2 3
1 6 7 5 3 2 4
5 6 4 7 2 1 3
4 5 3 2 1 6 7
6 3 2 5 4 1 7
7 2 1 3 5 4 6
2 4 6 1 5 7 3
1 3 5 2 6 4 7
4 3 7 6 2 5 1
3 1 2 7 5 6 4
5 1 6 2 3 7 4
1 6 7 3 4 5 2
3 4 1 2 7 5 6
