0.20018895823284877 0.12916219431613193 0.13352297706328412 0.09051488482014697 0.05026957025719346 0.054702832920922706 0.04459279003192173 0.040082569104160484 0.05535257475141506 0.005778655285525445 0.02568011944255588 0.00482799267157233 0.03490145961964873 0.01847778181257033 0.027087751388528276 0.018431561198496794 0.016023193003966374 0.010774767190097479 0.009537095318849461 0.010861429795326857 0.010527967757068529 0.004477288445099039 0.004223585572669027
3 2 6 4 7 5 1
7 3 5 1 4 2 6
5 7 4 3 6 1 2
4 1 2 6 5 3 7
6 4 1 2 3 7 5
2 5 3 7 1 4 6
4 3 7 5 6 2 1
2 6 1 4 5 3 7
3 1 6 2 4 7 5
1 3 5 7 2 6 4
4 2 3 5 1 7 6
6 7 5 2 4 1 3
6 3 4 7 5 2 1
7 2 1 4 6 3 5
2 7 5 4 3 1 6
7 3 1 6 4 5 2
1 4 5 3 6 2 7
4 3 5 2 1 6 7
6 7 2 5 4 3 1
4 7 1 2 5 3 6
4 3 2 5 6 1 7
7 6 5 3 2 4 1
4 1 6 7 5 3 2
